240,-280,80,240.732132,-276.953644,80.68116
280,-220,80,280.731354,-216.955048,80.6819916
305,-235,42,305.731445,-231.953171,42.6818962
160,-260,200,160.7444,-258.930481,200.667725
200,-220,200,200.744415,-218.930466,200.667709
229,-229,157,229.744568,-227.929932,157.667542
138,-221,355,138.93428,-220.498199,355.356537
160,-220,300,160.93428,-219.498474,300.356537
140,-240,300,140.93428,-239.498474,300.356537
160,-220,300,160.888412,-219.178741,300.459045
176,-225,259,176.887787,-224.178436,259.460236
140,-240,300,140.887772,-239.178757,300.460266
176,-225,259,176.95549,-223.992081,259.295013
200,-220,200,200.95546,-218.991898,200.29509
160,-260,200,160.954498,-258.991882,200.298126
229,-229,157,229.864532,-226.75975,157.502563
280,-220,80,280.863647,-217.758408,80.5040894
240,-280,80,240.863602,-277.758392,80.5041656
320,-300,-40,320.864105,-298.065613,-39.4966888
305,-235,42,305.863678,-233.063828,42.5040436
360,-220,-40,360.863647,-218.065582,-39.4959068
238,-295,20,238.551956,-293.781677,20.8338718
305,-235,42,305.563995,-233.782455,42.8257675
320,-300,-40,320.560974,-298.784729,-39.1721687
-320,-300,-40,-320.566986,-298.784821,-39.1762733
-305,-235,42,-305.566956,-233.782501,42.8237457
-238,-295,20,-238.566956,-293.78183,20.8237267
-360,-220,-40,-360.866608,-218.065582,-39.5010109
-305,-235,42,-305.866638,-233.063828,42.4989357
-320,-300,-40,-320.866486,-298.065643,-39.500824
-240,-280,80,-240.866501,-277.758423,80.4991608
-280,-220,80,-280.866547,-217.758438,80.4990921
-229,-229,157,-229.858368,-226.759811,157.513031
-160,-260,200,-160.950409,-258.991821,200.310989
-200,-220,200,-200.950348,-218.991837,200.311188
-176,-225,259,-176.950333,-223.99202,259.311218
-140,-240,300,-140.886383,-239.178772,300.462952
-176,-225,259,-176.886398,-224.178452,259.462921
-160,-220,300,-160.886047,-219.178772,300.463593
-140,-240,300,-140.936264,-239.498489,300.351288
-160,-220,300,-160.936172,-219.498505,300.351501
-138,-221,355,-138.936157,-220.498245,355.351501
-229,-229,157,-229.752441,-227.929932,157.658646
-200,-220,200,-200.752411,-218.930466,200.658661
-160,-260,200,-160.752396,-258.930481,200.658661
-305,-235,42,-305.733154,-231.953125,42.6800613
-280,-220,80,-280.733246,-216.955017,80.6799622
-240,-280,80,-240.732529,-276.953644,80.6807327
-192,-340,-490,-192.38266,-338.146362,-490.923889
-160,-260,-570,-160.388901,-258.144745,-570.921265
-256,-308,-490,-256.38266,-306.146332,-490.923889
-160,-260,-570,-160.560974,-256.2966,-570.82782
-288,-244,-490,-288.563507,-240.291168,-490.826111
-256,-308,-490,-256.556915,-304.294678,-490.830566
-192,-340,-490,-192.338531,-338.970978,-490.940948
-80,-340,-530,-80.3336716,-338.974487,-530.942688
-160,-260,-570,-160.333328,-258.972565,-570.94281
-160,-260,-570,-160.544891,-257.2341,-570.838501
-160,-100,-610,-160.5448,-97.2401733,-610.838562
-288,-244,-490,-288.5448,-241.222351,-490.838531
160,-260,-610,160.709183,-257.155853,-610.705017
256,-308,-490,256.694763,-305.158508,-490.719238
288,-244,-490,288.693909,-241.155624,-490.720062
-80,-200,-790,-80.9316559,-185.274185,-790.363281
-160,-100,-610,-160.933151,-85.2543106,-610.359375
-160,-260,-570,-160.930115,-245.240662,-570.367188
288,-244,-490,288.827728,-241.788757,-490.561127
256,-308,-490,256.82785,-305.788788,-490.560944
320,-300,-400,320.831238,-297.793549,-400.555878
360,-220,-400,360.827728,-217.793533,-400.561127
288,-244,-490,288.827728,-241.788757,-490.561127
320,-300,-400,320.831238,-297.793549,-400.555878
256,-308,-130,256.829193,-304.591705,-129.44104
360,-220,-220,360.833221,-216.596451,-219.447083
320,-300,-220,320.829193,-296.596466,-219.44104
256,-308,-130,256.829193,-304.591705,-129.44104
288,-244,-130,288.831268,-240.59166,-129.444138
360,-220,-220,360.833221,-216.596451,-219.447083
256,-308,-130,256.828308,-306.773346,-130.560272
360,-220,-40,360.836334,-218.778168,-40.5481911
288,-244,-130,288.831268,-242.7733,-130.555847
256,-308,-130,256.828308,-306.773346,-130.560272
320,-300,-40,320.83432,-298.778107,-40.5512314
360,-220,-40,360.836334,-218.778168,-40.5481911
256,-308,-310,256.833252,-305.083984,-309.447113
360,-220,-400,360.833252,-217.08873,-399.447113
320,-300,-400,320.83136,-297.088715,-399.444275
256,-308,-310,256.833252,-305.083984,-309.447113
288,-244,-310,288.831482,-241.083939,-309.444458
360,-220,-400,360.833252,-217.08873,-399.447113
256,-308,-310,256.828308,-306.281067,-310.560272
360,-220,-220,360.827728,-218.285812,-220.561127
288,-244,-310,288.831268,-242.281021,-310.555847
256,-308,-310,256.828308,-306.281067,-310.560272
320,-300,-220,320.827209,-298.285828,-220.56189
360,-220,-220,360.827728,-218.285812,-220.561127
-288,-244,-310,-288.837219,-242.281189,-310.546814
-360,-220,-220,-360.83725,-218.285889,-220.546814
-256,-308,-310,-256.83725,-306.281128,-310.546783
-360,-220,-220,-360.83725,-218.285889,-220.546814
-320,-300,-220,-320.83725,-298.285919,-220.546799
-256,-308,-310,-256.83725,-306.281128,-310.546783
-320,-300,-400,-320.837219,-297.088867,-399.453156
-360,-220,-400,-360.837311,-217.088837,-399.453278
-256,-308,-310,-256.83725,-305.084045,-309.453186
-360,-220,-400,-360.837311,-217.088837,-399.453278
-288,-244,-310,-288.83725,-241.084061,-309.453186
-256,-308,-310,-256.83725,-305.084045,-309.453186
-288,-244,-130,-288.837341,-242.773392,-130.546677
-360,-220,-40,-360.838257,-218.778244,-40.5452156
-256,-308,-130,-256.83725,-306.773407,-130.546783
-360,-220,-40,-360.838257,-218.778244,-40.5452156
-320,-300,-40,-320.838257,-298.778259,-40.5452118
-256,-308,-130,-256.83725,-306.773407,-130.546783
-320,-300,-220,-320.837219,-296.596558,-219.45314
-360,-220,-220,-360.837311,-216.596527,-219.453278
-256,-308,-130,-256.837219,-304.591766,-129.45314
-360,-220,-220,-360.837311,-216.596527,-219.453278
-288,-244,-130,-288.83725,-240.591782,-129.453186
-256,-308,-130,-256.837219,-304.591766,-129.45314
-320,-300,-400,-320.83725,-297.79364,-400.546814
-256,-308,-490,-256.83725,-305.788849,-490.546783
-288,-244,-490,-288.837219,-241.78891,-490.546814
-320,-300,-400,-320.83725,-297.79364,-400.546814
-288,-244,-490,-288.837219,-241.78891,-490.546814
-360,-220,-400,-360.83725,-217.79361,-400.546814
100,-1473,-1763,100.999847,-1472.01306,-1763.0127
40,-1553,-1783,40.999855,-1552.01514,-1783.0127
40,-1553,-1623,40.999855,-1552.01514,-1623.0127
100,-1473,-1763,100.999847,-1472.01306,-1763.0127
40,-1553,-1623,40.999855,-1552.01514,-1623.0127
100,-1473,-1643,100.999847,-1472.01306,-1643.0127
40,-1553,-1623,40.5521469,-1552.08093,-1623.83374
159,-1553,-1544,159.55191,-1552.08167,-1544.83386
100,-1473,-1643,100.540154,-1472.08105,-1643.84155
100,-1473,-1763,100.552147,-1470.80615,-1762.16626
159,-1553,-1862,159.552109,-1550.80676,-1861.16626
40,-1553,-1783,40.5465851,-1550.80603,-1782.1626
-212,80,-1915,-212.92218,149.14975,-1915.38672
-254,108,-1815,-254.920441,177.192993,-1815.39087
-266,80,-1785,-266.922394,149.225906,-1785.38623
-266,80,-1622,-266.930115,148.005585,-1621.63281
-254,108,-1592,-254.928345,176.057755,-1591.6283
-212,80,-1491,-212.930237,148.081345,-1490.63306
-254,247,-1815,-254.735214,251.917725,-1815.67773
-212,447,-1915,-212.749374,451.896423,-1915.66211
-318,291,-1756,-318.749481,295.916382,-1756.66199
-254,247,-1592,-254.736542,254.909485,-1591.32361
-318,291,-1651,-318.749573,298.911194,-1650.33813
-212,447,-1491,-212.749619,454.927551,-1490.33813
-266,80,-1785,-266.20047,81.5274811,-1785.97961
-254,108,-1815,-254.200821,109.528908,-1815.97949
-380,100,-1783,-380.181122,101.52565,-1783.9834
-380,100,-1623,-380.185272,101.029411,-1622.01733
-254,108,-1592,-254.180237,109.029686,-1591.01648
-266,80,-1622,-266.190979,81.0300217,-1621.01843
-212,40,-1915,-212.681213,45.7579498,-1915.73206
-112,-173,-1957,-112.689171,-167.244446,-1957.72449
-53,-129,-2022,-53.6692619,-123.250778,-2022.74292
112,-173,-1957,112.702354,-166.71994,-1957.71179
212,207,-1915,212.706299,213.253494,-1915.70789
53,-129,-2022,53.7061577,-122.74086,-2022.70801
-53,-109,-1385,-53.6700554,-104.639648,-1384.25769
-112,-153,-1450,-112.669228,-148.633118,-1449.25696
-212,40,-1491,-212.679123,44.3575859,-1490.26599
-80,-300,-1323,-80.9728394,-280.856079,-1322.76855
-112,-292,-1450,-112.972931,-272.861389,-1449.76892
-80,-200,-1303,-80.9728394,-180.881271,-1302.76855
80,-200,-1303,80.9708557,-180.880005,-1302.76038
112,-292,-1450,112.970695,-272.860748,-1449.75977
80,-300,-1323,80.9706955,-280.854797,-1322.75977
-440,-1553,-1783,-440.999023,-1552.00806,-1783.04297
-560,-1393,-1883,-560.999023,-1392.00403,-1883.04297
-560,-1393,-1703,-560.999023,-1392.00403,-1703.04297
-440,-1553,-1623,-440.999023,-1552.00806,-1623.04297
-440,-1553,-1783,-440.999023,-1552.00806,-1783.04297
-560,-1393,-1703,-560.999023,-1392.00403,-1703.04297
-560,-1393,-1523,-560.999023,-1392.00403,-1523.04297
-440,-1553,-1623,-440.999023,-1552.00806,-1623.04297
-560,-1393,-1703,-560.999023,-1392.00403,-1703.04297
-340,-1473,-1823,-340.042267,-1471.31238,-1823.99902
-460,-1393,-1883,-460.042267,-1391.31042,-1883.99902
-560,-1393,-1883,-560.042969,-1391.31042,-1883.99902
-340,-1473,-1823,-339.937561,-1471.82556,-1823.99805
-560,-1393,-1883,-559.937561,-1391.82068,-1883.99805
-440,-1553,-1783,-439.939514,-1551.82312,-1783.99817
-208,-1553,-1743,-207.834808,-1551.89819,-1743.98621
-340,-1473,-1823,-339.835236,-1471.896,-1823.98633
-440,-1553,-1783,-439.846893,-1551.89844,-1783.98816
-560,-1393,-1523,-560.042969,-1391.04651,-1522.00098
-460,-1393,-1523,-460.042267,-1391.04651,-1522.00098
-340,-1473,-1583,-340.042267,-1471.04846,-1582.00098
-440,-1553,-1623,-439.939514,-1550.5741,-1622.00183
-560,-1393,-1523,-559.937561,-1390.57166,-1522.00195
-340,-1473,-1583,-339.937561,-1470.57654,-1582.00195
-440,-1553,-1623,-439.841949,-1552.13416,-1622.01257
-340,-1473,-1583,-339.835236,-1472.13196,-1582.01367
-208,-1553,-1663,-207.841934,-1552.13416,-1662.01257
-243,-1473,-1842,-243.93013,-1471.71851,-1842.36719
-208,-1553,-1743,-208.930115,-1551.72058,-1743.36719
-159,-1553,-1862,-159.930145,-1551.71924,-1862.36719
-212,-1473,-1915,-212.917923,-1471.23364,-1915.39648
-243,-1473,-1842,-243.918182,-1471.23486,-1842.39612
-159,-1553,-1862,-159.918045,-1551.23547,-1862.39636
-243,-1473,-1565,-243.920181,-1471.25024,-1564.60852
-212,-1473,-1491,-212.922348,-1471.25024,-1490.61365
-159,-1553,-1544,-159.926086,-1551.25293,-1543.62305
-243,-1473,-1565,-243.930145,-1472.53589,-1564.63281
-159,-1553,-1544,-159.930328,-1552.53516,-1543.6333
-208,-1553,-1663,-208.930283,-1552.53516,-1662.63318
-243,-1353,-1565,-243.764679,-1343.96436,-1564.35559
-300,-1273,-1623,-300.749908,-1263.97388,-1622.3385
-212,-993,-1491,-212.764771,-983.944946,-1490.35571
-300,-1273,-1783,-300.768768,-1253.56287,-1783.63953
-243,-1353,-1842,-243.772614,-1333.57532,-1842.63477
-212,-993,-1915,-212.768845,-973.56958,-1915.6394
159,-1553,-1544,159.920074,-1551.1665,-1543.6084
212,-1473,-1491,212.920074,-1471.16431,-1490.6084
247,-1473,-1574,247.920013,-1471.16541,-1573.6084
100,-1473,-1643,100.417198,-1472.45386,-1643.90881
159,-1553,-1544,159.409134,-1552.45471,-1544.91235
247,-1473,-1574,247.409378,-1472.45264,-1574.91235
247,-1473,-1832,247.920151,-1471.85938,-1832.39148
212,-1473,-1915,212.915024,-1471.8584,-1915.40332
159,-1553,-1862,159.920105,-1551.86047,-1862.3916
247,-1473,-1832,247.409378,-1471.80688,-1831.08765
159,-1553,-1862,159.409119,-1551.80872,-1861.08752
100,-1473,-1763,100.417198,-1471.80811,-1762.09119
-212,-1473,-1491,-212.382385,-1472.46704,-1490.07605
0,-1473,-1403,-0.391795993,-1472.46765,-1402.07996
0,-1553,-1478,-0.391058952,-1552.4679,-1477.07971
-212,-1473,-1491,-212.382385,-1472.46704,-1490.07605
0,-1553,-1478,-0.391058952,-1552.4679,-1477.07971
-159,-1553,-1544,-159.388855,-1552.46753,-1543.07874
0,-1473,-2003,-0.377160221,-1472.19043,-2003.92615
-212,-1473,-1915,-212.388809,-1472.18994,-1915.92126
-159,-1553,-1862,-159.38884,-1552.19019,-1862.92126
0,-1473,-2003,-0.377160221,-1472.19043,-2003.92615
-159,-1553,-1862,-159.38884,-1552.19019,-1862.92126
0,-1553,-1928,-0.391058952,-1552.1908,-1928.92029
0,-1473,-2003,0.37379083,-1472.19043,-2003.92749
0,-1553,-1928,0.372106165,-1552.1908,-1928.9281
159,-1553,-1862,159.38884,-1552.19019,-1862.92126
212,-1473,-1915,212.388809,-1472.18994,-1915.92126
0,-1473,-2003,0.37379083,-1472.19043,-2003.92749
159,-1553,-1862,159.38884,-1552.19019,-1862.92126
0,-1473,-1403,0.371989429,-1472.46777,-1402.07178
212,-1473,-1491,212.382385,-1472.46704,-1490.07605
159,-1553,-1544,159.383362,-1552.46741,-1543.07642
0,-1553,-1478,0.383989275,-1552.4679,-1477.07678
0,-1473,-1403,0.371989429,-1472.46777,-1402.07178
159,-1553,-1544,159.383362,-1552.46741,-1543.07642
-340,-340,-2783,-340.71106,-337.520081,-2782.29688
-380,-340,-2823,-380.71106,-337.520081,-2822.29688
-380,-220,-2783,-380.712006,-217.514709,-2782.29785
-217,-1210,-3144,-217.960464,-1207.78809,-3143.72168
-270,-1113,-3083,-270.958405,-1110.78748,-3082.71484
-216,-1113,-2899,-216.960831,-1110.7915,-2898.7229
-285,-1015,-3113,-285.042267,-1012.54669,-3113.99902
-380,-1015,-3113,-380.042267,-1012.54669,-3113.99902
-380,-1113,-3083,-380.042267,-1110.55139,-3083.99902
-270,-1113,-3083,-270.042267,-1110.55139,-3083.99902
-285,-1015,-3113,-285.042267,-1012.54669,-3113.99902
-380,-1113,-3083,-380.042267,-1110.55139,-3083.99902
-285,-1015,-3113,-285.754425,-1012.29694,-3113.65625
-270,-1113,-3083,-270.764435,-1110.29846,-3083.64453
-217,-1113,-3144,-217.764481,-1110.29919,-3144.64453
-217,-1113,-3144,-217.75943,-1108.84204,-3144.65039
-190,-1015,-3223,-190.768448,-1010.84204,-3223.63965
-285,-1015,-3113,-285.768524,-1010.84528,-3113.63965
-160,-1113,-3210,-160.768539,-1108.84045,-3210.63965
-190,-1015,-3223,-190.768448,-1010.84204,-3223.63965
-217,-1113,-3144,-217.75943,-1108.84204,-3144.65039
-190,-1015,-3223,-190.999069,-1012.5127,-3223.04297
-160,-1113,-3210,-160.999069,-1110.51709,-3210.04297
-160,-1113,-3465,-160.999069,-1110.51709,-3465.04297
-190,-1015,-3223,-190.999069,-1012.5127,-3223.04297
-160,-1113,-3465,-160.999069,-1110.51709,-3465.04297
-190,-1015,-3443,-190.999069,-1012.5127,-3443.04297
-270,-1113,-3593,-270.750214,-1109.43567,-3592.33887
-298,-1015,-3568,-298.76535,-1011.43048,-3567.35645
-160,-1113,-3465,-160.754745,-1109.43945,-3464.34399
-298,-1015,-3568,-298.759796,-1011.19037,-3567.34985
-190,-1015,-3443,-190.754944,-1011.19208,-3442.34424
-160,-1113,-3465,-160.76535,-1109.19104,-3464.35645
95,-918,-2763,95.0402298,-908.639771,-2762.00098
190,-1015,-2783,190.040298,-1005.63,-2782.00098
-100,-1113,-2783,-99.9575729,-1103.62781,-2782.00098
190,-1015,-3663,189.955826,-1012.57056,-3663.99902
95,-918,-3683,94.9558182,-915.571228,-3683.99902
0,-1015,-3663,-0.043009311,-1012.57056,-3663.99902
190,-800,-2783,190.624741,-798.126282,-2782.21924
270,-918,-2906,270.631165,-916.124268,-2905.22437
95,-918,-2763,95.6232376,-916.120789,-2762.21802
285,-918,-3553,285.561005,-914.454163,-3553.82764
190,-800,-3663,190.57608,-796.45105,-3663.81738
95,-918,-3683,95.5531006,-914.450134,-3683.83301
380,-993,-3303,380.980835,-987.500977,-3302.80518
380,-953,-3263,380.981079,-947.500854,-3262.8064
400,-918,-3333,400.980774,-912.510071,-3332.80493
380,-993,-3303,380.999023,-990.760681,-3302.95605
400,-918,-3333,400.999023,-915.758179,-3332.95605
380,-1015,-3443,380.999054,-1012.75861,-3442.95654
270,-918,-2906,270.754486,-913.628479,-2905.34375
190,-800,-2783,190.754425,-795.644592,-2782.34375
380,-800,-3003,380.754425,-795.635742,-3002.34375
-420,-1015,-3283,-420.835175,-1012.22882,-3282.4502
-420,-995,-3263,-420.836548,-992.228638,-3262.45215
-380,-1015,-3223,-380.826172,-1012.22882,-3222.43677
-380,-1015,-3443,-380.711975,-1013.21271,-3443.70215
-420,-995,-3423,-420.711975,-993.212891,-3423.7019
-420,-1015,-3403,-420.711975,-1013.21271,-3403.70215
-542,-993,-2881,-542.833313,-989.812317,-2881.55273
-380,-1113,-3083,-380.826294,-1109.80798,-3083.56323
-380,-1015,-3113,-380.826294,-1011.80914,-3113.56323
-380,-1113,-3083,-380.826782,-1112.65295,-3083.5625
-542,-1093,-2881,-542.833252,-1092.64648,-2881.55273
-529,-1113,-2866,-529.833191,-1112.64624,-2866.55273
-450,-1113,-2775,-449.938538,-1112.04919,-2774.00195
-436,-1093,-2761,-435.924438,-1092.04895,-2760.00293
-340,-1113,-2783,-339.956665,-1112.05164,-2782.00098
-964,320,-1767,-963.000977,325.130615,-1767.04297
-945,440,-1773,-944.000977,445.137878,-1773.04297
-945,440,-1883,-944.000977,445.137878,-1883.04297
-964,320,-1871,-963.000977,325.130615,-1871.04297
-964,320,-1767,-963.000977,325.130615,-1767.04297
-945,440,-1883,-944.000977,445.137878,-1883.04297
-1440,80,-1963,-1440.71204,80.6024628,-1963.70203
-1440,100,-1983,-1440.71582,100.602486,-1983.69824
-1460,100,-1963,-1460.71497,100.602486,-1963.6991
-1440,80,-1963,-1440.71204,80.6024628,-1963.70203
-1420,80,-1983,-1420.71497,80.6024628,-1983.6991
-1440,100,-1983,-1440.71582,100.602486,-1983.69824
-1260,100,-1963,-1259.3009,101.659332,-1963.71497
-1280,100,-1983,-1279.3009,101.659332,-1983.71497
-1280,80,-1963,-1279.3009,81.6593094,-1963.71497
-945,80,-1783,-944.300842,80.7744598,-1783.71497
-925,100,-1783,-924.299744,100.77459,-1783.71387
-945,100,-1803,-944.300842,100.77449,-1803.71497
-945,80,-1783,-944.300842,80.7744598,-1783.71497
-925,80,-1763,-924.299988,80.7744598,-1763.71411
-925,100,-1783,-924.299744,100.77459,-1783.71387
-925,100,-1623,-924.301758,101.72477,-1622.28418
-945,80,-1623,-944.300781,81.7247467,-1622.28516
-945,100,-1603,-944.301758,101.72477,-1602.28418
-925,100,-1623,-924.301758,101.72477,-1622.28418
-925,80,-1643,-924.300354,81.7249603,-1642.28552
-945,80,-1623,-944.300781,81.7247467,-1622.28516
-1100,520,-1418,-1099.29785,522.572327,-1417.28809
-1225,440,-1323,-1224.30176,442.567139,-1322.28418
-1175,520,-1343,-1174.30176,522.572327,-1342.28418
-1175,520,-1343,-1174.21021,524.185059,-1342.38672
-1225,440,-1323,-1224.21021,444.187103,-1322.38672
-1285,440,-1243,-1284.20422,444.183411,-1242.39453
-1045,440,-1343,-1044.30188,443.455627,-1342.28406
-945,440,-1443,-944.301758,443.455627,-1442.28418
-964,320,-1454,-963.301758,323.45578,-1453.28418
-1058,320,-1359,-1057.28516,323.266418,-1358.30078
-1045,440,-1343,-1044.30078,443.274353,-1342.28516
-964,320,-1454,-963.28418,323.271484,-1453.30176
-1193,320,-1344,-1192.90137,325.533386,-1343.00488
-1225,440,-1323,-1224.8833,445.526306,-1322.00684
-1045,440,-1343,-1044.90137,445.512634,-1342.00488
-1058,320,-1359,-1057.8916,325.524841,-1358.00598
-1193,320,-1344,-1192.90137,325.533386,-1343.00488
-1045,440,-1343,-1044.90137,445.512634,-1342.00488
-964,320,-1662,-963.017395,323.738678,-1662.18555
-925,440,-1663,-924.018311,443.739014,-1663.19043
-945,440,-1773,-944.017395,443.742218,-1773.18555
-964,320,-1767,-963.000977,325.130615,-1767.04297
-964,320,-1662,-963.000977,325.130615,-1662.04297
-945,440,-1773,-944.000977,445.137878,-1773.04297
-964,320,-1558,-963.015625,328.176392,-1557.82397
-945,440,-1553,-944.018311,448.169678,-1552.80957
-925,440,-1663,-924.017395,448.168182,-1662.81433
-964,320,-1662,-963.000977,323.980255,-1662.04297
-964,320,-1558,-963.000977,323.980255,-1558.04297
-925,440,-1663,-924.000977,443.97995,-1663.04297
-964,320,-1454,-963.000977,325.130615,-1454.04297
-945,440,-1443,-944.000977,445.137878,-1443.04297
-945,440,-1553,-944.000977,445.137878,-1553.04297
-964,320,-1558,-963.000977,325.130615,-1558.04297
-964,320,-1454,-963.000977,325.130615,-1454.04297
-945,440,-1553,-944.000977,445.137878,-1553.04297
-945,440,-1883,-944.298035,443.042603,-1883.71216
-1025,440,-1963,-1024.30005,443.042236,-1963.71411
-1039,320,-1947,-1038.30139,323.042389,-1947.71545
-964,320,-1871,-963.287292,326.673553,-1871.70142
-945,440,-1883,-944.285339,446.683472,-1883.69946
-1039,320,-1947,-1038.28528,326.671509,-1947.69934
-985,200,-1843,-984.284424,202.567474,-1843.69849
-964,320,-1871,-963.282715,322.560944,-1871.69678
-1039,320,-1947,-1038.28528,322.559631,-1947.69934
-985,200,-1843,-984.299377,204.924545,-1843.7135
-1039,320,-1947,-1038.30005,324.916779,-1947.71411
-1065,200,-1923,-1064.30042,204.924332,-1923.71448
-1305,320,-1947,-1305.04297,324.847137,-1947.99902
-1305,440,-1963,-1305.04297,444.837952,-1963.99902
-1445,440,-1963,-1445.04297,444.837952,-1963.99902
-1438,320,-1947,-1438.04297,324.847137,-1947.99902
-1305,320,-1947,-1305.04297,324.847137,-1947.99902
-1445,440,-1963,-1445.04297,444.837952,-1963.99902
-1305,320,-1947,-1305.29492,326.104767,-1947.95544
-1172,320,-1987,-1172.29785,326.110535,-1987.95459
-1305,440,-1963,-1305.29199,446.108826,-1963.9563
-1039,320,-1947,-1038.86719,327.952576,-1947.99109
-1025,440,-1963,-1024.8678,447.951416,-1963.99121
-1165,440,-1983,-1164.86719,447.943115,-1983.99109
-1165,200,-1963,-1165.29199,204.80835,-1963.9563
-1172,320,-1987,-1172.29492,324.803497,-1987.95544
-1305,320,-1947,-1305.30786,324.807068,-1947.95129
-1065,200,-1923,-1064.71582,205.26442,-1923.95874
-1039,320,-1947,-1038.71655,325.256287,-1947.95898
-1172,320,-1987,-1171.71741,325.252319,-1987.95923
-1165,200,-1963,-1164.63574,207.394867,-1963.93127
-1065,200,-1923,-1064.63574,207.398636,-1923.93127
-1172,320,-1987,-1171.63135,327.3927,-1987.92957
-1545,440,-1923,-1545.71582,447.171143,-1923.698
-1625,440,-1843,-1625.71582,447.171143,-1843.698
-1606,320,-1831,-1606.71582,327.166656,-1831.69788
-1531,320,-1907,-1531.71497,328.572327,-1907.6991
-1545,440,-1923,-1545.71582,448.581299,-1923.69788
-1606,320,-1831,-1606.71582,328.569519,-1831.69824
-1625,440,-1683,-1625.9823,443.973297,-1683.18713
-1665,440,-1483,-1665.98132,443.95575,-1483.19202
-1646,320,-1492,-1646.98132,323.968201,-1492.19226
-1606,320,-1681,-1606.97839,323.519501,-1681.20667
-1625,440,-1683,-1625.97937,443.515076,-1683.20166
-1646,320,-1492,-1646.97839,323.517944,-1492.20667
-1606,320,-1831,-1606.99902,327.63559,-1831.04297
-1625,440,-1843,-1625.99902,447.642853,-1843.04297
-1625,440,-1683,-1625.99902,447.642853,-1683.04297
-1606,320,-1681,-1606.99902,327.63559,-1681.04297
-1606,320,-1831,-1606.99902,327.63559,-1831.04297
-1625,440,-1683,-1625.99902,447.642853,-1683.04297
-1565,440,-1343,-1565.58606,446.091125,-1342.18982
-1425,440,-1243,-1425.57239,446.101959,-1242.18005
-1419,320,-1264,-1419.58643,326.111755,-1263.19006
-1646,320,-1492,-1646.81873,325.699463,-1491.4259
-1665,440,-1483,-1665.81873,445.698669,-1482.4259
-1565,440,-1343,-1565.81909,445.684326,-1342.42639
-1545,200,-1363,-1545.71484,203.938095,-1362.30078
-1573,320,-1338,-1573.71582,323.936676,-1337.30176
-1425,200,-1243,-1425.71594,203.937881,-1242.30188
-1545,200,-1363,-1545.9054,201.716934,-1362.57544
-1646,320,-1492,-1646.90503,321.722412,-1491.57471
-1573,320,-1338,-1573.90515,321.716248,-1337.57495
-1286,320,-1264,-1285.35352,328.835846,-1263.23718
-1285,440,-1243,-1284.35938,448.825043,-1242.23218
-1193,320,-1344,-1192.35352,328.850098,-1343.23718
-1419,320,-1264,-1419.04297,324.447601,-1263.00098
-1425,440,-1243,-1425.04297,444.453857,-1242.00098
-1285,440,-1243,-1285.04297,444.453857,-1242.00098
-1286,320,-1264,-1286.04297,324.447601,-1263.00098
-1419,320,-1264,-1419.04297,324.447601,-1263.00098
-1285,440,-1243,-1285.04297,444.453857,-1242.00098
-1545,440,-1923,-1545.41113,444.355835,-1923.9115
-1531,320,-1907,-1531.40234,324.358032,-1907.91541
-1438,320,-1947,-1438.40247,324.365356,-1947.91541
-1445,440,-1963,-1445.37695,449.595764,-1963.92615
-1545,440,-1923,-1545.3728,449.600861,-1923.92786
-1438,320,-1947,-1438.37695,329.601135,-1947.92615
-964,320,-1767,-963.000977,327.375275,-1767.04297
-964,320,-1871,-963.000977,327.375275,-1871.04297
-985,200,-1843,-984.000977,207.369019,-1843.04297
1610,-40,-1294,1610.71484,70.6115646,-1293.30078
1664,40,-1348,1664.71399,150.536926,-1347.29993
1720,40,-1405,1720.71106,150.529709,-1404.29688
1579,40,-1546,1578.86719,40.9448509,-1546.99109
1536,140,-1589,1535.86719,140.941788,-1589.99109
1494,120,-1574,1493.86719,120.942688,-1574.99109
1494,120,-1574,1493.00488,122.543587,-1574.09814
1480,140,-1532,1479.00671,142.542969,-1532.11523
1522,40,-1490,1521.00488,42.5405159,-1490.09851
1494,120,-1574,1493.04883,120.681046,-1574.30859
1522,40,-1490,1521.04968,40.6801758,-1490.31116
1536,40,-1532,1535.05078,40.6801758,-1532.31458
1579,40,-1546,1578.69104,41.8167839,-1546.95105
1494,120,-1574,1493.68506,121.815887,-1574.9491
1536,40,-1532,1535.67676,41.8176689,-1532.94629
1579,40,-1546,1578.93762,43.3277626,-1546.99805
1607,160,-1603,1606.92358,163.328506,-1603.99707
1536,140,-1589,1535.92358,143.327057,-1589.99707
1536,140,-1589,1535.95593,142.549606,-1589.99902
1607,160,-1603,1606.95593,162.550858,-1603.99902
1564,320,-1701,1563.95508,322.548065,-1701.9989
1536,140,-1589,1536.76331,142.329895,-1589.646
1564,320,-1701,1564.77258,322.328949,-1701.63477
1428,160,-1738,1428.77319,162.331161,-1738.63416
1480,140,-1532,1479.00293,142.134232,-1532.07593
1466,160,-1461,1465.00195,162.137192,-1461.06152
1522,40,-1490,1521.00195,42.1313133,-1490.06116
1480,140,-1532,1479.36523,141.153503,-1531.22742
1330,160,-1640,1329.36572,161.15506,-1639.22693
1368,320,-1505,1367.36584,321.163116,-1504.22681
1480,140,-1532,1479.00098,141.252838,-1532.04297
1368,320,-1505,1367.00098,321.252472,-1505.04358
1466,160,-1461,1465.00098,161.25386,-1461.04297
1579,-80,-1546,1578.29797,-77.0592041,-1546.71204
1536,40,-1532,1535.3009,42.9386101,-1532.71497
1522,-80,-1490,1521.3009,-77.0547791,-1490.71497
1286,20,-1989,1286.04248,34.1191559,-1989.99902
1457,400,-2003,1457.03906,414.044495,-2003.99915
1225,190,-2003,1225.04285,204.104111,-2003.99902
1286,20,-1989,1285.05164,23.4107056,-1989.31702
1225,190,-2003,1224.05273,193.402313,-2003.32031
1230,80,-1895,1229.05347,83.4047928,-1895.32251
1286,20,-1989,1285.00098,20.9124069,-1988.95605
1230,80,-1895,1229.00098,80.9137344,-1894.95593
1388,-80,-1770,1387.00085,-79.0844574,-1769.95898
965,-320,-1643,964.621094,-318.65976,-1642.07458
965,-300,-1623,964.621094,-298.659821,-1622.07458
1065,-320,-1603,1064.62109,-318.65976,-1602.07458
1065,-80,-1843,1064.53235,-64.2600327,-1843.88391
965,-160,-1783,964.53125,-144.253021,-1783.8833
1065,-300,-1823,1064.51953,-284.300537,-1823.87695
1065,-80,-1843,1065.20593,-69.7905426,-1843.97852
1065,-300,-1823,1065.22266,-289.78244,-1823.97485
1185,-320,-1794,1185.21387,-309.768005,-1794.97681
965,-160,-1623,964.47168,-153.921341,-1622.151
1065,-80,-1543,1064.47241,-73.9214478,-1542.15051
1065,-320,-1603,1064.49634,-313.92984,-1602.13611
1065,80,-1663,1064.00195,88.4966736,-1663.06226
1079,20,-1797,1078.00195,28.5153179,-1797.06238
1065,190,-1843,1064.00195,198.502655,-1843.06201
1317,-160,-1841,1316.11572,-140.644409,-1840.53308
1240,-300,-2003,1239.1145,-280.638092,-2002.5354
1225,-80,-2003,1224.11572,-60.6427841,-2002.53308
1173,80,-1839,1172.75488,84.8072052,-1839.96948
1065,190,-1843,1064.75488,194.809006,-1843.96948
1079,20,-1797,1078.73633,24.8067856,-1797.9646
1494,-380,-1518,1494.69739,-377.803864,-1517.28333
1522,-320,-1490,1522.69678,-317.802795,-1489.28271
1579,-320,-1546,1579.6969,-317.805115,-1545.28284
1494,-380,-1518,1494.69678,-378.866028,-1517.28271
1579,-320,-1546,1579.69678,-318.864899,-1545.28271
1550,-380,-1574,1550.6969,-378.866028,-1573.28284
1280,-300,-2061,1279.05347,-298.96106,-2061.32251
1280,-320,-2003,1279.05249,-318.960846,-2003.3197
1300,-320,-2061,1299.05347,-318.96106,-2061.32251
1465,-320,-2003,1465.81372,-318.590027,-2003.58105
1480,-300,-2003,1480.81897,-298.589691,-2003.57373
1440,-300,-2061,1440.81873,-298.589691,-2061.57397
1420,-320,-2061,1420.78052,-318.631622,-2061.625
1465,-320,-2003,1465.78052,-318.632019,-2003.625
1440,-300,-2061,1440.78442,-298.631439,-2061.62012
1240,-300,-2003,1239.2262,-287.02005,-2003.63342
1280,-200,-2061,1279.22571,-187.033463,-2061.63281
1225,-80,-2003,1224.22302,-67.0221481,-2003.62952
1298,-80,-1681,1298.1073,-79.6235199,-1681.99414
1173,80,-1839,1173.11572,80.3758392,-1839.99316
1079,20,-1797,1079.11523,20.3760071,-1797.99329
1593,-440,-1532,1592.28333,-385.397552,-1531.30261
1494,-440,-1631,1493.29297,-385.397552,-1630.29285
1550,-380,-1574,1549.28442,-325.378662,-1573.30151
1494,-380,-1518,1494.69653,-284.965393,-1518.71741
1437,-440,-1574,1437.69836,-344.984283,-1574.7157
1536,-440,-1475,1536.6969,-344.984283,-1475.71716
-1011,-855,-3303,-1010.00098,-840.357056,-3303.04297
-1000,-695,-3343,-999.000977,-680.325439,-3343.04297
-1011,-855,-3343,-1010.00098,-840.357056,-3343.04297
-1011,-855,-3383,-1010.00098,-840.357056,-3383.04297
-1011,-855,-3343,-1010.00098,-840.357056,-3343.04297
-1000,-695,-3343,-999.000977,-680.325439,-3343.04297
-1435,80,-3043,-1435.93616,81.4022293,-3042.64844
-1460,105,-3043,-1460.93652,106.402267,-3042.64941
-1440,100,-3003,-1440.93616,101.401352,-3002.64844
-1420,80,-3003,-1420.93616,81.4013367,-3002.64844
-1435,80,-3043,-1435.93616,81.4022293,-3042.64844
-1440,100,-3003,-1440.93616,101.401352,-3002.64844
-1280,100,-3003,-1279.06799,101.255348,-3002.6377
-1260,105,-3043,-1259.06311,106.256447,-3042.65039
-1285,80,-3043,-1284.06799,81.2563171,-3042.6377
-1280,100,-3003,-1279.06799,101.255348,-3002.6377
-1285,80,-3043,-1284.06799,81.2563171,-3042.6377
-1300,80,-3003,-1299.06311,81.2554245,-3002.65039
60,-340,-4600,60.9475937,-338.527679,-4600.31934
104,-314,-4544,104.948563,-312.526703,-4544.31641
80,-320,-4600,80.9455795,-318.527771,-4600.3252
-78,-340,-4518,-78.9778976,-338.866913,-4518.20898
-60,-340,-4600,-60.9769592,-338.86676,-4600.21338
-80,-320,-4600,-80.9769592,-318.86676,-4600.21338
162,-320,-4520,162.295685,-318.79306,-4520.95508
104,-314,-4544,104.29583,-312.791779,-4544.95508
167,-340,-4500,167.292572,-338.793579,-4500.95605
-104,-314,-4544,-104.317223,-312.791779,-4544.94824
-162,-320,-4520,-162.302094,-318.79306,-4520.95312
-167,-340,-4500,-167.317169,-338.793579,-4500.94824
-841,-1093,-2676,-841.479553,-1080.5553,-2676.87744
-803,-973,-2708,-803.479492,-960.57019,-2708.87744
-854,-873,-2691,-854.466797,-860.571838,-2691.88428
-671,-873,-2479,-670.210144,-863.801331,-2478.38672
-646,-973,-2527,-645.210144,-963.780212,-2526.38672
-684,-1093,-2494,-683.210144,-1083.75989,-2493.38672
-671,-1113,-2479,-670.62677,-1111.47559,-2479.92773
-684,-1093,-2494,-683.631653,-1091.47534,-2494.92969
-712,-1113,-2496,-711.62616,-1111.47498,-2496.92749
-841,-1093,-2676,-840.029297,-1090.22034,-2676.24023
-854,-1113,-2691,-853.030029,-1110.21985,-2691.24316
-843,-1113,-2647,-842.029053,-1110.22083,-2647.23926
-632,-1113,-2618,-631.143799,-1111.29187,-2617.4834
-684,-1093,-2494,-683.14679,-1091.28906,-2493.47852
-619,-1093,-2603,-618.14978,-1091.29199,-2602.47363
-724,-1093,-2724,-724.377319,-1092.30042,-2724.92603
-841,-1093,-2676,-841.377441,-1092.30176,-2676.92603
-711,-1113,-2709,-711.389038,-1112.30029,-2709.92114
-803,-973,-2708,-803.377075,-964.780701,-2708.92603
-841,-1093,-2676,-841.388733,-1084.77124,-2676.92114
-724,-1093,-2724,-724.377869,-1084.78479,-2724.92578
-619,-1093,-2603,-618.135132,-1084.68054,-2602.49805
-684,-1093,-2494,-683.143799,-1084.68054,-2493.4834
-646,-973,-2527,-645.138,-964.672913,-2526.49316
1160,-1193,-2863,1160.63879,-1188.19263,-2863.76929
1290,-1193,-2753,1290.63281,-1188.19922,-2753.77417
1180,-1173,-2853,1180.63879,-1168.19275,-2853.76929
1040,-1193,-1903,1039.33984,-1190.12207,-1902.2489
910,-1193,-2013,909.353516,-1190.12781,-2012.23718
1020,-1173,-1913,1019.34711,-1170.1217,-1912.24255
1160,-1193,-1903,1160.63977,-1190.51074,-1902.23145
1180,-1173,-1913,1180.63916,-1170.51086,-1912.23096
1290,-1193,-2013,1290.64502,-1190.51672,-2012.23584
820,-1213,-1623,820.349609,-1211.61902,-1623.93689
385,-1213,-1783,385.333374,-1211.62097,-1783.94275
385,-1233,-1763,385.349487,-1231.62085,-1763.93689
820,-1213,-1623,820.349609,-1211.61902,-1623.93689
385,-1233,-1763,385.349487,-1231.62085,-1763.93689
820,-1233,-1603,820.349609,-1231.61902,-1603.93677
820,-1233,-1483,819.648438,-1232.65698,-1482.06384
385,-1233,-1643,384.643524,-1232.65527,-1642.0658
385,-1213,-1623,384.643585,-1212.65515,-1622.06567
820,-1233,-1483,819.648438,-1232.65698,-1482.06384
385,-1213,-1623,384.643585,-1212.65515,-1622.06567
820,-1213,-1463,819.648804,-1212.65698,-1462.06372
980,-1153,-3143,979.74823,-1151.26453,-3142.03223
900,-1153,-3163,899.752014,-1151.26282,-3162.03125
970,-1133,-3126,969.776123,-1131.26465,-3125.02539
915,-1153,-3282,915.240234,-1152.43262,-3282.9707
1040,-1153,-3247,1040.24414,-1152.43054,-3247.96973
1050,-1133,-3264,1050.24316,-1132.43079,-3264.96997
1050,-1133,-3264,1050.70044,-1132.12012,-3264.71362
1040,-1153,-3247,1040.69641,-1152.12109,-3247.71753
1124,-1153,-3163,1124.69641,-1152.12109,-3163.71753
1141,-1133,-3173,1141.70422,-1132.12012,-3173.70996
1050,-1133,-3264,1050.70044,-1132.12012,-3264.71362
1124,-1153,-3163,1124.69641,-1152.12109,-3163.71753
980,-1153,-3143,979.282288,-1151.58923,-3142.30371
970,-1133,-3126,969.282288,-1131.58826,-3125.30371
1003,-1133,-3093,1002.28918,-1131.58826,-3092.29663
1020,-1153,-3103,1019.28229,-1151.58923,-3102.30371
980,-1153,-3143,979.282288,-1151.58923,-3142.30371
1003,-1133,-3093,1002.28918,-1131.58826,-3092.29663
1020,-1153,-3103,1019.02905,-1152.46289,-3102.76074
1003,-1133,-3093,1002.02905,-1132.46301,-3092.76074
1040,-1153,-3023,1039.02905,-1152.46118,-3022.76074
1141,-1133,-3173,1141.95874,-1131.49597,-3173.28418
1124,-1153,-3163,1124.96448,-1151.49573,-3163.26367
1159,-1153,-3038,1159.95874,-1151.4978,-3038.28394
1159,-1153,-3038,1159.97852,-1151.69861,-3038.20605
1160,-1193,-2863,1160.97827,-1191.69849,-2863.20703
1180,-1173,-2853,1180.97681,-1171.69836,-2853.21411
1020,-1173,-2853,1019.02515,-1171.54358,-2853.22266
1040,-1193,-2863,1039.02026,-1191.54333,-2863.2002
1040,-1153,-3023,1039.02136,-1151.54138,-3023.20532
1020,-1173,-2853,1019.02539,-1172.12109,-2853.22388
1040,-1153,-3023,1039.02539,-1152.12427,-3023.22388
1020,-1133,-3021,1019.02515,-1132.12402,-3021.22266
840,-1193,-2614,839.207153,-1191.53589,-2614.60938
800,-1153,-2623,799.210327,-1151.53589,-2623.61353
800,-1193,-2563,799.210144,-1191.5376,-2563.61328
1400,-1153,-2623,1400.77344,-1152.56287,-2623.63379
1360,-1193,-2614,1360.7843,-1192.56274,-2614.62012
1400,-1193,-2563,1400.77722,-1192.56445,-2563.62915
1400,-1193,-2203,1400.77661,-1191.82275,-2202.37012
1360,-1193,-2152,1360.78528,-1191.8208,-2151.38086
1400,-1153,-2143,1400.78052,-1151.82092,-2142.375
800,-1193,-2203,799.207153,-1192.26807,-2202.39062
800,-1153,-2143,799.210144,-1152.26624,-2142.38672
840,-1193,-2152,839.210144,-1192.26624,-2151.38672
1160,-1193,-1903,1160.97449,-1192.67334,-1903.22424
1159,-1233,-1728,1159.97681,-1232.67615,-1728.21411
1179,-1213,-1726,1179.97644,-1212.67651,-1726.21521
1159,-1233,-1728,1159.96265,-1231.43787,-1727.72949
1124,-1233,-1603,1124.95874,-1231.43591,-1602.71582
1141,-1213,-1593,1141.9646,-1211.43604,-1592.73633
1040,-1233,-1743,1039.02917,-1231.2821,-1743.23975
1003,-1213,-1673,1002.02911,-1211.28394,-1673.2395
1020,-1233,-1663,1019.02905,-1231.28394,-1663.23926
1003,-1213,-1673,1002.28229,-1211.58716,-1673.69629
970,-1213,-1640,969.282288,-1211.58716,-1640.69629
980,-1233,-1623,979.283081,-1231.58801,-1623.69714
1003,-1213,-1673,1002.28229,-1211.58716,-1673.69629
980,-1233,-1623,979.283081,-1231.58801,-1623.69714
1020,-1233,-1663,1019.28229,-1231.58801,-1663.69629
1124,-1233,-1603,1124.69678,-1231.43164,-1602.28271
1040,-1233,-1519,1040.69812,-1231.43164,-1518.28406
1050,-1213,-1502,1050.69629,-1211.43079,-1501.28235
1124,-1233,-1603,1124.69678,-1231.43164,-1602.28271
1050,-1213,-1502,1050.69629,-1211.43079,-1501.28235
1141,-1213,-1593,1141.69629,-1211.43079,-1592.28235
1050,-1213,-1502,1050.25781,-1211.86987,-1501.03381
1040,-1233,-1519,1040.2627,-1231.86951,-1518.03516
915,-1233,-1484,915.263184,-1231.87146,-1483.03528
970,-1213,-1640,969.759277,-1212.68311,-1640.97058
900,-1233,-1603,899.754883,-1232.68127,-1603.96948
980,-1233,-1623,979.758789,-1232.68311,-1623.97046
800,-1033,-2503,799.074097,-1029.99487,-2503.37769
800,-924,-2623,799.073792,-920.993652,-2623.37695
760,-924,-2527,759.073792,-920.993652,-2527.37695
800,-1033,-2263,799.073792,-1029.896,-2262.62305
760,-924,-2239,759.071838,-920.894897,-2238.62793
800,-924,-2143,799.071838,-920.894897,-2142.62793
760,-924,-2527,759.955872,-921.603455,-2527.99902
600,-1033,-2503,599.955872,-1030.60156,-2503.99902
800,-1033,-2503,799.955872,-1030.60156,-2503.99902
760,-924,-2239,759.955872,-918.994385,-2238.00098
800,-1033,-2263,799.955872,-1027.99255,-2262.00098
600,-1033,-2263,599.955872,-1027.99255,-2262.00098
600,-1033,-2263,599.068054,-1031.63892,-2262.63745
600,-1073,-2303,599.067993,-1071.63916,-2302.6377
520,-953,-2383,519.069885,-951.638977,-2382.63281
600,-1073,-2303,599.000977,-1071.56653,-2303.04297
600,-1073,-2463,599.000977,-1071.56653,-2463.04297
520,-953,-2383,519.000977,-951.566589,-2383.04297
600,-1073,-2463,599.071899,-1070.75598,-2463.37231
600,-1033,-2503,599.071899,-1030.75598,-2503.37231
520,-953,-2383,519.069885,-950.755981,-2383.36719
