-681,-63,-997,-680.040833,-62.0004959,-996.717163
-644,-18,-1035,-643.040833,-17.0000477,-1034.71716
-644,-33,-1065,-643.04364,-32.0012856,-1064.70789
-614,-63,-967,-613.331299,-60.6836472,-967.74353
-614,12,-1035,-613.331299,14.3173523,-1035.74353
-644,-18,-1035,-643.331299,-15.6826639,-1035.74353
1006,-333,-285,1005.00092,-328.500549,-285.042267
1006,-333,395,1005.00092,-328.500549,394.957245
1105,-843,228,1104.00098,-838.515747,227.955826
1006,-333,-285,1005.00092,-328.500549,-285.042267
1105,-843,228,1104.00098,-838.515747,227.955826
1105,-843,-118,1104.00098,-838.515747,-118.042526
1406,-333,-285,1405.95654,-328.414886,-285.999054
1006,-333,-285,1005.95654,-328.414886,-285.999054
1105,-843,-118,1104.95642,-838.406067,-118.999046
1406,-333,-285,1405.95654,-328.414886,-285.999054
1105,-843,-118,1104.95642,-838.406067,-118.999046
1308,-843,-118,1307.95642,-838.406067,-118.999046
1406,-333,395,1406.99902,-330.1203,394.955841
1406,-333,-285,1406.99902,-330.1203,-285.042267
1308,-843,-118,1308.99902,-840.138733,-118.042526
1406,-333,395,1406.99902,-330.1203,394.955841
1308,-843,-118,1308.99902,-840.138733,-118.042526
1308,-843,228,1308.99902,-840.138733,227.955826
1006,-333,395,1005.95795,-329.899017,395.999115
1406,-333,395,1405.95801,-329.899017,395.999115
1308,-843,228,1307.95728,-839.890198,228.999084
1006,-333,395,1005.95795,-329.899017,395.999115
1308,-843,228,1307.95728,-839.890198,228.999084
1105,-843,228,1104.95728,-839.890198,228.999084
1366,77,60,1366.99902,79.8130417,59.9558182
1376,97,70,1376.99902,99.812973,69.9558182
1376,97,40,1376.99902,99.812973,39.9558182
1366,77,60,1366.99902,79.8130417,59.9558182
1376,97,40,1376.99902,99.812973,39.9558182
1366,77,50,1366.99902,79.8130417,49.9558182
1376,117,80,1376.70605,117.885391,79.2918472
1406,107,120,1406.70715,107.885483,119.292946
1406,137,90,1406.70715,137.885422,89.2929459
1366,77,60,1366.86792,81.6498795,59.5032959
1406,107,120,1406.87183,111.65345,119.510185
1376,97,70,1376.87537,101.651833,69.516716
1366,77,60,1366.85876,87.656395,59.4877319
1406,57,130,1406.85205,67.6534576,129.476547
1406,107,120,1406.854,117.647789,119.479736
1366,77,60,1366.86792,81.6498795,59.5032959
1406,107,120,1406.87183,111.65345,119.510185
1376,97,70,1376.87537,101.651833,69.516716
1366,77,60,1366.85876,87.656395,59.4877319
1406,57,130,1406.85205,67.6534576,129.476547
1406,107,120,1406.854,117.647789,119.479736
1406,107,-10,1406.85742,114.839943,-9.48538589
1406,57,-20,1406.85107,64.8456116,-19.4749565
1366,77,50,1366.8512,84.8485489,50.5248299
1376,97,40,1376.86792,103.960342,40.4966888
1406,107,-10,1406.87292,113.962593,-9.512146
1366,77,50,1366.87561,83.9590302,50.4829369
1406,107,-10,1406.85742,114.839943,-9.48538589
1406,57,-20,1406.85107,64.8456116,-19.4749565
1366,77,50,1366.8512,84.8485489,50.5248299
1376,97,40,1376.86792,103.960342,40.4966888
1406,107,-10,1406.87292,113.962593,-9.512146
1366,77,50,1366.87561,83.9590302,50.4829369
1406,137,20,1406.70239,138.766037,20.7117577
1406,107,-10,1406.69531,108.765892,-9.28129292
1376,117,30,1376.70215,118.766006,30.7119789
1386,-63,-10,1386.72937,28.4256916,-10.6841173
1406,-63,11,1406.72961,28.4337406,10.3161411
1390,37,-8,1390.72961,128.442764,-8.68382549
1386,-63,-10,1386.59692,-27.0068073,-9.19770241
1390,37,-8,1390.60291,72.96418,-7.20218754
1406,37,-20,1406.59814,72.9550247,-19.1986122
1390,37,-8,1390.53223,43.6041222,-8.84658623
1406,-63,11,1406.53223,-56.3791924,10.1533985
1406,37,2,1406.52734,43.6025162,1.15034807
1406,37,108,1406.53284,43.7348328,108.846214
1406,-63,99,1406.53284,-56.2468796,99.8461914
1390,37,118,1390.53333,43.7364349,118.845909
1406,37,130,1406.59277,49.6702385,129.194641
1390,37,118,1390.59485,49.6809235,117.196167
1386,-63,120,1386.60547,-50.2915916,119.204132
1390,37,118,1390.72375,118.7006,118.689995
1406,-63,99,1406.72583,18.6956062,99.6878738
1386,-63,120,1386.72278,18.6795101,120.690994
2276,-303,-45,2275.60767,-302.25705,-45.9198151
2756,-543,-5,2755.61548,-542.269653,-5.92310476
2756,-503,-45,2755.59668,-502.269867,-45.9150467
2276,-303,155,2275.60889,-301.357574,155.920334
2756,-503,155,2755.60889,-501.370178,155.920334
2756,-543,115,2755.60986,-541.370117,115.920746
3470,-543,916,3470.99902,-542.551147,915.955872
3508,-498,886,3508.99902,-497.551819,885.955872
3470,-543,849,3470.99902,-542.551147,848.955872
3508,-498,886,3508.6582,-496.596497,886.752747
3538,-468,886,3538.6582,-466.596649,886.752563
3538,-543,819,3538.6582,-541.599365,819.752686
3558,-1343,3215,3558.99512,-1331.16956,3215.09863
3361,-2423,3775,3361.99414,-2411.29199,3775.10742
3558,-1143,3455,3558.99512,-1131.16003,3455.09863
2958,-1152,3869,2957.26538,-1142.7207,3869.67822
2958,-1343,3841,2957.26538,-1333.71326,3841.67847
2678,-1343,3535,2677.26587,-1333.71082,3535.67896
3361,-2423,3775,3360.67603,-2418.32935,3775.94604
2638,-2423,3535,2637.67896,-2418.28271,3535.94702
2958,-1343,3841,2957.68188,-1338.32837,3841.948
2861,-2423,3115,2860.95605,-2401.74707,3114.00098
3016,-1343,3075,3015.95605,-1321.94482,3074.00098
2861,-1343,3075,2860.95605,-1321.94482,3074.00098
2861,-2423,3115,2861.18604,-2408.20386,3114.01758
3443,-2423,3235,3443.18604,-2408.17383,3234.01758
3016,-1343,3075,3016.19531,-1328.3418,3074.01929
3443,-2423,3235,3443.23926,-2398.91772,3234.02905
3558,-1343,3215,3558.23926,-1319.15369,3214.02905
3016,-1343,3075,3016.23926,-1319.28528,3074.02905
2861,-2423,3115,2860.37012,-2400.72412,3114.22339
2861,-1343,3075,2860.38477,-1320.21716,3074.21167
2678,-1343,3215,2677.38403,-1320.15076,3214.2124
2638,-2423,3535,2637.11475,-2417.22021,3534.53491
2861,-2423,3115,2860.11499,-2417.25488,3114.53467
2678,-1343,3215,2677.11572,-1337.37109,3214.5332
3257,-1306,3107,3257.23926,-1305.41394,3106.02905
3016,-1343,3075,3016.23926,-1342.41003,3074.02905
3558,-1343,3215,3558.22363,-1342.41748,3214.02539
3598,-1103,2614,3598.9502,-1101.5697,2613.68848
3598,-1035,2424,3598.9502,-1033.57361,2423.68848
3558,-1081,2424,3558.95117,-1079.57227,2423.69141
3558,-1075,2384,3558.92041,-1073.65955,2384.39038
3598,-1035,2384,3598.91968,-1033.65967,2384.39233
3678,-983,2314,3678.92969,-981.659241,2314.36816
3678,-983,2314,3678.99902,-982.260986,2313.95605
3598,-1103,2614,3598.99902,-1102.26086,2613.95605
3678,-983,2574,3678.99902,-982.260986,2573.95605
3678,-1023,2034,3678.04346,-976.678955,2034.99902
3838,-983,2034,3838.03809,-936.670471,2034.99927
3836,-1063,2032,3836.03809,-1016.68744,2032.99915
2441,-1343,3215,2440.28418,-1334.94055,3215.69824
2358,-2423,2874,2357.28271,-2414.87329,2874.69678
2201,-1343,2975,2200.29395,-1334.94055,2975.70801
2718,-2423,2594,2718.78442,-2419.19287,2594.62012
2598,-2423,2754,2598.78833,-2419.19287,2754.61499
2861,-1343,2975,2861.78906,-1339.14685,2975.61426
2718,-2423,2594,2718.99902,-2413.54028,2594.04272
2861,-1343,2975,2861.99902,-1333.42212,2975.03955
2861,-1423,2615,2861.99902,-1413.42993,2615.04272
3971,-547,3735,3971.9873,-546.185852,3735.15723
3558,-1143,3455,3558.99121,-1142.18677,3455.13086
3361,-1343,3775,3361.9873,-1342.19287,3775.1582
3558,-1343,3215,3558.98438,-1328.49573,3215.17529
3443,-2423,3235,3443.98828,-2408.47705,3235.15186
3361,-2423,3775,3361.98828,-2408.43408,3775.15186
3838,-983,2034,3837.00098,-980.647766,2033.95593
3838,-983,2194,3837.00098,-980.647766,2193.95605
3878,-1047,2127,3877.00098,-1044.64856,2126.95605
3678,-983,2034,3678.99902,-980.980591,2033.95593
3518,-1263,2114,3518.99902,-1260.98291,2113.95605
3678,-983,2194,3678.99902,-980.980591,2193.95605
4548,-963,2695,4548.13135,-904.590027,2694.00879
4281,-830,2652,4281.15234,-771.533081,2651.01172
4518,-1143,2695,4518.13184,-1084.58948,2694.00879
1721,-1143,3255,1720.07385,-1140.3175,3255.37695
1738,-1460,2964,1737.0719,-1457.3186,2964.37231
1558,-1263,2734,1557.07214,-1260.31519,2734.3728
1798,-903,3975,1797.53589,-901.171936,3975.88574
1801,-1343,3537,1800.53223,-1341.17236,3537.88379
1721,-1343,3495,1720.53174,-1341.17139,3495.88354
4838,-1143,2695,4838.99902,-1140.97119,2694.95605
4838,-1143,3215,4838.99902,-1140.97119,3214.95605
4938,-823,3315,4938.99854,-820.990723,3314.95508
4938,-823,3315,4938.99854,-820.990723,3314.95508
4838,-1143,3215,4838.99902,-1140.97119,3214.95605
4838,-1143,3535,4838.99902,-1140.97119,3534.95605
3989,-1557,3517,3988.00098,-1549.71155,3516.95605
3918,-1183,3215,3917.00098,-1175.69177,3214.95605
3918,-1183,3455,3917.00098,-1175.69177,3454.95605
4838,-1203,2695,4838.99902,-1202.52136,2694.95605
4518,-1583,2955,4518.99902,-1582.53101,2954.95605
4838,-1203,3215,4838.99902,-1202.52136,3214.95605
3358,-2423,2114,3358.9458,-2415.65527,2114.32397
3278,-2423,2354,3278.94604,-2415.67407,2354.32373
3518,-1263,2114,3518.94702,-1255.53259,2114.32104
3278,-2423,2354,3278.80078,-2421.21313,2353.40112
3678,-983,2194,3678.80615,-981.152283,2193.40845
3518,-1263,2114,3518.80078,-1261.16089,2113.40112
3480,-1122,2373,3480.90381,-1115.19604,2372.57227
3358,-2423,2614,3358.90332,-2416.10864,2613.57104
3598,-1103,2614,3598.90479,-1096.19861,2613.57422
3838,-1223,2734,3837.16602,-1215.55933,2734.55176
3903,-1259,2825,3902.15723,-1251.55725,2825.53809
3958,-2423,2614,3957.15503,-2415.47998,2614.53467
3989,-1557,3517,3988.01562,-1528.9054,3517.17554
3958,-2423,3214,3957.01562,-2394.93677,3214.17529
3918,-1183,3215,3917.01758,-1154.94373,3215.18628
4058,-2423,2814,4057.03027,-2417.77222,2813.75586
3903,-1259,2825,3902.02905,-1253.78064,2824.76074
3838,-1223,3054,3837.02905,-1217.7583,3053.76074
4518,-1583,2955,4518.98926,-1578.79675,2955.14526
4378,-2423,3134,4378.99121,-2418.71826,3134.13184
4518,-1363,3215,4518.99121,-1358.79468,3215.13135
4518,-1583,2955,4518.98242,-1580.60547,2954.81348
4518,-1363,2695,4518.98438,-1360.58606,2694.82397
4378,-2423,3134,4378.98438,-2420.61963,3133.82397
4058,-2423,2814,4057.09473,-2411.86572,2814.4248
3958,-2423,2614,3957.09668,-2411.88965,2614.42871
3903,-1259,2825,3902.09448,-1247.94995,2825.42407
4518,-1363,2695,4518.99902,-1354.99451,2694.95605
4358,-2423,1614,4358.99902,-2414.99805,1613.95593
4378,-2423,3134,4378.99902,-2414.96582,3133.95605
3021,-1343,2975,3020.00049,-1334.81519,2975.03027
3078,-2423,2714,3077.00098,-2414.49292,2714.04102
3021,-1423,2615,3020.00098,-1414.71191,2615.0415
1878,-2423,2874,1877.06311,-2418.98975,2874.34961
1558,-2423,2014,1557.05933,-2418.9436,2014.33923
1558,-1263,2734,1557.05933,-1258.9668,2734.33911
1558,-1263,2734,1557.1438,-1258.14832,2734.5166
1738,-1460,2964,1737.1438,-1455.12097,2964.5166
1878,-2423,2874,1877.14978,-2418.07349,2874.52637
3518,-1263,2114,3518.52661,-1245.48621,2114.8501
3678,-1023,2034,3678.52637,-1005.48682,2034.85022
3358,-2423,2114,3358.52734,-2405.4209,2114.84961
2548,-701,4394,2547.17871,-699.777344,4394.57031
2678,-1343,3535,2677.17847,-1341.79956,3535.57007
2470,-1095,3640,2469.17676,-1093.79065,3640.56763
2958,-1152,3869,2957.26538,-1142.7207,3869.67822
2958,-1343,3841,2957.26538,-1333.71326,3841.67847
2678,-1343,3535,2677.26587,-1333.71082,3535.67896
3658,-783,1614,3657.06226,-779.951599,1613.65271
3521,-524,1667,3520.0625,-520.952393,1666.6521
3671,-983,1814,3670.05957,-979.958069,1813.66003
1758,-1343,1774,1757.79333,-1334.90198,1773.02161
1558,-2423,2014,1557.79333,-2414.86768,2013.02161
2358,-1143,1614,2357.79395,-1134.92322,1613.02148
1558,-2423,2014,1557.95593,-2420.70312,2013.00098
2598,-1423,1614,2597.95605,-1420.68677,1613.00098
2358,-1423,1614,2357.95605,-1420.68677,1613.00098
3521,-524,1667,3520.75879,-520.51593,1666.02954
3276,-951,1892,3275.75928,-947.538147,1891.02942
3671,-983,1814,3670.75488,-979.531677,1813.03052
3276,-951,1892,3275.51929,-947.368469,1891.12317
3521,-524,1667,3520.53125,-520.350708,1666.1167
2798,-383,2014,2797.51855,-379.388245,2013.12354
2441,-1343,3215,2440.95605,-1339.38672,3215.99902
2601,-1343,3215,2600.95605,-1339.38672,3215.99902
2358,-2423,2874,2357.95605,-2419.34644,2874.99902
2041,-1343,2975,2040.95593,-1330.63135,2975.99902
2201,-1343,2975,2200.95605,-1330.63135,2975.99902
2358,-2423,2874,2357.95605,-2410.64819,2874.99902
1878,-2423,2874,1877.95593,-2415.74805,2874.99902
1738,-1460,2964,1737.95593,-1452.72156,2964.99902
2041,-1343,2975,2040.95593,-1335.75208,2975.99902
2358,-2423,2874,2357.95605,-2410.64819,2874.99902
1878,-2423,2874,1877.95593,-2410.64819,2874.99902
2041,-1343,2975,2040.95593,-1330.63135,2975.99902
2598,-2423,2754,2598.43823,-2420.59912,2754.89868
2358,-2423,2874,2358.42407,-2420.5896,2874.90552
2601,-1343,3215,2601.42676,-1340.55164,3215.9043
2598,-2423,2754,2598.66772,-2418.41382,2754.74438
2601,-1343,3215,2601.66699,-1338.43384,3215.74487
2861,-1343,2975,2861.66821,-1338.42737,2975.7439
1798,-903,3975,1797.28516,-901.907898,3975.69922
2041,-1343,3780,2040.2832,-1341.91296,3780.69727
1801,-1343,3537,1800.2832,-1341.91699,3537.69727
2201,-1343,3780,2200.95508,-1340.81177,3780.99878
2041,-1343,3780,2040.95508,-1340.81177,3780.99878
1798,-903,3975,1797.95593,-900.798035,3975.99902
2548,-701,4394,2548.46094,-698.578613,4394.88721
3971,-547,3735,3971.45703,-544.602234,3735.8894
2958,-1152,3869,2958.45312,-1149.60388,3869.89136
2958,-1152,3869,2958.15234,-1143.40918,3869.98828
3971,-547,3735,3971.16895,-538.413757,3735.9856
3361,-1343,3775,3361.17578,-1334.43445,3775.98438
2958,-1152,3869,2958.14502,-1145.97705,3869.98926
3361,-1343,3775,3361.13818,-1336.97546,3775.99023
2958,-1343,3841,2958.14526,-1336.95837,3841.98926
3558,-1143,3455,3557.95605,-1140.64539,3455.99902
3971,-547,3735,3970.95605,-544.652893,3735.99902
3918,-1143,3455,3917.95605,-1140.64539,3455.99902
4838,-1143,3535,4837.95605,-1140.02271,3535.99902
4518,-1143,3535,4517.95605,-1140.02271,3535.99902
3971,-547,3735,3970.95605,-543.994141,3735.99902
3971,-547,3735,3970.86792,-543.817444,3735.99121
4518,-1143,3535,4517.84766,-1139.78809,3535.98828
3918,-1143,3455,3917.8606,-1139.80225,3455.99023
4518,-1363,3215,4518.55127,-1360.19031,3215.83423
3958,-2423,3214,3958.55103,-2420.21753,3214.83447
3989,-1557,3517,3989.56641,-1554.20081,3517.82397
4518,-1363,3215,4518.17578,-1351.71277,3215.98438
4378,-2423,3134,4378.17529,-2411.80713,3134.98438
3958,-2423,3214,3958.19043,-2411.83667,3214.98169
3871,-1343,3214,3871.00684,-1341.79309,3214.99976
3543,-1503,3147,3543.01709,-1501.78503,3147.99976
3558,-1343,3215,3558.0166,-1341.78503,3215.99976
3257,-1306,3107,3256.61035,-1303.07019,3107.9209
3558,-1343,3215,3557.61035,-1340.06396,3215.9209
3543,-1503,3147,3542.62256,-1500.06592,3147.92603
3021,-1343,2975,3020.56665,-1339.53162,2975.90112
3257,-1306,3107,3256.57275,-1302.52686,3107.90405
3543,-1503,3147,3542.57275,-1499.52576,3147.90405
3543,-1503,3147,3542.6311,-1498.11511,3147.92944
3078,-2423,2714,3077.62207,-2418.1062,2714.92578
3021,-1343,2975,3020.61035,-1338.14685,2975.9209
3871,-1343,3214,3870.84741,-1290.66248,3214.98828
3958,-2423,3214,3957.84741,-2370.01733,3214.98828
3558,-2423,3156,3557.84131,-2369.76416,3156.9873
3838,-1047,2194,3837.95605,-1036.2876,2193.00098
3678,-983,2194,3677.95605,-972.296936,2193.00098
3278,-2423,2354,3277.95605,-2412.27271,2353.00098
3838,-1047,2194,3837.8833,-1027.16931,2193.00684
3278,-2423,2354,3277.90137,-2403.05371,2353.00488
3658,-2423,2314,3657.8833,-2403.04688,2313.00684
3838,-1223,2734,3837.95605,-1212.24268,2734.99902
3958,-2423,2614,3957.95605,-2412.39014,2614.99902
3678,-1223,2734,3677.95605,-1212.24268,2734.99902
3558,-2423,2614,3557.95605,-2379.26074,2613.00098
3838,-1023,2574,3837.95605,-979.51709,2573.00098
3358,-2423,2614,3357.95605,-2379.26074,2613.00098
3480,-1122,2373,3480.28247,-1082.06763,2373.95923
3678,-983,2314,3678.30786,-943.136841,2314.95142
3673,-1029,2314,3673.30786,-989.129944,2314.95142
3257,-1306,3107,3257.23926,-1305.41394,3106.02905
3016,-1343,3075,3016.23926,-1342.41003,3074.02905
3558,-1343,3215,3558.22363,-1342.41748,3214.02539
3898,-983,1614,3897.02051,-981.509216,1613.79858
3838,-983,1914,3837.02148,-981.503784,1913.79395
3999,-1142,1837,3998.01758,-1140.50671,1836.81335
4358,-2423,1614,4358.99707,-2412.82715,1613.92358
4518,-1363,2695,4518.99707,-1352.74744,2694.92358
4518,-1143,2375,4518.99609,-1132.81079,2374.91187
3678,-1077,2600,3677.95605,-1075.77783,2599.00098
3838,-1023,2574,3837.95605,-1021.77844,2573.00098
3678,-1023,2574,3677.95605,-1021.77844,2573.00098
3598,-1103,2614,3597.95605,-1102.11401,2613.00098
3678,-1077,2600,3677.95605,-1076.11609,2599.00098
3678,-1023,2574,3677.95508,-1022.117,2573.00122
-4108,-1123,-1813,-4107.29883,-1017.12512,-1813.71289
-4080,-1213,-1784,-4079.30176,-1107.0625,-1784.71582
-3910,-1213,-1615,-3909.30176,-1107.23535,-1615.71582
4708,-1483,-206,4708.99902,-1471.76367,-206.042267
4708,-1483,-406,4708.99902,-1471.76367,-406.042267
4668,-1883,-386,4668.99902,-1871.8103,-386.042267
4708,-1483,-206,4708.99902,-1471.76367,-206.042267
4668,-1883,-386,4668.99902,-1871.8103,-386.042267
4668,-1883,-226,4668.99902,-1871.8103,-226.042267
3708,-1883,-386,3707.00098,-1875.15991,-386.042267
3668,-1483,-406,3667.00098,-1475.11072,-406.042267
3668,-1483,-206,3667.00098,-1475.11072,-206.042267
3708,-1883,-386,3707.00098,-1875.15991,-386.042267
3668,-1483,-206,3667.00098,-1475.11072,-206.042267
3708,-1883,-226,3707.00098,-1875.15991,-226.042267
3708,-1883,-26,3707.00098,-1875.15991,-26.0425262
3668,-1483,-46,3667.00098,-1475.11072,-46.0425262
3668,-1483,154,3667.00098,-1475.11072,153.955826
3708,-1883,-26,3707.00098,-1875.15991,-26.0425262
3668,-1483,154,3667.00098,-1475.11072,153.955826
3708,-1883,134,3707.00098,-1875.15991,133.955826
4708,-1483,154,4708.99902,-1471.76367,153.955826
4708,-1483,-46,4708.99902,-1471.76367,-46.0425262
4668,-1883,-26,4668.99902,-1871.8103,-26.0425262
4708,-1483,154,4708.99902,-1471.76367,153.955826
4668,-1883,-26,4668.99902,-1871.8103,-26.0425262
4668,-1883,134,4668.99902,-1871.8103,133.955826
3708,-1883,-226,3707.95801,-1857.05066,-225.000885
3668,-1483,-206,3667.95801,-1456.97729,-205.000885
4708,-1483,-206,4707.95801,-1456.97729,-205.000885
3708,-1883,-226,3707.95801,-1857.05066,-225.000885
4708,-1483,-206,4707.95801,-1456.97729,-205.000885
4668,-1883,-226,4667.95801,-1857.05066,-225.000885
3668,-1483,-46,3667.95679,-1463.2937,-46.9990654
3708,-1883,-26,3707.95703,-1863.36682,-26.9990749
4668,-1883,-26,4667.95703,-1863.36682,-26.9990749
3668,-1483,-46,3667.95679,-1463.2937,-46.9990654
4668,-1883,-26,4667.95703,-1863.36682,-26.9990749
4708,-1483,-46,4707.95703,-1463.2937,-46.9990654
3708,-1883,134,3707.95801,-1866.07263,134.999115
3668,-1483,154,3667.95801,-1465.99963,154.999115
4708,-1483,154,4707.95801,-1465.99963,154.999115
3708,-1883,134,3707.95801,-1866.07263,134.999115
4708,-1483,154,4707.95801,-1465.99963,154.999115
4668,-1883,134,4667.95801,-1866.07263,134.999115
3668,-1483,-406,3667.95654,-1472.31628,-406.999054
3708,-1883,-386,3707.95654,-1872.38965,-386.999054
4668,-1883,-386,4667.95654,-1872.38965,-386.999054
3668,-1483,-406,3667.95654,-1472.31628,-406.999054
4668,-1883,-386,4667.95654,-1872.38965,-386.999054
4708,-1483,-406,4707.95654,-1472.31628,-406.999054
3368,-1283,-206,3368.99902,-1274.09607,-206.042267
3328,-1683,-166,3328.99902,-1674.14514,-166.042267
3328,-1683,-86,3328.99902,-1674.14514,-86.0425262
3368,-1283,-206,3368.99902,-1274.09607,-206.042267
3328,-1683,-86,3328.99902,-1674.14514,-86.0425262
3368,-1283,-46,3368.99902,-1274.09607,-46.0425262
3368,-1283,-206,3367.95703,-1276.81384,-206.999069
3148,-1283,-206,3147.95703,-1276.81384,-206.999069
3208,-1683,-166,3207.95703,-1676.86304,-166.999069
3368,-1283,-206,3367.95703,-1276.81384,-206.999069
3208,-1683,-166,3207.95703,-1676.86304,-166.999069
3328,-1683,-166,3327.95703,-1676.86304,-166.999069
3148,-1283,-206,3147.00098,-1274.93823,-206.042267
3148,-1283,-46,3147.00098,-1274.93823,-46.0425262
3208,-1683,-86,3207.00098,-1674.90625,-86.0425262
3148,-1283,-206,3147.00098,-1274.93823,-206.042267
3208,-1683,-86,3207.00098,-1674.90625,-86.0425262
3208,-1683,-166,3207.00098,-1674.90625,-166.042267
3148,-1283,-46,3147.98682,-1274.25659,-45.0000877
3368,-1283,-46,3367.98682,-1274.25659,-45.0000877
3328,-1683,-86,3327.98706,-1674.30554,-85.0000839
3148,-1283,-46,3147.98682,-1274.25659,-45.0000877
3328,-1683,-86,3327.98706,-1674.30554,-85.0000839
3208,-1683,-86,3207.98706,-1674.30554,-85.0000839
5108,-1363,-239,5107.95703,-1361.4115,-239.999069
5078,-1318,-276,5077.95508,-1316.41064,-276.998962
5040,-1363,-239,5039.95703,-1361.4115,-239.999069
5078,-1318,-276,5078.72998,-1317.17065,-276.683197
5078,-1288,-306,5078.73438,-1287.17041,-306.678589
5010,-1363,-306,5010.73145,-1362.17151,-306.681641
3478,-1483,-2266,3477.00098,-1479.82654,-2266.04297
3478,-1483,-1746,3477.00098,-1479.82654,-1746.04297
3878,-2323,-1746,3877.00098,-2319.80371,-1746.04297
3478,-1483,-2266,3477.00098,-1479.82654,-2266.04297
3878,-2323,-1746,3877.00098,-2319.80371,-1746.04297
3878,-2323,-2266,3877.00098,-2319.80371,-2266.04297
3478,-1723,-2386,3477.75488,-1713.3446,-2386.96948
3166,-1063,-2386,3165.75488,-1053.2356,-2386.96948
2938,-1983,-2209,2937.73633,-1973.32556,-2209.9646
3478,-1723,-2386,3477.72949,-1711.17432,-2386.96265
2938,-1983,-2209,2937.73633,-1971.17456,-2209.9646
3319,-1983,-2311,3318.72266,-1971.17664,-2311.96069
2938,-1983,-2209,2938.69678,-1979.5343,-2209.71729
3166,-1063,-2386,3166.67798,-1059.49731,-2386.73486
2478,-1483,-2866,2478.69678,-1479.52734,-2866.71729
2478,-1483,-1146,2478.69702,-1478.33691,-1145.28296
3166,-1063,-1626,3166.69727,-1058.32532,-1625.2832
2938,-1983,-1804,2938.69751,-1978.3457,-1803.28345
2938,-1983,-1804,2937.72266,-1977.14368,-1803.03931
3166,-1063,-1626,3165.73633,-1057.09949,-1625.0354
3478,-1723,-1626,3477.73633,-1717.09631,-1625.0354
2938,-1983,-1804,2937.72266,-1974.06799,-1803.03931
3478,-1723,-1626,3477.73633,-1714.02734,-1625.0354
3319,-1983,-1702,3318.72949,-1974.04419,-1701.03735
1843,-1983,-2688,1842.5874,-1978.57629,-2688.91089
2049,-1483,-2866,2048.59668,-1478.51636,-2866.91504
1566,-1063,-2731,1565.5874,-1058.53601,-2731.91089
1843,-1983,-2688,1843.08643,-1941.61096,-2688.99609
1566,-1063,-2731,1566.08728,-1021.1618,-2731.99609
1493,-1983,-2722,1493.09729,-1941.76526,-2722.99512
2195,-1134,-1626,2194.95605,-1105.77441,-1625.00098
2214,-1983,-1669,2213.95605,-1955.00378,-1668.00098
1964,-1983,-1669,1963.95593,-1955.00378,-1668.00098
2195,-1134,-1626,2194.95605,-1105.77441,-1625.00098
1964,-1983,-1669,1963.95593,-1955.00378,-1668.00098
1995,-1134,-1626,1994.95593,-1105.77441,-1625.00098
2095,-1134,-1426,2094.03003,-1122.66101,-1426.24316
2117,-1983,-1293,2116.02905,-1971.67517,-1293.23926
2214,-1983,-1669,2213.02905,-1971.74561,-1669.23926
1995,-1134,-1626,1995.98425,-1115.39417,-1625.82324
1964,-1983,-1669,1964.98425,-1964.29468,-1668.82324
1928,-1983,-1456,1928.98425,-1964.33313,-1455.82324
1995,-1134,-1626,1995.98425,-1101.48511,-1625.82324
1928,-1983,-1456,1928.98425,-1950.27979,-1455.82324
1966,-1134,-1457,1966.98425,-1101.53516,-1456.82324
2117,-1983,-1293,2117.23926,-1973.15454,-1293.97095
2095,-1134,-1426,2095.24316,-1124.1134,-1426.96997
1966,-1134,-1457,1966.2395,-1124.11926,-1457.97083
2117,-1983,-1293,2117.64478,-1936.95398,-1293.76428
1966,-1134,-1457,1966.64478,-1088.28284,-1457.76428
1928,-1983,-1456,1928.65173,-1936.92969,-1456.75842
-615,-1983,-1340,-614.775391,-1975.85828,-1340.97437
-629,-1063,-1426,-628.758789,-1055.93408,-1426.97046
-757,-1063,-1457,-756.758789,-1055.95093,-1457.97046
-615,-1983,-1340,-614.425842,-1892.02832,-1340.81873
-757,-1063,-1457,-756.425842,-972.259949,-1457.81873
-782,-1983,-1457,-781.425842,-1891.97363,-1457.81873
-729,-1063,-1626,-728.015442,-1031.08264,-1625.82495
-749,-1983,-1654,-748.015442,-1951.07996,-1653.82495
-782,-1983,-1457,-781.015442,-1950.96692,-1456.82495
-729,-1063,-1626,-728.011658,-1031.01636,-1625.84778
-782,-1983,-1457,-781.015442,-1951.14319,-1456.82495
-757,-1063,-1457,-756.015442,-1031.01184,-1456.82495
-629,-1063,-1426,-629.950989,-1039.47791,-1426.3092
-615,-1983,-1340,-615.95575,-1959.68787,-1340.29395
-516,-1983,-1654,-516.955933,-1959.65918,-1654.29358
-529,-1063,-1626,-529.042969,-1027.28259,-1625.00098
-516,-1983,-1654,-516.042969,-1947.09814,-1653.00098
-749,-1983,-1654,-749.042969,-1947.09814,-1653.00098
-529,-1063,-1626,-529.042969,-1027.28259,-1625.00098
-749,-1983,-1654,-749.042969,-1947.09814,-1653.00098
-729,-1063,-1626,-729.042969,-1027.28259,-1625.00098
806,-1983,-1622,805.029053,-1905.27307,-1621.76074
820,-672,-1468,819.029053,-594.956421,-1467.76074
848,-1983,-1453,847.029053,-1905.19153,-1452.76074
764,-1983,-1663,763.297913,-1969.63464,-1662.28796
725,-672,-1558,724.299866,-658.830383,-1557.28601
820,-672,-1468,819.300842,-658.833496,-1467.28503
764,-1983,-1663,763.299866,-1972.32178,-1662.28601
820,-672,-1468,819.290039,-661.547546,-1467.29578
806,-1983,-1622,805.30072,-1972.31531,-1621.28516
848,-1983,-1453,847.034912,-1904.90845,-1452.73816
820,-672,-1468,819.035339,-594.265564,-1467.73657
899,-1854,-1265,898.034912,-1775.87561,-1264.73816
711,-672,-1335,710.221741,-663.327576,-1335.62793
850,-1900,-1193,849.226013,-1891.38196,-1193.63318
899,-1854,-1265,898.225708,-1845.38,-1265.63281
711,-672,-1335,710.226196,-665.419434,-1335.63342
899,-1854,-1265,898.225708,-1847.51697,-1265.63281
820,-672,-1468,819.226196,-665.434021,-1468.63342
725,-672,-1558,725.69751,-650.781128,-1557.28345
764,-1983,-1663,764.696777,-1961.30151,-1662.28271
506,-1983,-1413,506.681763,-1961.34473,-1412.26843
538,-672,-1435,538.534546,-642.355408,-1435.84509
506,-1983,-1413,506.525635,-1953.23499,-1413.85071
850,-1900,-1193,850.53418,-1870.17065,-1193.84534
538,-672,-1435,538.501953,-640.092896,-1435.86487
850,-1900,-1193,850.488281,-1867.97107,-1193.87268
711,-672,-1335,711.488281,-640.053528,-1335.87268
166,-1063,-2586,165.955826,-1045.70532,-2585.00098
179,-1983,-2614,178.955826,-1965.52478,-2613.00098
-54,-1983,-2614,-54.0425262,-1965.52478,-2613.00098
166,-1063,-2586,165.955826,-1045.70532,-2585.00098
-54,-1983,-2614,-54.0425262,-1965.52478,-2613.00098
-34,-1063,-2586,-34.0425262,-1045.70532,-2585.00098
66,-1063,-2386,65.0467758,-1035.31323,-2386.30225
80,-1983,-2300,79.0466156,-1955.52307,-2300.30176
179,-1983,-2614,178.046005,-1955.49585,-2614.2998
-34,-1063,-2586,-33.0148849,-1044.6405,-2585.82812
-54,-1983,-2614,-53.0130692,-1964.63428,-2613.83887
-87,-1983,-2417,-86.0149307,-1964.52124,-2416.82788
-34,-1063,-2586,-33.0129509,-1010.39056,-2585.8396
-87,-1983,-2417,-86.0138779,-1930.51404,-2416.83398
-62,-1063,-2417,-61.0129089,-1010.38373,-2416.83984
80,-1983,-2300,80.2183304,-1970.32104,-2300.97583
66,-1063,-2386,66.2202606,-1050.39685,-2386.97534
-62,-1063,-2417,-61.7756729,-1050.4137,-2417.97437
80,-1983,-2300,80.5651398,-1899.68372,-2300.82495
-62,-1063,-2417,-61.4330215,-979.915283,-2417.82373
-87,-1983,-2417,-86.4330215,-1899.62891,-2417.82373
1466,-1063,-2386,1465.00098,-1041.48743,-2386.04297
1489,-1983,-2247,1488.00098,-1961.03198,-2247.04297
1493,-1983,-2722,1492.00098,-1960.93909,-2722.04297
1166,-1063,-2731,1166.29785,-1054.86218,-2731.95459
506,-1483,-2866,506.292175,-1474.80359,-2866.9563
671,-2073,-2706,671.292419,-2064.80347,-2706.95605
1166,-1063,-2731,1166.29492,-1057.00415,-2731.95532
671,-2073,-2706,671.291992,-2067.07471,-2706.9563
1061,-1983,-2597,1061.31055,-1977.07324,-2597.95044
1466,-1063,-2386,1466.22266,-1038.12109,-2386.97485
1209,-1063,-2448,1209.22656,-1038.11389,-2448.97388
1084,-1983,-2446,1084.22681,-1957.84863,-2446.97388
1466,-1063,-2386,1466.22266,-1021.32623,-2386.97485
1084,-1983,-2446,1084.22266,-1941.25488,-2446.97485
1221,-1983,-2413,1221.23047,-1941.25488,-2413.9729
1489,-1983,-2247,1489.52173,-1976.72205,-2247.85303
1466,-1063,-2386,1466.52185,-1056.84387,-2386.85303
1221,-1983,-2413,1221.52161,-1976.74121,-2413.85303
1166,-1063,-2731,1166.98816,-1056.35339,-2731.15308
1061,-1983,-2597,1061.98816,-1976.38843,-2597.15308
1084,-1983,-2446,1084.98816,-1976.39294,-2446.15308
1166,-1063,-2731,1166.98816,-1056.5459,-2731.15283
1084,-1983,-2446,1084.98816,-1976.47302,-2446.15308
1209,-1063,-2448,1209.98816,-1056.53674,-2448.15283
2478,-1483,-1146,2477.95605,-1480.28406,-1145.00098
1995,-1983,-1248,1994.95593,-1980.25537,-1247.00098
-39,-1983,-1248,-39.0425262,-1980.25537,-1247.00098
2478,-1483,-1146,2477.95605,-1480.28406,-1145.00098
-39,-1983,-1248,-39.0425262,-1980.25537,-1247.00098
-522,-1483,-1146,-522.042969,-1480.28406,-1145.00098
-39,-1983,-2765,-38.8294678,-1966.32434,-2765.98535
-522,-1483,-2866,-521.84668,-1466.2749,-2866.98804
-587,-1983,-2860,-586.829468,-1966.46069,-2860.98535
-1522,-1723,-2386,-1522.58594,-1721.00183,-2386.8103
-1364,-1983,-2311,-1364.58984,-1981.00354,-2311.80737
-587,-1983,-2860,-587.585938,-1981.01599,-2860.8103
-522,-1483,-1146,-522.3396,-1480.25146,-1145.05945
-1364,-1983,-1702,-1364.34961,-1980.26147,-1701.06311
-1522,-1723,-1626,-1522.33997,-1720.2655,-1625.05957
-522,-1483,-1146,-521.84082,-1465.69507,-1145.01282
-39,-1983,-1248,-38.8287621,-1965.49805,-1247.01477
-587,-1983,-1152,-586.829102,-1965.5658,-1151.01477
-1522,-1723,-1626,-1522.9989,-1720.42932,-1626.04297
-1364,-1983,-1702,-1364.99902,-1980.4231,-1702.04297
-1364,-1983,-2311,-1364.99902,-1980.4231,-2311.04297
-1522,-1723,-1626,-1522.9989,-1720.42932,-1626.04297
-1364,-1983,-2311,-1364.99902,-1980.4231,-2311.04297
-1522,-1723,-2386,-1522.9989,-1720.42932,-2386.04297
3478,-1723,-2386,3478.99902,-1721.27979,-2386.04297
3319,-1983,-2311,3319.99902,-1981.27917,-2311.04297
3319,-1983,-1702,3319.99902,-1981.27917,-1702.04297
3478,-1723,-2386,3478.99902,-1721.27979,-2386.04297
3319,-1983,-1702,3319.99902,-1981.27917,-1702.04297
3478,-1723,-1626,3478.99902,-1721.27979,-1626.04297
2542,-1983,-2860,2541.82324,-1945.95508,-2860.98413
2478,-1483,-2866,2477.81348,-1445.73853,-2866.98242
1995,-1983,-2765,1994.81335,-1945.76672,-2765.98242
2478,-1483,-2866,2477.95605,-1478.68726,-2866.99902
-522,-1483,-2866,-522.042969,-1478.68726,-2866.99902
-39,-1983,-2765,-39.0425262,-1978.67444,-2765.99902
2478,-1483,-2866,2477.95605,-1478.68726,-2866.99902
-39,-1983,-2765,-39.0425262,-1978.67444,-2765.99902
1995,-1983,-2765,1994.95593,-1978.67444,-2765.99902
-3562,-1983,-1032,-3562.04297,-1980.07996,-1031.00098
-3562,-1363,-906,-3562.04297,-1360.10034,-905.000977
-1512,-1363,-906,-1512.04297,-1360.10034,-905.000977
-3562,-1983,-1032,-3562.04297,-1975.27368,-1031.00098
-1512,-1363,-906,-1512.04297,-1355.30273,-905.000977
-1663,-1983,-1017,-1663.04346,-1975.32336,-1016.00098
-1663,-1983,-1017,-1662.21069,-1971.88354,-1017.61395
-1512,-1363,-906,-1511.21045,-1351.89331,-906.613647
-1922,-1363,-1426,-1921.21399,-1351.78662,-1426.61816
-1663,-1983,-1017,-1662.16797,-1941.56067,-1017.55469
-1922,-1363,-1426,-1921.16992,-1321.76953,-1426.55762
-1922,-1983,-1397,-1921.16992,-1941.69043,-1397.55762
1995,-1983,-1248,1994.82324,-1949.71753,-1247.01575
2478,-1483,-1146,2477.8125,-1449.94861,-1145.01782
2542,-1983,-1152,2541.81274,-1949.79663,-1151.0177
3478,-1723,-1626,3478.56714,-1721.85437,-1625.17639
3319,-1983,-1702,3319.57031,-1981.85486,-1701.17859
2542,-1983,-1152,2542.57275,-1981.84644,-1151.1803
2478,-1483,-2866,2478.31421,-1481.28345,-2866.94922
3319,-1983,-2311,3319.32251,-1981.29028,-2311.94653
3478,-1723,-2386,3478.32324,-1721.28857,-2386.94629
-1922,-1363,-466,-1921.26758,-1357.5354,-465.319153
-1758,-597,-466,-1757.27258,-591.577271,-465.313812
-1512,-1363,-906,-1511.26758,-1357.51965,-905.319153
-1522,-1483,-1746,-1521.00098,-1479.84192,-1746.04297
-1522,-1483,-2266,-1521.00098,-1479.84192,-2266.04297
-1922,-2323,-2266,-1921.00098,-2319.81934,-2266.04297
-1522,-1483,-1746,-1521.00098,-1479.84192,-1746.04297
-1922,-2323,-2266,-1921.00098,-2319.81934,-2266.04297
-1922,-2323,-1746,-1921.00098,-2319.81934,-1746.04297
2049,-1483,-2866,2048.70605,-1416.57971,-2866.95581
1993,-763,-2866,1992.69141,-696.91864,-2866.95117
1566,-1063,-2731,1565.70605,-996.61438,-2731.95581
-3210,-1363,-1426,-3210.04297,-1339.12048,-1426.99902
-3562,-1363,-1426,-3562.04297,-1339.12048,-1426.99902
-3210,-1983,-1397,-3210.04297,-1959.10669,-1397.99902
-3562,-1363,-1426,-3562.04297,-1339.12048,-1426.99902
-3562,-1983,-1397,-3562.04297,-1959.10669,-1397.99902
-3210,-1983,-1397,-3210.04297,-1959.10669,-1397.99902
-1922,-1983,-1397,-1922.04297,-1959.10669,-1397.99902
-1922,-1363,-1426,-1922.04297,-1339.12048,-1426.99902
-3132,-1983,-1397,-3132.04297,-1959.10669,-1397.99902
-1922,-1363,-1426,-1922.04297,-1339.12048,-1426.99902
-3132,-1363,-1426,-3132.04297,-1339.12048,-1426.99902
-3132,-1983,-1397,-3132.04297,-1959.10669,-1397.99902
-3132,-1297,-1379,-3132.04297,-1293.67017,-1379.99902
-3210,-1297,-1379,-3210.04297,-1293.67017,-1379.99902
-3210,-1488,-1349,-3210.04297,-1484.68091,-1349.99902
-3132,-1297,-1379,-3132.04297,-1293.67017,-1379.99902
-3210,-1488,-1349,-3210.04297,-1484.68091,-1349.99902
-3132,-1488,-1349,-3132.04297,-1484.68091,-1349.99902
-3216,-1342,-1525,-3216.99805,-1340.70752,-1524.93762
-3233,-1319,-1508,-3233.99805,-1317.70703,-1507.93848
-3210,-1342,-1446,-3210.99707,-1340.70862,-1445.92383
-3216,-1342,-1525,-3216.99316,-1340.29297,-1525.11523
-3233,-1297,-1620,-3233.99414,-1295.29126,-1620.1073
-3233,-1319,-1508,-3233.99316,-1317.29297,-1508.11548
-3109,-1319,-1508,-3108.00977,-1316.51562,-1508.13831
-3109,-1297,-1620,-3108.00781,-1294.51343,-1620.12341
-3126,-1342,-1525,-3125.01074,-1339.51562,-1525.14502
-3132,-1342,-1446,-3131.00391,-1340.76086,-1445.91174
-3109,-1319,-1508,-3108.00269,-1317.75891,-1507.92688
-3126,-1342,-1525,-3125.00488,-1340.75928,-1524.90137
