188,9,2400,188.041748,15.12183,2399.00098
188,209,2368,188.041748,215.115723,2367.00098
162,118,2381,162.061127,124.1185,2380.00195
210,9,2351,209.286057,13.3257923,2351.7002
164,113,2324,163.272446,117.328865,2324.68604
188,209,2368,187.273132,213.33931,2368.68677
188,9,2400,187.081131,30.1362705,2399.60547
210,9,2351,209.081223,30.1325378,2350.60522
188,209,2368,187.087112,230.111496,2367.5918
210,9,2351,209.002975,10.4773283,2350.9231
213,14,2288,212.002914,15.4774656,2287.92383
164,113,2324,163.00293,114.478584,2323.92358
213,14,2288,212.194641,21.3752079,2287.40723
206,118,2265,205.187546,125.370697,2264.41699
164,113,2324,163.194641,120.377731,2323.40723
213,14,2288,212.499512,18.4320049,2287.13428
270,15,2256,269.499512,19.4311447,2255.13428
206,118,2265,205.504593,122.434372,2264.13135
537,7,1873,537.061096,8.57708549,1872.00195
479,68,1830,479.042725,69.5794983,1829.00098
406,10,1863,406.060913,11.5776691,1862.00195
537,7,1873,537.579163,64.1877594,1872.18481
503,141,1845,503.575745,198.154678,1844.18237
479,68,1830,479.575195,125.155594,1829.18201
479,68,1830,478.860046,71.0459366,1829.00989
434,83,1830,433.860596,86.0473022,1829.00977
406,10,1863,405.867096,13.0477095,1862.00891
537,7,1873,536.835266,9.42477608,1872.01367
549,116,1844,548.84668,118.428101,1843.01184
503,141,1845,502.841187,143.431931,1844.0127
537,7,1873,537.998047,14.2223063,1872.93762
557,148,1913,557.998047,155.22905,1912.93762
549,116,1844,549.998047,123.23101,1843.93762
537,7,1873,537.904785,8.20878696,1872.57422
590,7,1981,590.904785,8.21148968,1980.57422
628,70,1979,628.903137,71.2125854,1978.57068
206,118,2265,205.194641,122.024284,2264.40723
176,168,2278,175.195175,172.023544,2277.40649
164,113,2324,163.194641,117.023453,2323.40723
300,1,2299,300.835266,8.49854851,2299.5498
289,1,2316,289.835602,8.49582195,2316.54932
307,163,2315,307.841614,170.497009,2315.54004
289,1,2316,289.681091,9.24990654,2315.26782
309,1,2335,309.680298,9.24990654,2334.26709
307,163,2315,307.681305,171.226822,2314.26807
309,1,2335,308.648773,13.0395203,2334.06372
328,1,2328,327.648773,13.0395203,2327.06372
307,163,2315,306.648773,175.024353,2314.06372
328,1,2328,327.000946,10.6490984,2328.04346
327,1,2308,326.000946,10.6471376,2308.04346
307,163,2315,306.000946,172.649551,2315.04321
327,1,2308,326.675995,18.42943,2308.94604
300,1,2299,299.675995,18.4324894,2299.94604
307,163,2315,306.675995,180.435196,2315.94604
156,7,2493,155.780396,8.3884964,2492.02441
76,29,2488,75.7892532,30.3872986,2487.02246
37,0,2525,36.7985191,1.38573205,2524.02051
-39,0,1919,-39.4961815,1.10457969,1919.86816
-55,27,1937,-55.5002747,28.1049614,1937.86584
94,7,2002,93.4927826,8.10037422,2002.86182
-117,7,1843,-117.74324,7.86466074,1843.66895
-55,27,1937,-55.7432404,27.8654289,1937.66895
-39,0,1919,-39.7363167,0.865748167,1919.67664
-65,0,3161,-64.9565735,31.1897087,3161.99902
50,115,3161,50.0373802,146.195267,3161.99927
78,58,3159,78.0417175,89.2320328,3159.99902
100,0,2762,100.991898,1.9088515,2762.12695
50,0,3161,50.9919624,1.92087793,3161.12646
78,58,3159,78.9917831,59.9216003,3159.12793
100,0,2762,100.991745,2.20413232,2762.12793
78,58,3159,78.9917679,60.1991196,3159.12793
139,80,2760,139.99086,82.2057724,2760.13477
-80,67,2761,-80.9990692,70.4627304,2760.95703
-80,48,3160,-80.9990692,51.453022,3159.95703
-65,0,3161,-65.9990692,3.45015526,3160.95703
-80,67,2761,-80.9990692,71.6029358,2760.95703
-65,0,3161,-65.9990692,4.61883354,3160.95703
-60,0,2762,-60.999073,4.6014514,2761.95703
-109,0,1600,-109.999062,0.777302086,1599.95679
-173,83,1872,-173.999054,83.7724991,1871.95654
-117,7,1843,-117.999062,7.7725563,1842.95679
51,0,1792,51.9887733,3.39438891,1792.14941
79,67,1786,79.9887466,70.3970337,1786.14941
80,0,1600,80.9887695,3.39340234,1600.14941
79,67,1786,79.9887924,68.3822327,1786.14929
105,64,1600,105.988747,65.380722,1600.14941
80,0,1600,80.9889755,1.37928581,1600.14807
100,0,2762,100.998978,1.75966942,2761.95483
139,80,2760,139.999054,81.7577362,2759.95654
139,88,2659,139.999054,89.7545319,2658.95654
100,0,2762,100.999916,3.3035109,2761.98706
139,88,2659,139.999115,91.3043442,2658.95801
100,0,2661,100.999916,3.3035109,2660.98706
-60,0,2623,-60.9969292,2.79990745,2623.07812
-98,80,2621,-98.9969406,82.8003693,2621.07812
-80,67,2761,-80.9969177,69.8048477,2761.07812
-60,0,2623,-60.999073,5.07094049,2622.95703
-80,67,2761,-80.9990692,72.067627,2760.95703
-60,0,2762,-60.999073,5.07094049,2761.95703
100,0,2661,100.766144,2.45350099,2661.64258
139,88,2659,139.7686,90.4524002,2659.63965
144,80,2649,144.759781,82.4530411,2649.65015
11,0,2482,10.1235247,3.2884481,2481.51855
-33,111,2486,-33.8730621,114.286827,2485.51245
-98,80,2621,-98.8716812,83.2938614,2620.51001
11,0,2482,10.0972557,1.23270714,2481.56982
-98,80,2621,-98.9009399,81.2342377,2620.56616
-60,0,2623,-60.9007225,1.23454154,2622.56567
102,0,2661,102.180908,12.2809191,2661.9834
237,123,2640,237.169968,135.281372,2640.98535
199,0,2642,199.180984,12.303421,2642.9834
121,135,2486,120.937538,188.946609,2485.00195
162,238,2482,161.923523,291.855042,2481.00293
-2,197,2493,-2.07578921,250.894836,2492.00293
156,7,2493,156.025208,33.7891769,2492.00049
121,135,2486,121.030022,161.817902,2485.00049
-33,111,2486,-32.9715652,137.855927,2485.00049
199,0,2642,199.381958,11.9311037,2642.92407
237,123,2640,237.383728,134.922211,2640.92334
368,119,2583,368.382019,130.936035,2583.92407
199,0,2642,199.461273,6.57956553,2642.88721
368,119,2583,368.447174,125.579819,2583.89429
329,0,2577,329.461609,6.57956553,2577.88696
196,0,2465,195.422974,4.86526442,2464.18335
158,123,2463,157.419098,127.858734,2462.18604
121,135,2486,120.425766,139.857712,2485.1814
196,0,2465,195.389786,4.43241072,2464.20776
121,135,2486,120.400719,139.447083,2485.19946
156,7,2493,155.389786,11.4353552,2492.20776
329,0,2577,329.74353,3.40352893,2577.6687
368,119,2583,368.742371,122.408234,2583.66992
474,135,2472,474.734589,138.416885,2472.67847
329,0,2577,329.679901,8.64688778,2577.73315
474,135,2472,474.664124,143.647522,2472.74756
438,7,2478,438.67981,15.6482563,2478.73315
184,0,2276,183.000931,3.49245405,2275.95703
166,111,2283,165.000931,114.491776,2282.95703
158,123,2463,157.000931,126.498756,2462.95703
184,0,2276,183.001907,4.43342304,2276.06152
158,123,2463,157.001907,127.439018,2463.06152
196,0,2465,195.001907,4.43934488,2465.06152
438,7,2478,438.895752,12.3538208,2478.44434
474,135,2472,474.895782,140.357483,2472.44434
529,131,2358,529.901184,136.356522,2358.43335
438,7,2478,438.908234,9.22413826,2478.41846
529,131,2358,529.902893,133.221832,2358.42969
491,0,2360,491.902954,2.22472024,2360.42969
276,132,2231,275.558929,233.9366,2230.10254
166,111,2283,165.567993,213.026749,2282.09814
184,0,2276,183.565979,102.01223,2275.09912
360,4,2253,359.867737,7.47903204,2252.00879
276,132,2231,275.853821,135.468124,2230.01074
184,0,2276,183.860596,3.47015905,2275.00977
491,0,2360,491.599243,5.41276264,2360.80054
529,131,2358,529.585938,136.421692,2358.8103
615,67,2280,615.602173,72.4266891,2280.79834
491,0,2360,491.706055,3.29009604,2360.70801
615,67,2280,615.698486,70.2895737,2280.71558
570,0,2281,570.698486,3.29009604,2281.71558
410,0,2215,409.476562,2.65777636,2214.14795
373,80,2198,372.477356,82.6556549,2197.14746
276,132,2231,275.485413,134.657532,2230.14258
410,0,2215,409.367645,2.22263408,2214.22534
276,132,2231,275.367645,134.220886,2230.22534
360,4,2253,359.367645,6.22276592,2252.22534
570,0,2281,570.95874,2.41757822,2281.28418
615,67,2280,615.95575,69.4179688,2280.29395
678,88,2112,678.958984,90.4146652,2112.28345
570,0,2281,570.920532,1.13561416,2281.39062
678,88,2112,678.920532,89.1403275,2112.39062
640,0,2114,640.914612,1.13763237,2114.4043
480,0,2152,479.484589,6.63306475,2151.14307
456,80,2150,455.484589,86.6335068,2149.14307
373,80,2198,372.485413,86.6291809,2197.14258
480,0,2152,479.320465,2.05745888,2151.26636
373,80,2198,372.335541,82.0558777,2197.25269
410,0,2215,409.335541,2.05515242,2214.25269
640,0,2114,640.950073,3.41891408,2113.68799
678,88,2112,678.950317,91.4189148,2111.68872
628,70,1979,628.949951,73.4158325,1978.68762
640,0,2114,640.920959,2.70296645,2113.61035
628,70,1979,628.925415,72.6999054,1978.62109
590,7,1981,590.925415,9.69899559,1980.62109
452,67,2069,451.056061,117.813606,2069.33008
456,134,2084,455.056305,184.793121,2084.33081
480,160,2152,479.056305,210.747787,2152.33081
473,0,2074,472.004883,4.01522112,2074.09863
452,67,2069,451.004883,71.0144882,2069.09863
456,80,2150,455.004883,84.0158234,2150.09863
473,0,2074,472.00293,3.61367249,2074.07617
456,80,2150,455.003876,83.6183167,2150.08789
480,0,2152,479.003937,3.61410189,2152.08862
566,83,1840,566.697388,104.074913,1839.28333
543,7,1823,543.697388,28.0873032,1822.28333
595,7,1873,595.697388,28.0671539,1872.28333
590,7,1981,590.999084,8.79167461,1981.0426
628,70,1979,628.999023,71.7923584,1979.04272
595,7,1873,595.998962,8.79025269,1873.04358
155,85,2010,154.78093,90.9737015,2010.97571
456,134,2084,455.797607,139.96196,2084.97925
452,67,2069,451.797607,72.9579697,2069.97925
403,0,2047,402.797943,7.97521257,2047.97937
155,85,2010,154.797607,92.9688339,2010.97925
452,67,2069,451.789276,74.9820099,2069.97754
403,0,2047,402.633514,27.1017914,2047.93042
452,67,2069,451.623383,94.1004562,2069.92627
473,0,2074,472.623383,27.0904694,2074.92627
543,7,1823,542.687622,8.56870365,1822.05005
434,83,1830,433.685394,84.5686264,1829.05078
388,7,1872,387.697052,8.56720448,1871.047
94,160,2011,93.9235153,175.039047,2011.99707
339,176,2030,338.92514,191.074081,2030.99719
155,85,2010,154.923523,100.051064,2010.99707
94,7,2002,94.1383743,9.41513252,2002.99036
34,83,2028,34.1383743,85.4139481,2028.99036
155,85,2010,155.138138,87.4158859,2010.99036
434,83,1830,433.955841,87.9447327,1829.00098
91,134,1828,90.9558182,138.954163,1827.00098
114,67,1840,113.955818,71.9532089,1839.00098
388,7,1872,387.955841,9.57322502,1871.00098
434,83,1830,433.955841,85.5736923,1829.00098
114,67,1840,113.955818,69.5713959,1839.00098
388,7,1872,388.086639,13.2967539,1871.00378
114,67,1840,114.075737,73.2621613,1839.00293
91,0,1846,91.076088,6.26139069,1845.00293
-55,27,1937,-55.5265884,28.3299713,1937.8501
-96,88,1952,-96.5104218,89.3291092,1952.85986
34,83,2028,33.4799347,84.330513,2028.85413
-55,27,1937,-55.4816589,28.5685635,1937.87634
34,83,2028,33.5257149,84.569252,2028.88037
94,7,2002,93.5097504,8.56677532,2002.87158
91,0,1846,91.8336792,2.44628215,1845.44775
114,67,1840,114.840347,69.4451904,1839.45801
79,67,1786,79.8403473,69.4480591,1785.45801
91,0,1846,91.8006516,3.01724505,1845.40088
79,67,1786,79.797348,70.0180664,1785.39648
51,0,1792,51.8005638,3.0158987,1791.40076
-117,7,1843,-117.700272,9.00115681,1843.71375
-173,83,1872,-173.711075,84.9998245,1872.703
-96,88,1952,-96.7022095,89.9979401,1952.71191
-117,7,1843,-117.76622,8.29942322,1843.64258
-96,88,1952,-96.7656937,89.3001785,1952.64319
-55,27,1937,-55.7734947,28.2992496,1937.63379
-267,460,800,-267.630554,467.079956,799.223877
-348,460,866,-348.630707,467.072083,865.223999
-306,-40,892,-306.630402,-32.9701042,891.223755
-127,460,846,-126.68557,533.688965,845.05072
-267,460,800,-266.679932,533.715027,799.052612
-282,174,800,-281.679749,247.511108,799.052673
-127,460,846,-126.676147,540.033081,845.053894
-282,174,800,-281.679932,254.297012,799.052612
-210,210,823,-209.68779,290.23877,822.049988
-155,198,846,-155.5448,262.218933,845.161438
-160,-40,853,-160.5448,24.1032829,852.161438
-80,-40,800,-80.5522461,24.2025719,799.166321
352,460,1566,352.560974,482.089447,1566.82776
369,85,1538,369.575195,107.038399,1538.81799
294,97,1591,294.568176,119.072754,1591.82288
200,460,1600,199.437134,470.372772,1600.82654
254,85,1600,253.437134,95.3746262,1600.82654
176,85,1548,175.437302,95.3746262,1548.82666
225,76,1571,224.564163,124.942574,1571.90002
171,-40,1542,170.565979,8.85753822,1542.90088
176,85,1548,175.568481,133.930649,1548.9021
400,460,1200,400.963531,480.925293,1199.73242
347,460,1010,347.963531,480.859833,1009.73242
354,-40,1108,354.963531,-19.0157871,1107.73242
400,460,1200,400.963806,491.514191,1199.7334
354,-40,1108,354.963806,-8.56958389,1107.7334
400,-40,1280,400.963501,-8.64866447,1279.73242
400,460,1400,400.999115,472.942993,1399.95801
400,460,1200,400.999115,472.942993,1199.95801
359,-40,1420,359.999115,-27.0335293,1419.95801
352,460,1566,352.958588,479.598419,1566.28479
400,460,1400,400.958435,479.616486,1400.28516
359,-40,1420,359.958435,-20.395401,1420.28516
-306,-40,892,-306.871918,-33.0185699,891.510376
-348,460,866,-348.871582,466.931061,865.509766
-400,460,960,-400.871674,466.924225,959.509949
-400,460,1280,-400.742645,470.140137,1279.33032
-400,-40,1377,-400.742645,-29.8427448,1376.33032
-338,-40,1309,-338.73526,-29.8356819,1308.32227
-400,460,1280,-400.884857,468.77887,1280.46582
-338,-40,1309,-338.879608,-31.3081627,1309.47559
-396,-40,1199,-396.880127,-31.3155766,1199.47473
-400,460,1280,-400.960663,465.716003,1280.27771
-378,210,1174,-378.963531,215.717712,1174.26758
-400,210,1096,-400.963806,215.710861,1096.2666
-400,460,960,-400.963531,467.149384,959.732422
-400,210,1096,-400.963531,217.151871,1095.73242
-378,210,1014,-378.963654,217.156464,1013.73285
340,460,825,340.977722,498.277435,824.7901
327,127,817,327.977814,165.199112,816.790527
342,127,887,342.977722,165.189896,886.7901
327,127,817,326.867279,146.973404,816.00885
300,460,800,299.86911,479.996399,799.008606
193,127,834,192.867264,146.9543,833.00885
121,108,1645,121.857368,116.044174,1645.51465
200,460,1600,200.854523,468.086975,1600.51941
176,85,1548,176.855042,93.0490189,1548.51855
80,-40,1600,80.6135025,-33.1895332,1600.78967
118,117,1600,118.618317,123.825203,1600.78589
176,85,1548,176.61554,91.8286438,1548.78809
80,-40,1600,80.5342331,-22.8508072,1600.84534
176,85,1548,176.524719,102.149818,1548.8512
171,-40,1542,171.52475,-22.8448868,1542.8512
-86,114,1600,-85.9586716,124.809753,1600.99915
-6,188,1603,-5.9570756,198.783524,1603.99902
0,150,1600,0.0409906618,160.787155,1600.99915
0,150,1600,-0.043009311,160.213257,1600.99902
-6,188,1603,-6.04306936,198.213623,1603.99902
95,140,1600,94.9558182,150.213562,1600.99902
85,161,1645,84.0029068,163.379837,1644.92383
121,108,1645,120.0019,110.379692,1644.93848
118,117,1600,117.0019,119.379364,1599.93848
85,161,1645,84.0267487,161.710403,1645.22974
118,117,1600,117.026749,117.710213,1600.22974
95,140,1600,94.0267487,140.71022,1600.22974
-248,178,1569,-248.759903,179.361435,1569.65002
-365,293,1545,-365.764496,294.36322,1545.64453
-248,210,1600,-248.75946,211.360229,1600.65039
-86,114,1600,-86.4952774,115.008736,1600.86865
-248,178,1569,-248.493454,179.003555,1569.86975
-248,210,1600,-248.508545,211.003525,1600.86096
-174,172,864,-173.779419,173.887268,863.024658
-155,198,846,-154.779419,199.888092,845.024658
-210,210,823,-209.779419,211.887527,822.024658
-268,158,835,-267.61734,159.484238,834.076111
-174,172,864,-173.61676,173.484039,863.076355
-210,210,823,-209.628433,211.484695,822.071594
-268,158,835,-267.294006,159.770401,834.291809
-210,210,823,-209.291992,211.768372,822.293823
-282,174,800,-281.289001,175.769821,799.296814
400,-40,960,399.600281,-38.6735001,959.083374
342,127,887,341.600403,128.325516,886.083313
316,102,913,315.589539,103.324997,912.088135
359,-40,1420,359.060455,-38.265831,1420.99817
345,55,1511,345.060455,56.7357101,1511.99817
369,85,1538,369.059723,86.7358551,1538.99805
176,85,1548,175.438019,86.0635071,1548.82715
254,85,1600,253.438736,86.0658875,1600.82764
225,76,1571,224.437668,77.0650177,1571.8269
-363,238,1050,-363.062134,265.81955,1050.99805
-378,239,1049,-378.074799,266.824066,1049.99719
-368,263,1051,-368.074493,290.823334,1051.99719
-359,242,1063,-359.937256,245.895096,1063.34863
-363,238,1050,-363.937225,241.895523,1050.34863
-368,263,1051,-368.937256,266.894775,1051.34863
-371,246,1071,-371.712372,247.115723,1070.29822
-359,242,1063,-359.71106,243.115738,1062.29688
-368,263,1051,-368.71225,264.115723,1050.2981
-367,191,1080,-367.608307,199.285065,1079.2063
-359,242,1063,-359.599426,250.28511,1062.19958
-371,246,1071,-371.599274,254.283569,1070.19946
-367,191,1080,-367.545837,199.086426,1079.16211
-371,246,1071,-371.558167,254.08844,1070.17029
-377,194,1086,-377.560974,202.085464,1085.17224
-337,245,1097,-337.190308,248.73497,1097.98169
-347,249,1096,-347.180389,252.736023,1096.98352
-334,270,1103,-334.185364,273.735962,1103.98267
-343,248,1113,-343.54184,255.001968,1112.15955
-334,244,1108,-334.54483,251.001709,1107.1615
-334,270,1103,-334.54187,277.000519,1102.15955
268,129,835,267.003021,132.252121,834.922363
248,177,859,247.002914,180.250992,858.923767
249,172,869,248.00293,175.250885,868.923523
268,129,835,267.008881,131.352234,834.867065
249,172,869,248.008865,174.352371,868.867188
268,125,845,267.008881,127.351875,844.867065
249,172,869,248.035934,173.273087,868.734375
248,177,859,247.035934,178.272842,858.734375
233,192,873,232.035934,193.272476,872.734375
272,122,845,272.854431,132.435028,845.519531
277,187,853,277.854858,197.435883,853.51886
288,183,834,288.85141,193.43837,834.524414
272,122,845,272.86676,125.763443,845.498718
288,183,834,288.86676,186.771957,834.498718
280,119,830,280.867218,122.765076,830.497925
291,183,870,290.525726,187.980392,869.119629
311,177,861,310.525726,181.980804,860.119629
300,208,857,299.526398,212.978851,856.119263
288,183,834,288.754486,183.963882,834.65625
277,187,853,277.768768,187.964462,853.639526
300,208,857,300.759552,208.963959,857.650391
277,187,853,277.683655,188.414246,852.270203
291,183,870,291.680847,184.41333,869.267578
300,208,857,300.681824,209.414185,856.268494
-189,226,853,-188.163437,233.6577,852.452148
-184,221,862,-183.163437,228.657852,861.452148
-178,246,864,-177.163437,253.657883,863.452148
-173,220,860,-173.983719,224.925903,859.820312
-172,225,850,-172.983719,229.925171,849.820312
-178,246,864,-178.983719,250.927399,863.820312
-201,176,833,-201.990875,178.365051,832.865234
-220,223,857,-220.990875,225.365738,856.865234
-220,219,866,-220.990875,221.36554,865.865234
-201,176,833,-201.998093,179.435349,832.938293
-220,219,866,-220.997971,222.436081,865.936523
-200,172,843,-200.998062,175.435028,842.937805
-229,214,869,-229.322235,294.052307,868.053345
-220,219,866,-220.322449,299.060516,865.053467
-236,239,871,-236.322235,319.06546,870.053345
-220,219,866,-220.953369,220.961105,865.698242
-220,223,857,-220.953369,224.961121,856.698242
-236,239,871,-236.953384,240.961578,870.698242
-33,149,1607,-33.9638062,151.226791,1607.2666
-52,193,1578,-52.9639397,195.226883,1578.26611
-51,199,1587,-51.9638405,201.226959,1587.26648
-33,149,1607,-33.9638062,151.226791,1607.2666
-51,199,1587,-51.9638405,201.226959,1587.26648
-32,155,1616,-32.9638062,157.226868,1616.2666
-41,154,1621,-40.2549591,165.039597,1620.33301
-61,198,1592,-60.2541733,209.034286,1591.33386
-67,192,1586,-66.2540665,203.033813,1585.33398
-41,154,1621,-40.2900238,158.420135,1620.29578
-67,192,1586,-66.2879715,196.421509,1585.29785
-48,148,1615,-47.2909927,152.419464,1614.2948
-51,199,1587,-51.900631,200.101547,1587.43445
-52,193,1578,-52.8987389,194.101608,1578.43835
-67,212,1571,-67.8919067,213.102066,1571.45215
-67,192,1586,-66.1287537,194.870056,1585.50916
-61,198,1592,-60.1334152,200.87056,1591.50098
-67,212,1571,-66.1334152,214.869965,1570.50098
311,71,1555,311.97467,75.8174057,1555.22363
327,124,1547,327.97464,128.81749,1547.22363
329,122,1536,329.974609,126.817551,1536.22363
311,71,1555,311.971832,76.8297195,1555.2356
329,122,1536,329.971588,127.833298,1536.23633
313,69,1545,313.970642,74.8300247,1545.24023
344,119,1546,343.069672,165.763428,1546.3667
340,119,1536,339.069336,165.768921,1536.36584
341,144,1540,340.069092,190.765411,1540.36523
340,119,1536,339.955841,123.256104,1536.99902
329,122,1536,328.955841,126.256401,1536.99902
341,144,1540,340.955841,148.254944,1540.99902
329,122,1536,329.958405,123.337044,1536.28516
327,124,1547,327.958466,125.336861,1547.28516
341,144,1540,341.958435,145.337234,1540.28516
293,71,1553,292.091156,102.613159,1553.41711
291,125,1552,290.087219,156.631577,1552.40845
297,125,1565,296.095184,156.637482,1565.42578
293,71,1553,292.087769,113.651573,1553.40967
297,125,1565,296.087219,167.668594,1565.40845
298,71,1564,297.087219,113.650322,1564.40845
297,125,1565,296.087219,127.861282,1565.40845
291,125,1552,290.09552,127.861031,1552.42651
283,147,1563,282.091095,149.861511,1563.41699
291,125,1552,291.106934,126.881958,1552.99426
277,124,1553,277.096985,125.882431,1553.99524
283,147,1563,283.106781,148.881866,1563.99426
277,124,1553,277.977753,126.543205,1553.20972
274,124,1567,274.977783,126.543388,1567.20959
283,147,1563,283.977692,149.543716,1563.20996
-177,4,1590,-177.399109,5.88177872,1589.08313
-207,64,1583,-207.398834,65.8828812,1582.08301
-228,61,1593,-228.382645,62.8818207,1592.07617
-177,4,1590,-177.389633,6.3791008,1589.0791
-228,61,1593,-228.38945,63.3812256,1592.07898
-197,2,1599,-197.389023,4.37916183,1598.07886
-179,3,1567,-179.993881,5.34749269,1567.11035
-209,63,1561,-209.993942,65.3483887,1561.10986
-207,64,1583,-207.993881,66.3480072,1583.11035
-179,3,1567,-179.993866,6.18822145,1567.11035
-207,64,1583,-207.993927,67.19133,1583.10999
-177,4,1590,-177.993881,7.18903065,1590.11023
-209,63,1561,-209.145706,63.9085732,1561.98926
-231,60,1556,-231.144989,60.9084167,1556.98938
-238,86,1570,-238.151031,86.9095917,1570.98853
-231,60,1556,-230.126236,123.33223,1556.48633
-242,59,1576,-241.126236,122.336243,1576.48633
-238,86,1570,-237.126236,149.331436,1570.48633
-242,59,1576,-241.212326,64.4382324,1575.38391
-228,61,1593,-227.21167,66.4366837,1592.38477
-238,86,1570,-237.21167,91.4379044,1569.38477
64,162,1621,64.7663193,163.431458,1621.64246
95,208,1617,95.7664108,209.431931,1617.64233
100,204,1608,100.766174,205.431763,1608.64258
64,162,1621,64.8332901,162.867111,1621.55273
100,204,1608,100.833267,204.867477,1608.55273
68,158,1611,68.8314133,158.866837,1611.55554
108,198,1610,107.687622,204.591415,1610.94995
100,204,1608,99.678833,210.590576,1608.94702
116,223,1615,115.683189,229.592987,1615.94849
100,204,1608,100.668091,205.401489,1608.74402
95,208,1617,95.6681366,209.401459,1617.74402
116,223,1615,116.668083,224.401382,1615.74402
30,170,1621,30.8764629,174.776413,1621.48145
41,223,1622,41.876442,227.779846,1622.48145
48,222,1609,48.8708687,226.779388,1609.49146
30,170,1621,30.8455238,177.340378,1621.53394
48,222,1609,48.8494225,229.345612,1609.52771
36,169,1611,36.8462906,176.340408,1611.53271
63,218,1626,62.0090599,221.518768,1626.13428
61,218,1612,60.0090408,221.518158,1612.13416
57,243,1620,56.0088615,246.517014,1620.13281
61,218,1612,60.6665001,220.484009,1612.94275
48,222,1609,47.6658096,224.484253,1609.9425
57,243,1620,56.6654663,245.483337,1620.94238
48,222,1609,48.8573532,223.870819,1609.51465
41,223,1622,41.857399,224.871185,1622.51465
57,243,1620,57.8548126,244.870911,1620.51892
-357,11,458,-357.985748,15.175457,457.831848
-331,13,304,-331.985779,17.1769257,303.83197
-400,138,438,-400.985931,142.179321,437.832855
-341,143,580,-341.917999,146.497101,580.396484
-357,11,458,-357.920197,14.498991,458.391449
-400,138,438,-400.920105,141.498642,438.391663
-241,7,678,-241.726181,43.1638222,678.6875
-331,9,584,-331.726135,45.1417427,584.6875
-341,143,580,-341.726135,179.192703,580.6875
-65,4,663,-64.9227219,13.3398876,663.997009
-241,7,678,-240.911346,16.3507118,678.996033
-250,119,686,-249.911713,128.36058,686.996094
-241,7,678,-241.770035,11.7294331,678.638
-341,143,580,-341.776672,147.696716,580.629883
-250,119,686,-250.768631,123.71402,686.639648
-65,4,663,-64.9225922,13.5445709,663.996948
-250,119,686,-249.923523,128.569794,686.99707
-56,123,670,-55.9227219,132.559311,670.997009
-331,13,304,-331.940613,19.6335335,303.660522
-349,137,298,-349.936584,143.642166,297.649567
-400,138,438,-400.940613,144.650711,437.660522
-331,9,584,-331.981689,25.0835552,584.190369
-357,11,458,-357.979706,27.0684547,458.200409
-341,143,580,-341.981689,159.068985,580.190308
80,131,800,80.9627075,132.549332,800.270508
121,71,534,121.962906,72.5541534,534.269836
78,4,554,78.9627151,5.55410385,554.270508
88,177,556,88.2184982,184.390152,555.02417
-163,70,520,-162.779572,77.3780899,519.024597
-178,9,529,-177.780655,16.3751049,528.024353
-178,9,529,-177.911713,13.0084457,528.003906
78,4,554,78.0973969,8.01561832,553.004761
121,71,534,121.097397,75.0159454,533.004761
324,130,300,324.927155,143.396912,300.374634
397,114,114,397.933228,127.419655,114.359253
385,36,124,385.929321,49.4181671,124.369232
-331,13,304,-331.650482,21.5611839,303.240479
-174,13,168,-174.64975,21.5366783,167.239853
-190,166,163,-190.649963,174.527481,162.240036
-331,13,304,-331.630463,20.4028244,303.223785
-190,166,163,-190.631104,173.407135,162.224304
-349,137,298,-349.630493,144.390945,297.223816
-45,13,156,-44.5898514,21.3574142,155.087982
49,13,199,49.4099464,21.359827,198.087891
35,88,181,35.4101486,96.3607178,180.087982
-174,13,168,-173.899261,41.5512085,167.005096
51,154,190,51.1084976,182.705795,189.005905
-190,166,163,-189.899323,194.577881,162.005081
227,13,135,226.725204,16.0351524,134.038498
203,103,111,202.726105,106.035728,110.038246
123,90,138,122.7286,93.0305557,137.037537
49,13,199,48.5619011,16.5143852,198.101074
123,90,138,122.56366,93.5096741,137.10022
35,88,181,34.5619316,91.5123596,180.101059
227,13,135,226.006851,16.3377266,135.116852
208,39,25,207.006927,42.3409538,25.1174965
203,103,111,202.007004,106.341751,111.118103
324,130,300,324.261871,134.982925,300.965088
302,13,270,302.257843,17.9775352,270.966187
54,106,361,54.2543755,110.968117,361.967102
324,130,300,324.888123,132.626709,300.459595
385,36,124,385.88681,38.634037,124.46212
302,13,270,302.887787,15.6302862,270.460236
368,39,25,368.9841,44.9323425,24.8223877
385,36,124,385.983765,41.9253044,123.820549
397,114,114,397.983765,119.927025,113.820549
54,106,361,54.2963371,117.608109,361.955078
302,13,270,302.293365,24.5863705,270.955994
25,13,358,25.2967186,24.6033287,358.954956
54,106,361,54.1324081,118.090607,361.99118
25,13,358,25.1324291,25.0789452,358.99118
-171,13,386,-170.858017,25.0455341,386.989868
54,106,361,54.2123451,109.830559,361.977173
-171,13,386,-170.785461,16.8191242,386.976715
-168,81,403,-167.785599,84.8236237,403.976746
-178,9,529,-177.000931,26.5858479,529.043091
-168,81,403,-167.0009,98.5464783,403.042419
-171,13,386,-170.0009,30.5474548,386.042328
-168,81,403,-167.001892,82.9998779,402.938538
-178,9,529,-177.001846,10.992259,528.93927
-163,70,520,-162.001846,71.9931107,519.93927
-152,131,543,-151.001846,135.792694,542.93927
-168,81,403,-167.001892,85.8042755,402.938538
-163,70,520,-162.001846,74.79319,519.93927
-152,131,543,-151.003876,151.966293,542.912048
-162,174,402,-161.003967,194.971542,401.911041
-168,81,403,-167.003845,101.986099,402.912415
544,780,-712,544.712952,797.169739,-712.701172
497,780,-760,497.710114,797.181946,-760.704041
506,542,-727,506.709076,559.208435,-727.705078
544,780,-712,544.733948,790.345581,-712.679199
506,542,-727,506.72522,552.380676,-727.688477
532,490,-693,532.732971,500.392883,-693.680237
611,789,-642,611.715027,808.311218,-642.699097
544,780,-712,544.733521,799.305359,-712.679626
532,490,-693,532.716125,509.342773,-693.697937
611,789,-642,611.613281,816.917908,-642.789795
532,490,-693,532.613281,518.065186,-693.789856
582,553,-656,582.613525,581.026917,-656.789673
120,780,-40,119.500778,794.132202,-39.1335258
124,0,-117,123.500725,14.2317276,-116.13356
58,415,-113,57.5007591,429.186859,-112.133537
162,0,-729,162.24295,52.7884216,-729.970032
120,780,-760,120.246315,832.804932,-760.969177
101,0,-744,101.243271,52.7789345,-744.96991
16,0,-537,15.5912781,19.3256874,-537.912659
-80,780,-560,-80.4023666,799.25354,-560.915466
-130,291,-497,-130.403839,310.326782,-497.914825
16,0,-537,15.6684017,55.3233109,-537.94342
-153,74,-483,-153.309219,129.28511,-483.950989
-158,8,-480,-158.309937,63.2746315,-480.950745
16,0,-537,15.6685753,48.8721352,-537.943481
-130,291,-497,-130.321228,339.930298,-497.94696
-153,74,-483,-153.319183,122.820427,-483.947693
13,0,-237,12.4089165,6.08422089,-236.19339
-158,8,-359,-158.587646,14.0768242,-358.190887
-158,96,-345,-158.587128,102.075806,-344.190521
13,0,-237,12.4095421,10.2162838,-236.192932
-158,0,-360,-158.587143,10.241827,-359.190521
-158,8,-359,-158.587189,18.2418861,-358.190552
-80,780,-240,-80.6352234,788.731384,-239.227676
13,0,-237,12.3701706,8.80129528,-236.223267
-138,291,-333,-138.626083,299.758392,-332.220245
124,0,-117,123.179146,14.5601463,-116.428864
120,780,-40,119.179146,794.462036,-39.4288635
208,183,25,207.180557,197.555069,25.5731602
440,780,-40,440.406891,795.886658,-39.086525
639,129,-159,639.408203,144.793076,-158.087112
626,0,-159,626.408447,15.7729855,-158.087219
13,0,-237,12.1783714,13.4281836,-237.570023
-80,780,-240,-80.8244247,793.450073,-240.565948
-45,0,-153,-45.82444,13.4226789,-153.565948
-80,780,-560,-80.9969406,788.030945,-560.078125
16,0,-537,15.0030518,8.0129528,-537.078064
29,0,-691,28.0030518,8.01688671,-691.078064
120,780,-760,120.337563,831.942017,-760.941284
162,0,-729,162.349564,51.8777008,-729.93689
249,0,-697,249.343109,51.8450775,-697.93927
497,780,-760,496.957245,789.20636,-760.999084
120,780,-760,119.957222,789.20636,-760.999084
249,0,-697,248.95723,9.20517731,-697.999084
628,780,-185,628.999023,808.864197,-185.043015
611,789,-642,611.998962,817.806458,-642.044556
600,0,-433,600.999023,28.8292599,-433.04361
611,255,-642,611.292053,281.22525,-642.95636
560,472,-663,560.292175,498.312408,-663.95636
550,303,-662,550.292053,329.276611,-662.95636
502,305,-708,502.920746,318.976044,-708.390137
522,472,-702,522.925415,485.973175,-702.378845
497,462,-760,497.920074,475.969055,-760.391602
550,303,-662,550.712952,322.429077,-662.701172
560,472,-663,560.712952,491.464661,-663.701111
522,472,-702,522.712952,491.467285,-702.701172
550,303,-662,550.696716,321.810211,-662.717346
522,472,-702,522.696411,490.808289,-702.71759
502,305,-708,502.67984,323.806915,-708.733337
679,0,-310,679.942078,6.68270683,-309.664612
626,0,-159,626.942078,6.68660545,-158.664612
627,10,-159,627.942078,16.6869507,-158.664612
679,0,-310,679.942749,6.22296953,-309.666504
627,10,-159,627.942322,16.2180634,-158.665298
680,10,-308,680.942078,16.2226639,-307.664612
-130,83,-497,-130.886383,116.276237,-496.537048
-110,301,-445,-110.884521,334.344055,-444.533508
-102,132,-439,-102.884621,165.269485,-438.533691
-102,132,-439,-102.999062,144.855255,-439.043304
-110,301,-445,-110.999062,313.877289,-445.043274
-112,301,-391,-112.999062,313.88858,-391.043274
-102,132,-439,-102.999054,156.377396,-439.043335
-112,301,-391,-112.999062,325.421631,-391.043274
-103,134,-372,-103.999062,158.384094,-372.043274
-103,134,-372,-103.906662,139.751266,-372.421844
-112,301,-391,-112.906616,306.750916,-391.421936
-138,291,-333,-138.908936,296.760071,-333.416901
626,83,-154,626.991089,93.1745529,-154.132889
656,337,-147,656.990173,347.155457,-147.139771
650,347,-202,650.991089,357.148651,-202.132843
626,83,-154,626.955994,90.1941605,-154.293381
650,347,-202,650.956055,354.162323,-202.293182
614,132,-217,614.955872,139.185181,-217.293777
614,132,-217,614.946106,140.072556,-216.676147
650,347,-202,650.946106,355.063782,-201.676147
667,347,-254,667.946106,355.068573,-253.676147
614,132,-217,614.959717,139.290237,-216.71904
667,347,-254,667.960266,354.288452,-253.720917
633,134,-281,633.959717,141.29248,-280.719055
633,134,-281,633.762939,140.674347,-280.353546
667,347,-254,667.763,353.66922,-253.353607
706,337,-303,706.762939,343.672729,-302.353546
633,134,-281,633.498352,144.74321,-280.133026
706,337,-303,706.497437,347.755585,-302.132507
676,95,-310,676.498596,105.74791,-309.133179
-662,131,-1060,-662.534363,165.724869,-1060.84521
-662,60,-1057,-662.53418,94.7048035,-1057.84534
-571,98,-1116,-571.534424,132.69339,-1116.84521
-597,40,-912,-596.775574,75.8335648,-911.025513
-657,155,-895,-656.775574,190.810135,-894.025513
-598,181,-908,-597.775391,216.776505,-907.025574
-537,28,-943,-536.537109,52.4644203,-942.113586
-597,40,-912,-596.540161,64.4973373,-911.112
-598,181,-908,-597.537109,205.585968,-907.113586
-537,28,-943,-536.574219,46.1475449,-942.095215
-598,181,-908,-597.574219,199.214005,-907.095215
-544,169,-934,-543.574219,187.184235,-933.095215
-414,26,-853,-414.599304,42.0032654,-852.199524
-537,28,-943,-537.586853,43.9744148,-942.190308
-544,169,-934,-544.586487,184.974274,-933.190063
-414,26,-853,-414.575012,43.2552338,-852.181885
-544,169,-934,-544.572876,186.286453,-933.180359
-421,138,-849,-421.575226,155.261185,-848.182007
-419,24,-731,-419.998993,40.5777893,-731.044373
-414,26,-853,-414.998993,42.5817413,-853.044312
-421,138,-849,-421.998993,154.602905,-849.044495
-419,24,-731,-419.999023,41.0061569,-731.044128
-421,138,-849,-421.998993,155.012207,-849.044434
-427,161,-729,-427.999054,178.022079,-729.043396
-517,22,-640,-517.677734,50.5921402,-640.735291
-419,24,-731,-419.677856,52.5457649,-731.735168
-427,161,-729,-427.679749,189.589996,-729.733398
-517,22,-640,-517.666992,40.6251984,-640.744995
-427,161,-729,-427.662811,179.564682,-729.748779
-525,157,-641,-525.666992,175.595993,-641.745056
-517,22,-640,-517.914673,36.0160103,-640.404175
-525,157,-641,-525.914612,171.021515,-641.404236
-579,140,-517,-579.914673,153.98674,-517.404175
-555,22,-520,-555.950928,29.900404,-520.309387
-517,22,-640,-517.955811,29.903738,-640.293945
-579,140,-517,-579.950867,147.897476,-517.30957
-555,22,-520,-555.965027,27.4917202,-519.737854
-579,140,-517,-579.9646,145.496246,-516.736328
-522,87,-348,-522.967529,92.4925003,-347.747253
-514,20,-374,-514.967529,23.478302,-373.747253
-555,22,-520,-555.964661,25.4818077,-519.736511
-522,87,-348,-522.961731,90.482254,-347.726044
-514,20,-374,-514.533264,21.2153454,-373.154053
-522,87,-348,-522.532227,88.2172699,-347.153412
-368,81,-254,-368.533844,82.2142792,-253.154419
-361,17,-282,-361.525726,19.8036346,-281.149353
-514,20,-374,-514.518005,22.8021145,-373.144623
-368,81,-254,-368.525757,83.8045349,-253.149368
-251,9,-271,-251.124924,12.0592632,-270.007843
-361,17,-282,-361.125916,20.0619659,-281.007965
-368,81,-254,-368.140015,84.0628891,-253.009857
-251,9,-271,-251.125656,10.0618944,-270.007935
-368,81,-254,-368.124847,82.0578003,-253.007828
-256,69,-245,-256.126801,70.0600281,-244.008072
-202,0,-320,-201.321198,4.70198154,-319.265686
-251,9,-271,-250.321198,13.7047434,-270.265686
-256,69,-245,-255.321198,73.7089844,-244.265686
-202,0,-320,-201.321198,5.26519918,-319.265686
-256,69,-245,-255.321259,74.2648926,-244.265625
-204,67,-294,-203.321228,72.2662659,-293.265656
-158,8,-359,-157.305679,11.5373554,-358.280334
-202,0,-320,-201.304764,3.54207826,-319.281219
-204,67,-294,-203.304077,70.5403976,-293.281891
-158,8,-359,-157.229568,22.0168724,-358.362488
-204,67,-294,-203.229568,81.0156784,-293.362488
-158,96,-345,-157.224609,110.005722,-344.36853
-571,98,-1116,-571.205383,111.374374,-1116.97864
-596,40,-1104,-596.205322,53.3755989,-1104.97864
-459,28,-1132,-459.218506,41.3638954,-1132.97583
-571,98,-1116,-571.243164,104.168915,-1116.96997
-459,28,-1132,-459.222534,34.1684456,-1132.97485
-431,86,-1147,-431.218506,92.1744995,-1147.97583
-256,24,-812,-255.060944,26.2070484,-811.65625
-321,22,-627,-320.061005,24.2049122,-626.656128
-283,78,-638,-282.060944,80.2041779,-637.65625
-256,24,-812,-255.047516,25.9276314,-811.695435
-283,78,-638,-282.046967,79.9227371,-637.697144
-221,80,-823,-220.047165,81.9274826,-822.696533
-285,26,-970,-284.01889,28.423996,-970.19342
-256,24,-812,-255.01889,26.4207001,-812.19342
-221,80,-823,-220.018875,82.4200287,-823.193359
-285,26,-970,-284.021881,26.7480965,-970.208008
-221,80,-823,-220.021881,80.7501755,-823.208008
-253,83,-983,-252.021881,83.7471313,-983.208008
-431,86,-1147,-430.318512,88.8947525,-1147.73181
-459,28,-1132,-458.319031,30.8955307,-1132.7323
-285,26,-970,-284.319611,28.8945961,-970.732849
-431,86,-1147,-430.334595,88.3357315,-1147.74646
-285,26,-970,-284.334381,28.3304958,-970.746277
-253,83,-983,-252.334305,85.3292007,-983.746216
-283,78,-638,-282.353485,81.3495483,-637.237122
-321,22,-627,-320.353485,25.3503761,-626.237122
-380,22,-577,-379.353424,25.3538952,-576.237183
-283,78,-638,-282.290985,80.9625168,-637.294861
-380,22,-577,-379.289124,24.964222,-576.296692
-349,77,-573,-348.290985,79.9635849,-572.294861
-349,77,-573,-348.104187,79.8188248,-572.555603
-380,22,-577,-379.104156,24.8194714,-576.555664
-420,20,-499,-419.103058,22.8203068,-498.557861
-391,140,-506,-390.224609,145.118942,-505.36853
-349,77,-573,-348.2258,82.1216736,-572.367065
-420,20,-499,-419.224609,25.1225986,-498.36853
-349,132,-437,-348.163544,137.914932,-437.548004
-391,140,-506,-390.15448,145.917084,-506.533936
-420,20,-499,-419.163422,25.9180775,-499.547821
-349,132,-437,-348.26416,138.355301,-437.677155
-420,20,-499,-419.262848,26.3633308,-499.67572
-351,17,-424,-350.262878,23.3654747,-424.675751
-253,134,-454,-253.166183,147.796631,-454.986084
-349,132,-437,-349.166138,145.794708,-437.986084
-351,17,-424,-351.166229,30.7942448,-424.986084
-253,134,-454,-253.194611,144.175125,-454.980865
-351,17,-424,-351.193359,27.1995735,-424.98111
-250,9,-443,-250.188309,19.194767,-443.982086
-253,134,-454,-253.530762,150.918259,-454.847504
-250,9,-443,-250.530701,25.9143581,-443.847534
-202,0,-472,-202.530731,16.9174366,-472.847534
-153,74,-483,-153.166138,93.4778442,-483.986084
-202,0,-472,-202.166245,19.4617615,-472.986084
-158,8,-480,-158.166168,27.4692383,-480.986084
-1920,400,-928,-1920.97839,409.478821,-927.793274
-1873,400,-705,-1873.97827,409.462402,-704.792969
-1860,242,-741,-1860.97937,251.457581,-740.797974
-1920,400,-928,-1920.98132,406.282135,-927.807678
-1860,242,-741,-1860.9823,248.261154,-740.812744
-1856,181,-768,-1856.9823,187.260513,-767.812744
-1920,400,-928,-1920.99915,402.901642,-927.958679
-1856,181,-768,-1856.99902,183.888672,-767.955872
-1840,121,-768,-1840.99902,123.887657,-767.955872
-1920,400,-928,-1920.94116,411.850708,-927.662109
-1840,121,-768,-1840.94116,132.800125,-767.662109
-1840,-21,-800,-1840.94019,-9.22529125,-799.659363
-1280,-21,-1320,-1279.71582,0.644551754,-1320.95874
-1253,119,-1320,-1252.71582,140.612854,-1320.95874
-1379,400,-1372,-1378.73059,421.556274,-1372.96301
-1379,400,-1372,-1378.79297,408.681549,-1372.97827
-1256,223,-1321,-1255.79297,231.677628,-1321.97827
-1221,317,-1326,-1220.79333,325.677551,-1326.97839
-1840,121,-610,-1840.90491,135.702866,-610.425598
-1920,400,-496,-1920.90186,414.706207,-496.431824
-1869,-21,-520,-1869.90479,-6.28921556,-520.425659
-1840,121,-610,-1840.93616,151.802368,-610.351501
-1869,-21,-520,-1869.93652,9.81994629,-520.350586
-1840,-21,-597,-1840.93726,9.83886719,-597.348633
-1873,400,-705,-1873.99902,407.567841,-704.955872
-1850,208,-613,-1850.99902,215.574982,-612.955872
-1856,243,-667,-1856.99902,250.579315,-666.955872
-1873,400,-705,-1873.99902,413.651581,-704.955872
-1856,243,-667,-1856.99902,256.668976,-666.956055
-1860,242,-741,-1860.99902,255.67775,-740.956055
-1920,400,-496,-1920.93677,408.59494,-496.349945
-1840,121,-610,-1840.93616,129.578781,-610.351562
-1850,208,-613,-1850.93115,216.586411,-613.364258
-1873,400,-705,-1873.97449,405.67807,-705.224121
-1920,400,-496,-1920.97729,405.686523,-496.211426
-1850,208,-613,-1850.97437,213.668167,-613.224609
-1638,400,-259,-1637.81726,414.774384,-258.016846
-1520,400,-280,-1519.81543,414.76825,-279.017181
-1640,-21,-280,-1639.81543,-6.3327322,-279.017181
-1638,400,-259,-1638.70471,426.584137,-258.290527
-1640,-21,-280,-1640.70239,5.52901793,-279.288239
-1680,-21,-320,-1680.70276,5.52901793,-319.288574
-1760,400,-280,-1760.177,411.892853,-279.015808
-1638,400,-259,-1638.16565,411.890289,-258.013824
-1680,-21,-320,-1680.18274,-9.11458015,-319.016846
-1869,-21,-320,-1869.04199,-6.02466297,-319.000885
-1760,400,-280,-1760.04199,415.014465,-279.000885
-1680,-21,-320,-1680.04199,-6.02466297,-319.000885
-920,400,-280,-920.19342,415.608002,-279.01889
-720,400,-240,-720.193359,415.535156,-239.018875
-773,-21,-265,-773.193604,-5.59910107,-264.018921
-1040,400,-240,-1040.04199,410.238434,-239.000885
-920,-21,-280,-920.041992,-10.7691927,-279.000885
-1040,-21,-281,-1040.04199,-10.7603769,-280.000885
-1160,400,-280,-1160.30322,410.516663,-279.047089
-1040,400,-240,-1040.3031,410.516663,-239.047043
-1040,-21,-281,-1040.3031,-10.5564127,-280.047058
-1280,293,-266,-1280.06091,305.608917,-265.001862
-1160,-21,-280,-1160.06079,-8.43195057,-279.001862
-1270,73,-280,-1270.06067,85.5846176,-279.001862
-771,400,-1303,-771.151367,416.451813,-1303.9884
-884,400,-1287,-884.151367,416.440369,-1287.9884
-886,-21,-1264,-886.137756,-4.58567238,-1264.99036
-771,400,-1303,-771.19043,434.084839,-1303.98169
-886,-21,-1264,-886.18573,13.0813246,-1264.98254
-800,-21,-1280,-800.185669,13.0991554,-1280.98254
-800,400,-1144,-799.017395,421.079987,-1143.81433
-771,400,-1303,-770.017395,421.037781,-1302.81433
-800,-21,-1280,-799.017395,0.0253156833,-1279.81433
-720,400,-560,-719.078979,436.232208,-560.389465
-800,-21,-712,-799.078796,15.306881,-712.389038
-736,-21,-561,-735.078674,15.3955879,-561.388733
-720,400,-560,-719.09552,429.369659,-559.573486
-736,-21,-561,-735.094299,8.19285297,-560.576111
-800,-21,-424,-799.087463,8.19285297,-423.591034
-760,400,-424,-759.039734,415.727722,-423.720917
-720,400,-560,-719.04071,415.711578,-559.71759
-800,-21,-424,-799.04364,-5.33541203,-423.707825
-720,400,-240,-719.02417,413.32312,-240.218506
-760,400,-424,-759.02417,413.331055,-424.218506
-800,-21,-424,-799.02417,-7.69273281,-424.218506
-773,-21,-265,-772.014465,-9.703228,-265.169342
-720,400,-240,-719.014465,411.291718,-240.169373
-800,-21,-424,-799.014465,-9.71452713,-424.169281
-843,216,-1006,-842.021301,223.192886,-1005.79474
-843,400,-934,-842.021301,407.208344,-933.794739
-800,400,-1144,-799.021301,407.208344,-1143.7948
-1336,400,-262,-1335.41504,409.818665,-261.188965
-1394,256,-245,-1393.41504,265.828766,-244.18895
-1460,240,-200,-1459.41504,249.82312,-199.18895
-1472,-21,-200,-1472.86279,7.91949081,-199.494446
-1520,-21,-280,-1520.85999,7.89942455,-279.489685
-1475,120,-200,-1475.85986,148.858337,-199.489487
-1280,-21,-280,-1279.1488,-9.46166801,-279.475159
-1315,120,-200,-1314.15063,131.534027,-199.472198
-1270,73,-280,-1269.15454,84.5395432,-279.465973
-1920,400,-496,-1920.99902,407.787598,-496.042267
-1869,-21,-320,-1869.99902,-13.1668139,-320.042267
-1869,-21,-520,-1869.99902,-13.1668139,-520.042969
-1920,400,-928,-1920.98218,407.585541,-927.8125
-1840,-21,-800,-1840.9823,-13.4086714,-799.812744
-1880,-21,-1000,-1880.98132,-13.3989601,-999.807678
-1920,400,-928,-1920.99304,414.894165,-928.117188
-1880,-21,-1000,-1880.99304,-6.02405357,-1000.117
-1861,-21,-1153,-1861.99316,-6.03909683,-1153.1167
-1881,400,-1154,-1881.98804,415.158875,-1154.15308
-1920,400,-928,-1920.98816,415.153687,-928.152832
-1861,-21,-1153,-1861.98816,-5.97004461,-1153.15308
-1771,400,-1216,-1771.50195,444.938354,-1216.86487
-1881,400,-1154,-1881.50195,444.947968,-1154.86487
-1861,-21,-1153,-1861.49512,24.0184975,-1153.86877
-1754,400,-1347,-1754.9646,423.358337,-1347.26367
-1771,-21,-1216,-1771.9646,2.45104337,-1216.26355
-1740,-21,-1323,-1740.96277,2.45871091,-1323.27026
-1754,400,-1347,-1754.35449,415.742706,-1347.93506
-1740,-21,-1323,-1740.36304,-5.15506363,-1323.93176
-1640,-21,-1360,-1640.3623,-5.13624954,-1360.93201
-1564,400,-1387,-1564.21399,426.497711,-1387.97681
-1754,400,-1347,-1754.2052,426.449982,-1347.97864
-1640,-21,-1360,-1640.21411,5.72297573,-1360.97681
-1564,400,-1387,-1563.69067,406.215851,-1387.95093
-1640,-21,-1360,-1639.68762,-14.7478561,-1360.94995
-1520,-21,-1320,-1519.69104,-14.7379551,-1320.95105
-1379,400,-1372,-1378.91174,404.911621,-1372.99609
-1564,400,-1387,-1563.92358,404.902557,-1387.99707
-1520,-21,-1320,-1519.92358,-16.1269226,-1320.99707
-1379,400,-1372,-1379.04297,404.993378,-1372.99902
-1520,-21,-1320,-1520.04297,-15.9776058,-1320.99902
-1400,-21,-1320,-1400.04297,-15.9776058,-1320.99902
-1379,400,-1372,-1379.04297,404.993378,-1372.99902
-1400,-21,-1320,-1400.04297,-15.9776058,-1320.99902
-1280,-21,-1320,-1280.04297,-15.9776058,-1320.99902
-954,400,-1373,-954.185547,444.857605,-1373.98254
-1040,-21,-1346,-1040.18567,23.9524307,-1346.98254
-964,-21,-1360,-964.19043,23.9617977,-1360.98169
-886,-21,-1264,-885.225708,18.7210293,-1264.63281
-884,400,-1287,-883.226196,439.681,-1287.63342
-954,400,-1373,-953.225708,439.711395,-1373.63281
-886,-21,-1264,-885.226318,9.29061127,-1264.63354
-954,400,-1373,-953.226196,430.360779,-1373.63342
-964,-21,-1360,-963.22583,9.28577614,-1360.63293
-800,-221,-424,-799.000916,-215.31369,-424.042267
-800,-221,-280,-799.000916,-215.31369,-280.042267
-773,-21,-265,-772.000916,-15.3266306,-265.042267
-736,-21,-561,-735.04071,-16.4835587,-560.71759
-760,-221,-560,-759.040771,-216.490952,-559.717407
-800,-221,-424,-799.039734,-216.471512,-423.720917
-773,-21,-265,-773.041992,-3.47113037,-264.000885
-800,-221,-280,-800.041992,-203.440552,-279.000885
-920,-221,-280,-920.041992,-203.440552,-279.000885
-800,-21,-712,-799.078735,-7.60315466,-712.388916
-760,-221,-560,-759.084534,-207.621628,-560.402344
-736,-21,-561,-735.079285,-7.61326122,-561.390198
-691,180,-1082,-690.444763,202.530655,-1082.83167
-662,60,-1057,-661.441467,82.4992371,-1057.82947
-662,131,-1060,-661.44458,153.518997,-1060.83154
-702,60,-781,-701.04071,64.4927063,-780.71759
-685,180,-785,-684.04071,184.506958,-784.71759
-657,155,-895,-656.038757,159.513046,-894.724304
-1079,0,-1147,-1078.92358,5.45466805,-1147.99707
-1086,89,-1158,-1085.91113,94.4448013,-1158.99597
-1097,89,-1159,-1096.92358,94.4437408,-1159.99707
-1079,0,-1147,-1079.04297,5.22871208,-1147.99902
-1097,89,-1159,-1097.04297,94.236496,-1159.99902
-1107,0,-1147,-1107.04297,5.22871208,-1147.99902
-1107,0,-1147,-1106.01929,9.99383259,-1147.19531
-1097,89,-1159,-1096.02026,99.0021667,-1159.2002
-1099,89,-1169,-1098.02026,99.0021667,-1169.2002
-1107,0,-1147,-1106.02136,7.1491313,-1147.20544
-1099,89,-1169,-1098.02136,96.1532593,-1169.20532
-1113,0,-1175,-1112.02319,7.15089607,-1175.21399
-1113,0,-1175,-1112.44531,7.64191723,-1174.16797
-1099,89,-1169,-1098.44727,96.633606,-1168.16675
-1090,89,-1175,-1089.44727,96.633606,-1174.16675
-1113,0,-1175,-1112.47168,10.1967201,-1174.151
-1090,89,-1175,-1089.47205,99.2070465,-1174.15076
-1089,0,-1190,-1088.47168,10.1985188,-1189.151
-1089,0,-1190,-1089.6582,8.4649868,-1189.24719
-1090,89,-1175,-1090.6582,97.4725952,-1174.24719
-1082,89,-1168,-1082.6582,97.4725952,-1167.24719
-1089,0,-1190,-1089.6582,6.51194668,-1189.24719
-1082,89,-1168,-1082.6582,95.5171814,-1167.24719
-1067,0,-1171,-1067.6582,6.51194668,-1170.24719
-1067,0,-1171,-1067.92944,7.16705465,-1171.3689
-1082,89,-1168,-1082.93152,96.1709747,-1168.36365
-1086,89,-1158,-1086.93127,96.1709747,-1158.36414
-1067,0,-1171,-1067.90479,4.14874697,-1171.42566
-1086,89,-1158,-1086.90283,93.1509323,-1158.42969
-1079,0,-1147,-1079.90479,4.14580917,-1147.42578
-1748,0,-800,-1747.88281,3.42998624,-800.993042
-1754,66,-810,-1753.875,69.4363937,-810.992126
-1762,66,-811,-1761.88281,69.4355087,-811.993103
-1748,0,-800,-1747.90076,7.37371683,-800.995056
-1762,66,-811,-1761.91113,73.3683167,-811.996033
-1769,0,-802,-1768.90137,7.37414026,-802.995117
-1769,0,-802,-1768.04077,4.33843088,-802.282593
-1762,66,-811,-1761.0387,70.3430481,-811.275391
-1764,66,-818,-1763.04077,70.3439255,-818.282593
-1769,0,-802,-1768.04077,4.33843088,-802.282593
-1764,66,-818,-1763.04077,70.3439255,-818.282593
-1775,0,-823,-1774.03894,4.34108305,-823.276184
-1775,0,-823,-1774.50977,7.25663614,-822.128418
-1764,66,-818,-1763.51855,73.2562866,-817.123535
-1757,66,-822,-1756.50977,73.2579422,-821.128418
-1775,0,-823,-1774.50293,7.29423475,-822.132324
-1757,66,-822,-1756.49609,73.293457,-821.136292
-1756,0,-834,-1755.49634,7.29258633,-833.136108
-1756,0,-834,-1756.64465,7.90143156,-833.235535
-1757,66,-822,-1757.63928,73.899826,-821.231079
-1751,66,-817,-1751.63318,73.8994141,-816.226013
-1756,0,-834,-1756.65857,8.97723675,-833.247498
-1751,66,-817,-1751.6582,74.9765091,-816.247192
-1740,0,-820,-1740.65942,8.97723675,-819.24823
-1740,0,-820,-1740.9176,7.28318262,-820.397339
-1751,66,-817,-1751.92053,73.2825317,-817.390625
-1754,66,-810,-1754.92053,73.2825317,-810.390625
-1740,0,-820,-1740.92932,9.89761734,-820.36908
-1754,66,-810,-1754.92749,75.8934174,-810.37384
-1748,0,-800,-1748.93127,9.89586449,-800.364075
-1237,260,-1530,-1237.995,310.486908,-1530.09949
-1256,223,-1321,-1256.99609,273.425232,-1321.08789
-1253,119,-1320,-1253.99609,169.469589,-1320.08789
-1029,119,-1559,-1028.18054,144.947189,-1559.57312
-1130,244,-1710,-1129.18005,269.824036,-1710.57239
-1137,119,-1716,-1136.18005,144.756866,-1716.57239
-2011,227,-609,-2011.99902,235.166977,-608.955872
-2002,121,-610,-2002.99902,129.162308,-609.956055
-2011,121,-768,-2011.99902,129.147949,-767.955872
-2011,227,-609,-2011.99805,234.569336,-608.937561
-2011,121,-768,-2011.99902,128.606552,-767.955872
-2019,222,-755,-2019.99805,229.59639,-754.937561
-1253,180,255,-1252.4502,196.847473,255.835266
-1363,200,329,-1362.45081,216.862152,329.835693
-1371,331,344,-1370.45044,347.880829,344.835449
-1253,180,255,-1252.46606,199.709152,255.84552
-1371,331,344,-1370.46582,350.734863,344.845367
-1240,300,257,-1239.46655,319.718964,257.845825
-1175,160,123,-1174.14783,170.198502,123.523254
-1253,180,255,-1252.14917,190.210022,255.525375
-1240,300,257,-1239.14917,310.214233,257.525391
-1175,160,123,-1174.15686,165.273788,123.537682
-1240,300,257,-1239.15259,305.259155,257.530823
-1155,291,122,-1154.15479,296.259674,122.534386
-1181,140,-30,-1180.00098,147.824951,-30.0440254
-1175,160,123,-1174.00098,167.826767,122.955818
-1155,291,122,-1154.00098,298.827026,121.955818
-1181,140,-30,-1180.00073,146.270401,-29.9625702
-1155,291,122,-1154.00085,297.27652,122.039078
-1154,283,-35,-1153.00085,289.27478,-34.9586716
-1304,120,-139,-1303.32239,127.801888,-139.735397
-1181,140,-30,-1180.33105,147.799667,-30.7432861
-1154,283,-35,-1153.32227,290.793304,-35.7352867
-1304,120,-139,-1303.35547,125.810646,-139.764557
-1154,283,-35,-1153.35645,288.779327,-35.7653885
-1288,240,-143,-1287.35571,245.803131,-143.764771
-1556,331,282,-1556.52832,345.570953,281.15097
-1535,200,280,-1535.52832,214.567596,279.15097
-1423,180,213,-1423.52319,194.562164,212.147797
-1478,300,212,-1478.74731,302.511871,211.335541
-1556,331,282,-1556.74731,333.505219,281.335541
-1423,180,213,-1423.74719,182.517593,212.335403
-1368,291,98,-1368.72302,292.944244,97.3091812
-1478,300,212,-1478.73267,301.937531,211.319412
-1423,180,213,-1423.73364,181.933838,212.320465
-1368,291,98,-1368.85889,301.918823,97.4878387
-1423,180,213,-1423.85254,190.919449,212.477341
-1360,231,99,-1360.85889,241.911606,98.4878387
-1381,283,-36,-1381.99524,293.869659,-35.9025383
-1368,291,98,-1368.99316,301.878845,98.1162186
-1360,231,99,-1360.995,241.87973,99.0993652
-1360,231,99,-1360.86475,245.159897,98.4977951
-1423,180,213,-1423.85681,194.133698,212.484406
-1354,160,99,-1354.86475,174.156174,98.4977951
-1381,283,-36,-1381.99304,292.937408,-35.8826141
-1360,231,99,-1360.99402,240.925842,99.1083755
-1354,160,99,-1354.99402,169.932755,99.1083755
-1381,283,-36,-1381.99316,294.746887,-35.8832741
-1354,160,99,-1354.99304,171.777115,99.1173553
-1369,140,-36,-1369.99316,151.77037,-35.8832741
-1381,283,-36,-1381.68555,309.454651,-35.2719727
-1369,140,-36,-1369.68555,166.483673,-35.2719727
-1458,120,-120,-1458.68579,146.512146,-119.272202
-1471,240,-120,-1471.66602,255.616028,-119.254066
-1381,283,-36,-1381.66602,298.598541,-35.2540627
-1458,120,-120,-1458.66602,135.61203,-119.254066
-1460,240,-200,-1460.99121,245.542404,-200.132248
-1471,240,-120,-1471.99207,245.538971,-120.124786
-1458,120,-120,-1458.99207,125.554077,-120.124786
-1315,120,-200,-1314.01648,125.283691,-200.180344
-1304,120,-139,-1303.01648,125.285492,-139.180283
-1288,240,-143,-1287.01648,245.279129,-143.180237
-1470,387,504,-1469.32227,485.595703,503.264709
-1369,530,596,-1368.32153,628.44397,595.265381
-1470,513,502,-1469.3125,611.665527,501.273834
-1494,400,725,-1494.42383,421.91629,725.905701
-1477,280,725,-1477.41113,301.899109,725.91156
-1573,260,680,-1573.42578,281.912231,680.904724
-1494,400,725,-1494.42969,409.179352,725.902832
-1417,280,753,-1417.42407,289.209534,753.905579
-1477,280,725,-1477.42383,289.209534,725.905701
-1342,280,580,-1341.0885,302.146576,579.588745
-1311,400,635,-1310.08459,422.126892,634.597473
-1342,400,564,-1341.0885,422.129181,563.588745
-1342,400,564,-1341.57446,409.171051,563.095093
-1470,387,504,-1469.57239,396.157867,503.096039
-1342,280,580,-1341.57422,289.168549,579.095215
-1363,200,329,-1362.41553,215.865875,329.811401
-1487,220,420,-1486.41833,235.871689,420.813416
-1371,331,344,-1370.41504,346.885468,344.811035
-1470,387,504,-1469.54004,401.047058,503.112091
-1484,240,509,-1483.52441,254.031769,508.120331
-1342,280,580,-1341.53125,294.035492,579.116699
-1487,220,420,-1486.00098,228.381485,419.955841
-1484,240,509,-1483.00098,248.389862,508.955841
-1470,387,504,-1469.00098,395.381531,503.955841
-1487,220,420,-1486.00098,231.01004,419.955841
-1470,387,504,-1469.00098,397.991669,503.955841
-1478,330,423,-1477.00098,340.989227,422.955841
-1487,220,420,-1486.41528,230.905365,420.811218
-1478,330,423,-1477.41516,340.925415,423.811127
-1371,331,344,-1370.40137,341.914978,344.800995
-1665,387,567,-1665.81909,395.366791,567.573608
-1573,260,680,-1573.82068,268.380432,680.571167
-1653,240,564,-1653.81873,248.379471,564.574097
-1665,387,567,-1665.99512,404.06662,566.901306
-1653,240,564,-1653.995,257.075745,563.900391
-1644,240,477,-1644.995,257.066467,476.90033
-1668,330,400,-1668.99609,335.008209,400.087646
-1665,387,567,-1665.99707,392.009186,567.075195
-1644,240,477,-1644.99707,245.014496,477.076416
-1668,330,400,-1668.97742,337.556824,400.211212
-1644,240,477,-1644.97546,247.536072,477.220062
-1660,220,399,-1660.97742,227.55011,399.211243
-1556,331,282,-1556.73254,346.120941,281.319305
-1668,330,400,-1668.7334,345.12558,399.320251
-1660,220,399,-1660.73157,235.111832,398.318237
-1556,331,282,-1556.70129,344.214355,281.28714
-1660,220,399,-1660.70117,233.214401,398.287018
-1535,200,280,-1535.70178,213.209549,279.287628
-1274,327,1124,-1274.2002,328.812622,1124.97974
-1288,324,1120,-1288.2002,325.812134,1120.97974
-1280,344,1130,-1280.20044,345.812805,1130.97961
-1273,327,1135,-1273.99622,328.493927,1135.08667
-1274,327,1124,-1274.99609,328.493591,1124.08789
-1280,344,1130,-1280.99707,345.494171,1130.07617
-1285,328,1141,-1285.48035,329.636078,1140.12292
-1273,327,1135,-1273.47961,328.636261,1134.12256
-1280,344,1130,-1280.47986,345.636322,1129.12268
-1293,345,1149,-1293.83142,352.212463,1148.44446
-1285,328,1141,-1285.83337,335.214447,1140.44739
-1280,344,1130,-1280.82947,351.213959,1129.44153
-1288,324,1120,-1288.58984,329.411957,1120.80737
-1299,338,1115,-1299.58984,343.411163,1115.80737
-1280,344,1130,-1280.58594,349.413513,1130.8103
-1299,338,1115,-1298.0155,364.84256,1114.82471
-1295,328,1141,-1294.01746,354.844482,1140.81409
-1293,345,1149,-1292.0155,371.849609,1148.82471
-1286,327,1151,-1286.98914,329.442322,1150.85352
-1285,328,1141,-1285.99109,330.442627,1140.86719
-1293,345,1149,-1293.99097,347.442444,1148.86719
-1294,327,1154,-1294.34973,329.826324,1153.06323
-1286,327,1151,-1286.36328,329.826324,1150.06836
-1293,345,1149,-1293.34961,347.825531,1148.06311
-1299,327,1148,-1298.24133,333.25061,1147.34863
-1294,327,1154,-1293.24133,333.25061,1153.34863
-1293,345,1149,-1292.23547,351.25119,1148.35547
-1295,328,1141,-1294.11609,329.654633,1141.46765
-1299,327,1148,-1298.11597,328.654266,1148.46729
-1293,345,1149,-1292.11572,346.65451,1149.46692
-1283,287,1138,-1283.995,301.154999,1137.90039
-1285,328,1141,-1285.99512,342.171661,1140.90137
-1286,327,1151,-1286.995,341.171692,1150.90039
-1283,287,1138,-1283.99902,298.017242,1137.95593
-1286,327,1151,-1286.99902,338.026215,1150.95593
-1283,286,1146,-1283.99902,297.018555,1145.95593
-1293,321,1111,-1293.24316,325.61319,1111.96997
-1301,321,1109,-1301.24316,325.612793,1109.96997
-1299,338,1115,-1299.24316,342.612579,1115.96997
-1288,324,1120,-1288.80884,327.563904,1120.58789
-1293,321,1111,-1293.80908,324.564453,1111.58765
-1299,338,1115,-1299.80884,341.563782,1115.58789
-1300,320,1122,-1299.02319,329.642395,1121.78589
-1295,328,1141,-1294.02136,337.644928,1140.79443
-1299,338,1115,-1298.02136,347.642761,1114.79443
-1305,320,1115,-1304.1908,323.142853,1114.41248
-1300,320,1122,-1299.1897,323.142853,1121.41406
-1299,338,1115,-1298.1897,341.142303,1114.41406
-1301,321,1109,-1300.1499,323.245605,1109.52661
-1305,320,1115,-1304.15466,322.245422,1115.53418
-1299,338,1115,-1298.15002,340.246429,1115.52673
-1298,279,1107,-1298.23926,299.210876,1107.97095
-1301,321,1109,-1301.23926,341.214417,1109.97095
-1293,321,1111,-1293.23926,341.216339,1111.97095
-1298,279,1107,-1298.34961,307.936432,1107.93689
-1293,321,1111,-1293.34961,349.926117,1111.93689
-1290,279,1110,-1290.36279,307.936432,1110.93176
-1290,279,1110,-1290.86389,288.707123,1110.50366
-1293,321,1111,-1293.87207,330.70752,1111.48938
-1288,324,1120,-1288.86365,333.707428,1120.50391
-1290,279,1110,-1290.95874,311.2146,1110.28381
-1288,324,1120,-1288.95581,356.235504,1120.2937
-1287,283,1120,-1287.95581,315.224976,1120.29382
-858,327,870,-857.900391,329.181519,869.005005
-848,327,871,-847.900696,329.181335,870.004944
-853,344,864,-852.900391,346.180664,863.005005
-861,327,860,-860.04364,330.017578,859.707825
-858,327,870,-857.043884,330.017914,869.707031
-853,344,864,-852.04364,347.018005,863.707825
-850,328,852,-849.384827,331.059692,852.788391
-861,327,860,-860.384766,330.060303,860.78833
-853,344,864,-852.384827,347.060211,864.788391
-842,328,856,-842.466797,329.549591,856.884277
-850,328,852,-850.466797,329.549591,852.884338
-853,344,864,-853.466919,345.550201,864.884277
-848,327,871,-848.914856,328.98996,870.596252
-842,328,856,-842.915405,329.989929,855.597473
-853,344,864,-853.915405,345.990295,863.597473
-850,328,852,-849.574524,329.571014,851.095032
-842,328,856,-841.568481,329.571014,855.0979
-844,345,842,-843.57428,346.57074,841.095154
-851,327,842,-850.001892,329.400085,841.938538
-850,328,852,-849.001892,330.400452,851.938538
-844,345,842,-843.001892,347.40036,841.938538
-844,327,838,-843.509766,333.776367,838.871582
-851,327,842,-850.51062,333.776367,842.87207
-844,345,842,-843.509766,351.775818,842.871582
-838,327,843,-838.644592,333.862854,843.764465
-844,327,838,-844.644531,333.862854,838.764465
-844,345,842,-844.644531,351.863037,842.764465
-842,328,856,-842.965027,329.599518,855.737854
-838,327,843,-838.9646,328.599854,842.736328
-844,345,842,-844.964661,346.599304,841.736511
-851,287,855,-850.004822,319.750488,854.901978
-850,328,852,-849.004822,360.753143,851.901978
-851,327,842,-850.004822,359.751221,841.901978
-851,287,855,-850.029053,300.87793,854.760742
-851,327,842,-850.029053,340.883942,841.760742
-853,286,847,-852.029053,299.876343,846.760742
-1440,279,979,-1440.99402,288.776581,979.108276
-1444,321,980,-1444.99304,330.781616,980.116943
-1443,321,988,-1443.99219,330.782867,988.124634
-1440,279,979,-1440.99902,299.589996,978.955872
-1443,321,988,-1443.99902,341.580994,987.955872
-1440,279,987,-1440.99902,299.589996,986.955872
-1448,279,976,-1448.28235,297.307434,976.95929
-1451,321,978,-1451.28516,339.301483,978.958435
-1444,321,980,-1444.28223,339.299622,980.959229
-1448,279,976,-1448.34961,288.570465,976.936768
-1444,321,980,-1444.34961,330.581238,980.93689
-1440,279,979,-1440.34961,288.572662,979.936829
-1451,321,978,-1450.21045,326.207581,978.613647
-1456,320,984,-1455.21021,325.207855,984.613342
-1450,338,984,-1449.21021,343.207306,984.613342
-1456,320,984,-1455.19031,322.745575,983.413147
-1451,320,991,-1450.18494,322.746033,990.420654
-1450,338,984,-1449.1897,340.745483,983.414001
-1451,320,991,-1451.31458,322.937408,990.050781
-1443,321,988,-1443.30823,323.937744,987.048706
-1450,338,984,-1450.30859,340.938141,983.048828
-1443,321,988,-1443.99304,324.978119,988.116699
-1444,321,980,-1444.99304,324.978119,980.116943
-1450,338,984,-1450.99304,341.979065,984.116821
-1444,321,980,-1444.28223,325.362305,980.959229
-1451,321,978,-1451.26965,325.363098,978.962952
-1450,338,984,-1450.28259,342.362885,984.959229
-1346,321,973,-1346.24341,324.034943,973.96991
-1354,321,971,-1354.24316,324.034546,971.969971
-1352,338,977,-1352.24316,341.033905,977.969971
-1345,321,981,-1345.99304,322.912964,981.116943
-1346,321,973,-1346.99304,322.91333,973.117126
-1352,338,977,-1352.99304,339.91391,977.117065
-1353,320,984,-1353.30859,324.175659,983.048828
-1345,321,981,-1345.31165,325.176086,980.049805
-1352,338,977,-1352.30847,342.176483,976.048767
-1358,320,977,-1357.19019,322.33429,976.41333
-1353,320,984,-1352.18481,322.334778,983.420837
-1352,338,977,-1351.19006,340.334229,976.413513
-1354,321,971,-1353.15002,324.284607,971.526794
-1358,320,977,-1357.1499,323.284637,977.526489
-1352,338,977,-1351.15002,341.285431,977.526733
-1351,279,969,-1351.24341,302.629181,969.96991
-1354,321,971,-1354.24316,344.63269,971.969971
-1346,321,973,-1346.24316,344.63269,973.96991
-1351,279,969,-1351.34961,297.811676,969.936829
-1346,321,973,-1346.34961,339.801361,973.936829
-1343,279,972,-1343.3623,297.811676,972.932007
-1343,279,972,-1343.99304,288.548157,972.116882
-1346,321,973,-1346.99316,330.544403,973.116638
-1345,321,981,-1345.99316,330.542725,981.116333
-1343,279,972,-1343.99304,288.548157,972.116882
-1345,321,981,-1345.99316,330.542725,981.116333
-1342,279,980,-1342.99316,288.549835,980.116699
-999,289,739,-999.920532,293.203339,738.609375
-1012,328,734,-1012.92053,332.201965,733.609375
-1015,328,741,-1015.9209,332.201599,740.610229
-999,289,739,-999.904724,293.178772,738.574219
-1015,328,741,-1015.90106,332.180115,740.566406
-1003,289,747,-1003.90479,293.178772,746.574219
-1005,287,734,-1005.69727,296.554443,734.716736
-1018,326,728,-1018.69727,335.551971,728.716797
-1012,328,734,-1012.67773,337.552429,734.735291
-1005,287,734,-1005.62793,294.569824,734.778076
-1012,328,734,-1012.61816,335.564789,734.785889
-999,289,739,-999.618164,296.571503,739.786011
-1015,328,741,-1015.92059,329.7034,740.609497
-1012,328,734,-1012.92053,329.703552,733.609375
-1024,343,733,-1024.92065,344.703247,732.60968
-1012,328,734,-1012.62799,329.038971,734.778198
-1018,326,728,-1018.63281,327.038452,728.774109
-1024,343,733,-1024.63867,344.038239,733.769348
-1018,326,728,-1017.41211,346.774017,728.808899
-1025,324,733,-1024.41223,344.774078,733.809021
-1024,343,733,-1023.41901,363.773499,733.813904
-1025,324,733,-1024.03491,347.087402,732.738098
-1023,326,740,-1022.03491,349.088562,739.738098
-1024,343,733,-1023.03491,366.081421,732.738098
-1023,326,740,-1022.79297,328.462189,739.021667
-1015,328,741,-1014.79297,330.461792,740.021667
-1024,343,733,-1023.77557,345.462006,732.025513
-1144,328,730,-1144.04297,329.714722,729.000977
-1136,328,730,-1136.04297,329.714722,729.000977
-1139,345,722,-1139.04297,346.714752,721.000977
-1146,327,722,-1145.02136,328.415955,721.794434
-1144,328,730,-1143.02136,329.415588,729.794434
-1139,345,722,-1138.02136,346.416779,721.794434
-1139,327,718,-1138.50977,333.67926,718.871582
-1146,327,722,-1145.50977,333.67926,722.871582
-1139,345,722,-1138.50317,351.678711,722.867798
-1133,327,723,-1133.63867,335.600922,723.769348
-1139,327,718,-1139.64465,335.601654,718.764465
-1139,345,722,-1139.64453,353.601105,722.764465
-1136,328,730,-1136.9364,332.58197,729.649109
-1133,327,723,-1133.9364,331.581879,722.649109
-1139,345,722,-1139.93616,349.581726,721.648438
-1146,287,735,-1145.02905,300.019867,734.760742
-1144,328,730,-1143.02905,341.026703,729.760742
-1146,327,722,-1145.03003,340.025116,721.756836
-1146,287,735,-1145.02905,300.019867,734.760742
-1146,327,722,-1145.03003,340.025116,721.756836
-1148,286,727,-1147.02905,299.01828,726.760742
-1003,289,747,-1002.84668,302.540009,746.011841
-1015,328,741,-1014.84668,341.536499,740.011841
-1023,326,740,-1022.84668,339.53656,739.011841
-1003,289,747,-1002.8291,295.256134,746.014771
-1023,326,740,-1022.82324,332.2547,739.015747
-1010,287,746,-1009.82495,293.258118,745.015442
-1138,287,736,-1138.04297,295.129028,735.000977
-1136,328,730,-1136.04297,336.126282,729.000977
-1144,328,730,-1144.04297,336.126282,729.000977
-1138,287,736,-1137.87573,297.210297,735.007751
-1144,328,730,-1143.87537,338.211945,729.007812
-1146,287,735,-1145.87537,297.209808,734.007812
-777,322,1009,-776.900696,324.29837,1008.00494
-767,322,1010,-766.900391,324.298035,1009.005
-772,339,1003,-771.901306,341.297516,1002.00488
-780,322,999,-779.04364,324.855072,998.707825
-777,322,1009,-776.043701,324.85556,1008.70764
-772,339,1003,-771.04364,341.855652,1002.70782
-771,322,993,-770.44165,323.512726,993.82959
-780,322,999,-779.444397,323.512512,999.831421
-772,339,1003,-771.444458,340.512878,1003.83148
-763,322,1000,-763.658508,324.375641,1000.75256
-771,322,993,-771.658203,324.375641,993.752747
-772,339,1003,-772.65918,341.375275,1003.75189
-767,322,1010,-767.929688,323.985382,1009.63165
-763,322,1000,-763.927734,323.985687,999.62677
-772,339,1003,-772.931274,340.985565,1002.63574
-997,313,1255,-997.914673,315.400635,1254.59583
-994,314,1247,-994.914734,316.400604,1246.59595
-1003,330,1250,-1003.9151,332.401093,1249.5968
-994,314,1247,-994.589844,315.143616,1247.8075
-1000,313,1242,-1000.58984,314.143585,1242.80737
-1003,330,1250,-1003.58984,331.144257,1250.8075
-1000,313,1242,-999.472412,315.592163,1242.84949
-1007,312,1246,-1006.47168,314.591888,1246.849
-1003,330,1250,-1002.47205,332.59259,1250.84924
-1007,312,1246,-1006.03003,321.200897,1245.75684
-1005,312,1254,-1004.03003,321.20166,1253.75684
-1003,330,1250,-1002.03003,339.201874,1249.75684
-1005,312,1254,-1004.85352,314.008179,1253.01086
-997,313,1255,-996.853821,315.008545,1254.01074
-1003,330,1250,-1002.85382,332.008423,1249.01074
-1163,324,1287,-1163.93127,325.478577,1286.63574
-1159,324,1277,-1159.92944,325.478516,1276.6311
-1171,339,1279,-1171.92578,340.478485,1278.62195
-1159,324,1277,-1159.5022,324.93515,1277.86475
-1167,322,1271,-1167.52637,322.935486,1271.85022
-1171,339,1279,-1171.52637,339.934967,1279.85022
-1167,322,1271,-1166.47205,326.919373,1271.84924
-1176,320,1276,-1175.46423,324.918732,1276.84436
-1171,339,1279,-1170.47168,343.919434,1279.849
-1176,320,1276,-1175.03003,324.685394,1275.75684
-1173,322,1286,-1172.03015,326.685638,1285.75635
-1171,339,1279,-1170.03027,343.685242,1278.75586
-1173,322,1286,-1172.82324,323.832306,1285.01575
-1163,324,1287,-1162.81274,325.832092,1286.0177
-1171,339,1279,-1170.82324,340.832153,1278.01575
-994,274,1239,-994.618164,281.1987,1239.78601
-1000,313,1242,-1000.63281,320.198303,1242.77429
-994,314,1247,-994.632812,321.198273,1247.77429
-994,274,1239,-994.644531,281.415863,1239.7644
-994,314,1247,-994.644531,321.416229,1247.76453
-988,274,1244,-988.644531,281.415863,1244.76453
-988,274,1244,-988.93158,280.753906,1243.63647
-994,314,1247,-994.931335,320.750519,1246.63586
-997,313,1255,-997.932007,319.749451,1254.63757
-988,274,1244,-988.936523,283.861908,1243.64941
-997,313,1255,-997.936523,322.86438,1254.64941
-991,274,1252,-991.93689,283.862946,1251.65039
-1156,290,1288,-1155.90137,438.30545,1287.00488
-1163,324,1287,-1162.90039,472.333405,1286.005
-1173,322,1286,-1172.90137,470.31897,1285.00488
-1160,286,1274,-1160.59399,303.827881,1274.80432
-1167,322,1271,-1167.5863,339.821686,1271.81006
-1159,324,1277,-1159.58984,341.821625,1277.80737
-1160,286,1274,-1160.64453,309.589996,1274.76453
-1159,324,1277,-1159.65161,347.578918,1277.75854
-1153,287,1280,-1153.64502,310.592072,1280.76416
-1153,287,1280,-1153.93127,290.691437,1279.63574
-1159,324,1277,-1159.92993,327.69101,1276.63232
-1163,324,1287,-1163.92944,327.692017,1286.6311
-1153,287,1280,-1153.95874,293.082336,1279.71582
-1163,324,1287,-1163.95898,330.084106,1286.71655
-1156,290,1288,-1156.95923,296.083008,1287.71741
638,292,-617,638.876465,304.781952,-616.518555
708,293,-744,708.876709,305.755035,-743.518982
704,172,-749,704.876465,184.74437,-748.518555
638,292,-617,638.75116,294.673798,-616.339905
704,172,-749,704.751221,174.668182,-748.339966
611,172,-642,611.751221,174.676407,-641.339966
708,293,-744,708.28241,314.901337,-743.04071
824,172,-785,824.282288,193.878265,-784.04071
704,172,-749,704.282349,193.885727,-748.04071
821,304,-787,820.067993,308.72229,-786.637573
893,309,-606,892.067993,313.740021,-605.637573
900,172,-636,899.068237,176.737747,-635.636963
821,304,-787,820.114624,384.700592,-786.535156
900,172,-636,899.109741,252.658951,-635.544556
824,172,-785,823.113708,252.768539,-784.536926
893,309,-606,892.491333,314.487091,-605.139038
1031,315,-522,1030.47192,320.479126,-521.150818
1037,172,-553,1036.47168,177.48468,-552.151001
893,309,-606,892.47168,313.874817,-605.151001
1037,172,-553,1036.4729,176.873734,-552.150208
900,172,-636,899.471924,176.881027,-635.150818
1031,315,-522,1031.61462,321.563721,-521.211182
1274,338,-711,1274.61414,344.551666,-710.210815
1037,172,-553,1037.61462,178.578827,-552.211182
1274,338,-711,1274.58606,346.304565,-710.189758
1263,172,-720,1263.58643,180.314789,-719.190002
1037,172,-553,1037.5874,180.375671,-552.190735
1274,338,-711,1274.80933,348.840637,-710.412659
1401,338,-884,1401.80652,348.822632,-883.408813
1388,172,-894,1388.80652,182.822113,-893.408813
1274,338,-711,1274.80896,347.622345,-710.41217
1388,172,-894,1388.81384,181.646072,-893.418945
1263,172,-720,1263.80908,181.637466,-719.412354
1401,338,-884,1401.99902,348.141541,-884.042969
1398,338,-1076,1398.9989,348.143799,-1076.04297
1380,172,-1079,1380.99902,182.153976,-1079.04382
1401,338,-884,1401.99902,355.23642,-884.042969
1380,172,-1079,1380.99902,189.245544,-1079.04297
1388,172,-894,1388.99902,189.214783,-894.042969
1398,338,-1076,1398.71106,347.119141,-1076.703
1282,338,-1197,1282.71497,347.115234,-1197.6991
1257,172,-1193,1257.71545,181.122742,-1193.69861
1398,338,-1076,1398.67834,353.28006,-1076.73474
1257,172,-1193,1257.67773,187.300308,-1193.73523
1380,172,-1079,1380.67773,187.255798,-1079.73523
1282,338,-1197,1282.99622,346.677704,-1196.91321
1282,172,-1526,1282.99609,180.638275,-1525.91174
1257,172,-1193,1257.99609,180.672379,-1192.91174
1245,338,-1533,1245.67798,345.154602,-1533.73499
1064,338,-1704,1064.68066,345.156403,-1704.73254
1046,172,-1690,1046.67834,179.141525,-1690.73474
1064,338,-1704,1063.84668,344.519409,-1704.98816
756,264,-1637,755.823242,270.508362,-1637.98425
742,172,-1615,741.823242,178.500534,-1615.98425
1064,338,-1704,1063.75537,365.30542,-1704.9696
742,172,-1615,741.754883,199.200043,-1615.96948
1046,172,-1690,1045.75488,199.285339,-1690.96948
756,264,-1637,756.99115,267.874939,-1637.13257
730,172,-1708,730.991333,175.871597,-1708.13135
742,172,-1615,742.991333,175.868515,-1615.13135
497,172,-760,496.286713,198.35614,-760.700867
633,172,-896,632.285095,198.355576,-896.699219
628,316,-902,627.285095,342.382874,-902.699219
633,172,-896,632.846985,190.55986,-896.98822
881,172,-931,880.848572,190.531097,-931.988464
874,327,-940,873.860352,345.569489,-940.990173
633,172,-896,632.846985,185.001587,-896.98822
874,327,-940,873.84668,340.116028,-940.988159
628,316,-902,627.84668,329.041962,-902.988159
1005,255,-744,1005.76282,259.367004,-744.646484
1034,338,-752,1034.77271,342.368561,-752.634705
874,327,-940,874.767822,331.358582,-940.640564
1019,172,-733,1018.2262,175.785507,-733.633423
1108,172,-841,1107.22571,175.78186,-841.632812
1005,255,-744,1004.22705,258.782959,-744.63446
1034,172,-961,1033.14978,174.882263,-960.473633
1000,338,-953,999.146851,340.878143,-952.478394
1108,172,-841,1107.14758,174.874161,-840.477173
1000,338,-953,999.074219,341.874725,-952.621948
1064,338,-801,1063.07385,341.878174,-800.622864
1108,172,-841,1107.07874,175.87027,-840.611084
1034,172,-961,1033.37988,175.938828,-960.215515
904,338,-1028,903.384766,341.949219,-1027.21167
1000,338,-953,999.375,341.949219,-952.219421
1034,172,-961,1033.46423,182.962753,-960.15564
927,172,-1027,926.47168,182.959122,-1026.151
904,338,-1028,903.471863,348.988464,-1027.15088
927,172,-1027,926.021484,178.721863,-1026.79395
892,172,-1200,891.017395,178.738922,-1199.81433
870,338,-1200,869.017395,344.737152,-1199.81433
927,172,-1027,926.017395,182.492599,-1026.81433
870,338,-1200,869.017395,348.504883,-1199.81433
904,338,-1028,903.017395,348.492096,-1027.81433
892,172,-1200,891.033936,180.452087,-1200.2583
974,172,-1497,973.034912,180.429459,-1497.26184
870,338,-1200,869.034973,346.463867,-1200.26208
974,172,-1497,973.034912,176.527496,-1497.26184
963,255,-1491,962.036987,259.536407,-1491.26941
870,338,-1200,869.04071,342.584167,-1200.28235
974,172,-1497,973.736328,178.889755,-1496.0354
936,172,-1507,935.736328,178.895676,-1506.0354
963,255,-1491,962.736328,261.885437,-1490.0354
936,172,-1507,936.195312,175.117828,-1506.01929
856,326,-1450,856.195312,329.124695,-1449.01929
963,255,-1491,963.200195,258.121582,-1490.02026
718,52,-1453,717.465576,64.4961548,-1452.15479
557,52,-1553,556.47168,64.5219193,-1552.151
537,211,-1544,536.464844,223.519745,-1543.15527
557,52,-1553,556.000977,58.9277344,-1553.04382
563,52,-1708,562.000977,58.931221,-1708.04395
537,211,-1544,536.000977,217.941315,-1544.04407
1094,371,-717,1093.07385,375.797485,-716.622864
1064,338,-801,1063.07874,342.79068,-800.611084
1000,338,-953,999.073792,342.78244,-952.623047
350,646,-1814,349.846954,680.645203,-1813.01184
419,12,-1824,418.846954,46.506855,-1823.01184
296,12,-1842,295.846954,46.467907,-1841.01184
1069,646,-2535,1069.96948,658.894592,-2535.24512
1044,646,-2636,1044.96936,658.868103,-2636.24512
1004,12,-2688,1004.96942,24.9227695,-2688.24512
115,12,-2295,114.398781,30.2945786,-2294.20093
175,646,-2215,174.385071,664.513611,-2214.21143
204,12,-2227,203.390106,30.3031445,-2226.20752
175,646,-2215,174.022934,666.861145,-2214.78711
196,646,-2119,195.022934,666.868652,-2118.78711
225,12,-2131,224.022934,32.9394341,-2130.78711
175,646,-2215,174.022934,666.861145,-2214.78711
225,12,-2131,224.022934,32.9394341,-2130.78711
204,12,-2227,203.022934,32.9319115,-2226.78711
196,646,-2119,195.178757,672.245544,-2119.57056
157,12,-2036,156.178574,37.9498367,-2036.57031
225,12,-2131,224.179092,37.8658218,-2131.57104
1186,182,-2324,1186.46338,259.276428,-2323.11401
1182,12,-2325,1182.46582,89.1874771,-2324.11523
1082,12,-2272,1082.46545,89.0820236,-2271.11499
397,12,-2580,396.023193,29.8584957,-2579.78589
364,12,-2725,363.022949,29.8901958,-2724.78711
354,262,-2719,353.023041,279.907379,-2718.78662
199,12,-2472,198.891907,29.7340317,-2472.99414
338,12,-2488,337.867737,29.7661591,-2488.99121
202,262,-2480,201.867722,279.790649,-2480.99121
850,646,-2796,849.088867,670.095581,-2796.41211
812,646,-2714,811.088867,670.119446,-2714.41211
888,12,-2793,887.094727,36.0292702,-2793.4248
573,12,-2781,573.677917,18.2810917,-2781.73511
729,646,-2707,729.69635,652.241821,-2707.71753
655,646,-2778,655.696289,652.241821,-2778.71753
573,12,-2781,573.511719,46.763279,-2781.85913
697,12,-2705,697.521851,46.8557129,-2705.85303
729,646,-2707,729.521851,680.853149,-2707.85303
690,202,-2412,689.385071,224.139832,-2412.78857
637,202,-2372,636.384766,224.126495,-2372.78833
657,12,-2374,656.384766,34.1545143,-2374.78833
637,202,-2372,636.776123,325.419434,-2372.97461
628,12,-2368,627.776123,135.397537,-2368.97461
657,12,-2374,656.793884,135.441849,-2374.97852
572,12,-2370,572.613281,94.3553772,-2370.78979
573,181,-2373,573.609558,263.421509,-2373.79272
512,12,-2418,512.613342,94.3971176,-2418.78979
573,181,-2373,573.733459,187.165588,-2373.67969
543,182,-2406,543.733704,188.163101,-2406.67944
512,12,-2418,512.733459,18.1380329,-2418.67969
516,202,-2440,516.993042,231.79747,-2440.11719
505,12,-2475,505.990875,41.7334595,-2475.13477
512,12,-2418,512.991089,41.7125168,-2418.13281
505,12,-2475,505.934662,23.8870735,-2474.64453
516,202,-2440,516.936523,213.872528,-2439.64941
563,202,-2564,563.93634,213.862228,-2563.64893
505,12,-2475,505.854584,35.9939194,-2474.48071
563,202,-2564,563.857971,225.94577,-2563.48633
557,12,-2563,557.86084,35.9739952,-2562.49121
646,12,-2583,645.338867,32.9141541,-2582.24976
639,202,-2581,638.339966,222.902649,-2580.24878
697,202,-2531,696.338867,222.879761,-2530.24976
697,202,-2531,696.108704,307.257507,-2530.54663
716,202,-2494,715.114624,307.206055,-2493.53516
717,12,-2496,716.110962,117.244011,-2495.54224
697,202,-2531,696.094299,321.544586,-2530.57617
717,12,-2496,716.097046,131.747269,-2495.57031
701,12,-2528,700.094604,131.747269,-2527.57544
381,12,-2168,381.637939,62.0706787,-2168.77002
365,213,-2187,365.630859,263.039886,-2187.77588
362,12,-2184,362.631439,62.0532608,-2184.77539
353,12,-2237,353.595581,45.8314362,-2236.19678
395,193,-2259,395.599243,226.822922,-2258.19946
392,12,-2266,392.599518,45.8433762,-2265.19971
353,12,-2237,353.524963,45.059967,-2236.14893
357,191,-2235,357.524811,224.004593,-2234.14893
395,193,-2259,395.525024,226.02449,-2258.14893
392,12,-2266,391.419098,37.9768639,-2265.18604
395,193,-2259,394.418945,219.05925,-2258.18628
438,193,-2229,437.422974,219.048264,-2228.18335
392,12,-2266,391.422974,58.8525238,-2265.18335
438,193,-2229,437.422974,239.992676,-2228.18335
443,12,-2231,442.423218,58.8920288,-2230.18311
443,12,-2231,442.016144,60.4878235,-2231.17896
438,193,-2229,437.01593,241.578278,-2229.17773
435,12,-2188,434.016144,60.51091,-2188.17896
438,193,-2229,437.02298,212.425598,-2229.21313
429,213,-2191,428.02298,232.406113,-2191.21313
435,12,-2188,434.02298,31.4707375,-2188.21313
438,193,-2229,437.022034,215.58493,-2229.20874
437,213,-2229,436.022034,235.588699,-2229.20874
429,213,-2191,428.022949,235.59494,-2191.21289
429,213,-2191,428.45343,230.626068,-2191.8374
398,213,-2171,397.45343,230.635208,-2171.8374
402,12,-2164,401.454163,29.5795689,-2164.83789
429,213,-2191,428.403015,234.260895,-2191.80225
402,12,-2164,401.399109,33.1783676,-2164.79932
435,12,-2188,434.398804,33.1783676,-2188.79907
402,12,-2164,402.201172,31.214262,-2164.97949
398,213,-2171,398.185333,232.113037,-2171.98267
381,12,-2168,381.180908,31.214262,-2168.9834
398,213,-2171,398.409119,227.660324,-2171.91235
365,213,-2187,365.410461,227.670029,-2187.91187
381,12,-2168,381.413055,26.6609955,-2168.91064
878,140,-2187,878.989136,156.036316,-2186.85352
889,162,-2259,889.988159,178.073563,-2258.84668
883,12,-2258,883.989136,28.0181046,-2257.85352
966,12,-2277,965.496155,128.694061,-2276.13623
965,162,-2276,964.509766,278.488159,-2275.12842
1020,162,-2245,1019.49121,278.54184,-2244.13916
1027,162,-2177,1026.51904,171.49324,-2177.87671
930,162,-2126,929.531677,171.492218,-2126.88354
986,12,-2135,985.532593,21.4825249,-2135.88403
409,213,-2086,408.055206,238.378769,-2085.67236
424,213,-2044,423.055084,238.376709,-2043.67273
426,12,-2074,425.055115,37.3315086,-2073.67261
412,12,-2095,411.163452,31.0547905,-2094.45215
409,213,-2086,408.174896,232.038818,-2085.43506
426,12,-2074,425.172546,31.048233,-2073.43848
366,213,-2095,365.797607,230.095901,-2094.02075
409,213,-2086,408.788544,230.106323,-2085.02271
412,12,-2095,411.797607,29.1639309,-2094.02075
366,213,-2095,365.847382,251.112503,-2094.01172
412,12,-2095,411.853821,50.1944046,-2094.01074
364,12,-2102,363.853821,50.2017975,-2101.01074
322,12,-2073,322.561615,54.3102722,-2072.17261
328,213,-2069,328.557953,255.287643,-2068.17017
366,213,-2095,366.557953,255.294983,-2094.17017
322,12,-2073,322.561981,28.8033905,-2072.17285
366,213,-2095,366.561493,229.736755,-2094.17261
364,12,-2102,364.561218,28.8033905,-2101.17236
335,12,-2000,335.980682,55.7512245,-2000.19531
339,213,-2010,339.980682,256.844116,-2010.19531
328,213,-2069,328.980713,256.831329,-2069.19531
335,12,-2000,335.982788,47.890049,-2000.18457
328,213,-2069,328.982758,248.978256,-2069.18457
322,12,-2073,322.98291,47.8924065,-2073.18408
392,12,-1992,392.218658,42.1651917,-1992.97571
390,213,-1998,390.218719,243.198975,-1998.97571
339,213,-2010,339.218903,243.221771,-2010.97571
392,12,-1992,392.138031,26.9469166,-1992.99036
339,213,-2010,339.14505,227.913177,-2010.98938
335,12,-2000,335.138,26.9492645,-2000.99036
426,12,-2074,425.004883,39.1578674,-2073.90137
424,213,-2044,423.004883,240.091309,-2043.90137
429,12,-2044,428.004883,39.1430702,-2043.90137
429,12,-2044,428.195892,40.1209106,-2044.59448
424,213,-2044,423.195007,241.226212,-2044.59326
390,213,-1998,389.194733,241.183472,-1998.5929
429,12,-2044,428.178925,47.9648819,-2044.5708
390,213,-1998,389.17868,249.074127,-1998.57043
392,12,-1992,391.179596,47.9624786,-1992.57178
358,213,-2235,358.988892,225.042038,-2235.14844
357,191,-2235,357.988892,203.037277,-2235.14844
365,213,-2187,365.988861,225.031174,-2187.14844
357,191,-2235,357.987854,225.485977,-2235.15527
362,12,-2184,362.987793,46.6414337,-2184.15527
365,213,-2187,365.987854,247.499588,-2187.15527
357,191,-2235,357.983887,249.01059,-2235.17871
353,12,-2237,353.987823,69.8827133,-2237.15527
362,12,-2184,362.98407,69.852417,-2184.17773
573,202,-2374,573.043152,231.992905,-2374.99902
573,181,-2373,573.043213,210.997406,-2373.99902
637,202,-2372,637.04126,231.977509,-2372.99902
573,181,-2373,573.043884,220.727066,-2373.99902
628,12,-2368,628.039551,51.7611809,-2368.99902
637,202,-2372,637.041931,241.758148,-2372.99902
573,181,-2373,573.043274,254.087479,-2373.99902
572,12,-2370,572.037354,85.0450211,-2370.99927
628,12,-2368,628.04248,85.0178146,-2368.99902
878,162,-2187,878.809265,200.627136,-2186.4126
829,119,-2123,829.806946,157.630829,-2122.40942
830,140,-2123,830.808899,178.632584,-2122.41211
489,207,-2335,489.624817,235.251495,-2334.21924
395,193,-2259,395.625732,221.248764,-2258.21997
395,213,-2258,395.624756,241.254471,-2257.21924
437,213,-2229,436.222351,241.997345,-2229.62866
438,193,-2229,437.221741,221.991653,-2229.62793
510,187,-2317,509.223114,215.980804,-2317.62964
511,207,-2318,510.32074,247.940475,-2318.73389
573,181,-2373,572.320496,221.932617,-2373.73364
573,202,-2374,572.320496,242.932846,-2374.73364
544,202,-2407,544.788269,330.133728,-2406.38477
543,182,-2406,543.789856,310.121246,-2405.38672
488,187,-2334,488.789825,314.944641,-2333.38672
544,202,-2407,544.788269,330.133728,-2406.38477
488,187,-2334,488.789825,314.944641,-2333.38672
489,207,-2335,489.789825,334.957092,-2334.38672
543,182,-2406,543.762817,196.007904,-2406.64648
544,202,-2407,544.762817,216.00383,-2407.64648
516,202,-2440,516.762878,216.007294,-2440.64648
512,12,-2418,512.752197,24.5473785,-2418.65894
543,182,-2406,543.751343,194.542191,-2406.65991
516,202,-2440,516.751282,214.53891,-2440.65991
395,213,-2258,394.052032,245.292694,-2257.68164
395,193,-2259,394.052032,225.293304,-2258.68164
357,209,-2371,356.052032,241.170441,-2370.68164
322,229,-2350,322.951508,247.367188,-2350.30762
357,191,-2235,357.951508,209.392349,-2235.30762
358,213,-2235,358.952423,231.400146,-2235.30469
815,127,-2042,814.017395,135.006149,-2042.18555
806,116,-1988,805.017395,124.004303,-1988.18567
837,-7,-2056,836.017517,1.01745152,-2056.18628
706,116,-2075,706.205811,131.485901,-2074.02148
782,127,-2091,782.213867,142.480057,-2090.02319
804,-7,-2105,804.205994,8.45295334,-2104.02148
815,127,-2042,814.166565,129.60704,-2041.44739
837,-7,-2056,836.169739,-4.39558268,-2055.44263
804,-7,-2105,803.165527,-4.39750051,-2104.44897
815,127,-2042,814.166565,129.60704,-2041.44739
804,-7,-2105,803.165527,-4.39750051,-2104.44897
782,127,-2091,781.169739,129.605759,-2090.44263
900,182,-2427,899.017395,203.639725,-2427.18555
890,182,-2376,889.017395,203.654602,-2376.18555
904,-7,-2403,903.017517,14.6941462,-2403.18628
902,-7,-2432,901.002869,73.2785492,-2431.92432
900,182,-2427,899.001892,262.051117,-2426.93872
904,-7,-2403,903.002869,73.2588501,-2402.92432
859,182,-2464,858.331177,229.015839,-2463.25659
900,182,-2427,899.32074,228.997574,-2426.26611
902,-7,-2432,901.317383,40.0900993,-2431.26929
859,182,-2464,858.359375,239.079559,-2463.23218
902,-7,-2432,901.353577,49.9438858,-2431.23706
859,-7,-2467,858.353577,49.9041824,-2466.23706
828,-7,-2443,828.585999,52.7465935,-2442.1897
828,182,-2441,828.586243,242.050171,-2440.18994
859,182,-2464,859.579468,242.007004,-2463.18506
828,-7,-2443,828.613281,98.5858002,-2442.21021
859,182,-2464,859.613647,287.708984,-2463.21045
859,-7,-2467,859.613342,98.6052628,-2466.21021
847,-7,-2357,847.712219,50.2463989,-2357.7019
814,182,-2399,814.716064,239.331528,-2399.698
812,-7,-2394,812.713196,50.2558441,-2394.70093
354,262,-2719,353.589539,332.391083,-2719.91187
182,646,-2647,181.587357,716.257751,-2647.91089
187,262,-2645,186.585205,332.415375,-2645.90991
182,646,-2647,181.003876,733.850464,-2646.91211
202,262,-2480,201.003876,349.309631,-2479.91211
187,262,-2645,186.003876,349.456329,-2644.91211
563,646,-1708,562.955872,663.311401,-1707.00098
730,646,-1708,729.955872,663.311401,-1707.00098
646,210,-1745,645.955872,227.350708,-1744.00098
1209,646,-1983,1209.67859,670.017944,-1982.2655
1195,12,-2021,1195.67859,36.085041,-2020.2655
990,12,-1830,990.678345,36.0445671,-1829.26526
1195,12,-2021,1195.99609,95.6413574,-2021.08752
1209,646,-1983,1209.99609,730.140991,-1983.08777
1200,646,-2087,1200.99597,730.213623,-2087.08887
1195,12,-2021,1195.99316,47.3841324,-2021.11658
1200,646,-2087,1200.99304,680.93219,-2087.1167
1185,12,-2110,1185.99316,47.3841324,-2110.1167
1197,646,-2323,1197.95581,695.06427,-2322.70605
1213,12,-2429,1213.95581,60.7908897,-2428.70605
1182,12,-2325,1182.95874,60.8556557,-2324.71582
655,646,-2778,655.087524,747.19342,-2778.99609
393,646,-2806,393.087402,747.03125,-2806.99609
573,12,-2781,573.097961,112.807365,-2781.99512
393,646,-2806,393.041412,676.331787,-2806.99902
403,12,-2788,403.041138,42.4039917,-2788.99902
573,12,-2781,573.04187,42.483284,-2781.99902
364,12,-2725,363.144379,48.0157585,-2725.51758
403,12,-2788,402.144379,48.0243721,-2788.51758
393,646,-2806,392.144958,681.839294,-2806.51855
364,12,-2725,363.13739,42.2437096,-2725.50586
393,646,-2806,392.127319,676.404358,-2806.48828
338,646,-2711,337.132294,676.35437,-2711.49707
1200,646,-2087,1200.78833,694.957153,-2086.38477
1288,646,-2201,1288.78967,694.908142,-2200.38647
1281,182,-2208,1281.78833,230.763535,-2207.38477
1200,646,-2087,1200.74353,677.876099,-2086.3313
1281,182,-2208,1281.74353,213.914978,-2207.3313
1189,182,-2104,1189.74353,213.86557,-2103.3313
1288,646,-2201,1288.79126,678.682739,-2201.61133
1197,646,-2323,1197.79419,678.655151,-2323.60742
1186,182,-2324,1186.78821,214.365875,-2324.61523
-838,160,1383,-838.914551,193.321976,1383.4043
-837,80,1378,-837.910889,113.317879,1378.4126
-869,80,1308,-869.914551,113.298256,1308.4043
-763,80,1202,-762.192505,81.0252762,1201.41016
-720,80,1261,-719.192505,81.0247421,1260.41016
-689,160,1233,-688.189697,161.027069,1232.41406
-689,160,1233,-688.08844,160.953506,1232.58887
-720,80,1261,-719.08844,80.954567,1260.58887
-621,167,1377,-620.08844,167.954788,1376.58887
-689,160,1233,-688.094666,167.363007,1232.57532
-621,167,1377,-620.094421,174.369751,1376.57593
-614,247,1359,-613.09436,254.364456,1358.57605
-679,167,1517,-679.644531,177.630447,1517.76453
-837,80,1378,-837.644531,90.6434937,1378.76453
-838,160,1383,-838.651367,170.641052,1383.75867
-687,247,1536,-687.644531,249.882294,1536.7644
-679,167,1517,-679.644592,169.885742,1517.76453
-838,160,1383,-838.644531,162.886978,1383.76453
-400,220,1517,-399.823944,229.089706,1517.98438
-520,209,1537,-519.812744,218.081161,1537.9823
-520,289,1548,-519.829468,298.075073,1548.98535
-520,206,1396,-520.087158,208.402817,1395.00391
-400,220,1377,-400.097656,222.400421,1376.00488
-520,285,1347,-520.087158,287.406036,1346.00391
-520,289,1548,-520.098206,298.430847,1548.99512
-520,209,1537,-520.098206,218.429672,1537.99512
-679,167,1517,-679.097839,176.433655,1517.99512
-520,289,1548,-520.042969,295.399963,1548.99902
-679,167,1517,-679.042969,173.403412,1517.99902
-687,247,1536,-687.042969,253.401505,1536.99902
-614,247,1359,-613.736328,250.939316,1358.0354
-621,167,1377,-620.736328,170.941238,1376.0354
-520,206,1396,-519.740234,209.933517,1395.03442
-614,247,1359,-613.883301,248.607864,1358.00684
-520,206,1396,-519.882812,207.609467,1395.00696
-520,285,1347,-519.883301,286.609253,1346.00684
908,-5,-273,908.99707,59.0120049,-273.07608
924,-29,-57,924.99707,35.123188,-57.0762024
929,137,-25,929.99707,201.02739,-25.0763741
908,-5,-273,908.997986,22.3025684,-273.063293
929,137,-25,929.99707,164.331924,-25.0760574
914,151,-244,914.997986,178.278549,-244.062851
924,-29,-57,924.851135,-21.2816448,-56.4750557
787,-38,162,787.850037,-30.3147888,162.526688
793,127,193,793.850281,134.67804,193.526306
924,-29,-57,924.850952,-20.6618328,-56.4748383
793,127,193,793.850037,135.319336,193.526642
929,137,-25,929.851257,145.32486,-24.4752522
1166,-71,17,1165.21924,-54.727478,16.3751717
1165,274,-3,1164.22192,290.137299,-3.62813234
1063,-71,146,1062.21912,-54.7354202,145.375336
1165,274,-3,1164.34583,281.289856,-3.75634265
944,274,187,943.337891,281.291687,186.250595
1063,-71,146,1062.3385,-63.6913795,145.250061
915,274,352,914.075745,277.686523,352.381714
1046,274,673,1045.07385,277.670654,673.377075
1023,-71,471,1022.07574,-67.3391571,471.381744
1317,274,721,1317.09766,282.193573,721.995178
1318,-71,688,1318.09778,-62.8352928,688.995178
1195,-71,700,1195.09802,-62.8184967,700.995178
1566,274,527,1566.3905,284.280151,527.920593
1552,-71,512,1552.38867,-60.8033943,512.921265
1392,-71,580,1392.38867,-60.8252754,580.921265
1317,274,721,1317.61328,281.557465,721.789734
1566,274,527,1566.61328,281.56665,527.789795
1392,-71,580,1392.61462,-63.4137573,580.788818
1318,-71,688,1318.81873,-54.5506706,688.574036
1317,274,721,1317.81873,290.437012,721.574097
1392,-71,580,1392.82068,-54.512825,580.571289
1552,-71,512,1552.99805,-47.902771,511.937561
1566,274,527,1566.99902,297.063568,526.955872
1547,-71,416,1547.99792,-47.909153,415.936584
1566,274,527,1566.9823,285.020355,527.187134
1606,274,304,1606.98328,285.005951,304.181702
1547,-71,416,1547.98328,-60.0125542,416.181732
1606,274,304,1606.93909,296.230865,304.343445
1586,-71,310,1586.9342,-48.7914391,310.356537
1547,-71,416,1547.93616,-48.8015404,416.351318
1436,274,45,1436.99414,279.765717,44.8919067
1409,-71,80,1409.99512,-65.1958923,79.9013062
1422,-71,228,1422.99512,-65.174736,227.901306
1606,274,304,1606.83728,275.592316,303.453247
1436,274,45,1436.83435,275.598236,44.4487686
1422,-71,228,1422.83923,-69.3888779,227.456238
1586,-71,310,1586.44092,-57.4444885,309.102478
1606,274,304,1606.44128,287.561157,303.102661
1422,-71,228,1422.44092,-57.3841095,227.102463
1409,-71,80,1409.41992,-66.530159,79.0924454
1436,274,45,1436.42029,278.47995,44.0926094
1276,-71,17,1276.42053,-66.5213089,16.0927238
1165,274,-3,1164.95703,293.664948,-3.99907446
1166,-71,17,1165.95703,-51.3983345,16.0009251
1276,-71,17,1275.95703,-51.3983345,16.0009251
1325,274,169,1324.95618,335.170074,169.999039
1422,274,173,1421.95618,335.165253,173.999039
1407,-71,168,1406.95618,-9.63071537,168.999039
1299,-71,487,1298.9104,-6.40779066,487.995972
1371,274,499,1370.91016,338.342102,499.995941
1372,-71,493,1371.9104,-6.44251156,493.995972
1372,-71,493,1371.11816,28.1963234,493.471436
1371,274,499,1370.11865,373.436493,499.472412
1441,274,628,1440.12292,373.504089,628.480347
1133,-71,507,1132.08301,-39.1921539,507.398895
1119,274,505,1118.0791,305.792938,505.389709
1139,274,551,1138.08154,305.796448,551.395508
