-1861,34,1787,-1861.99609,34.9462852,1786.91174
-1904,72,1864,-1904.99707,72.9479294,1863.92358
-1843,14,1805,-1843.99695,14.9458408,1804.92285
-1861,34,1787,-1861.91101,39.1464996,1786.58765
-1901,100,1845,-1901.91089,105.1465,1844.5874
-1904,72,1864,-1904.91101,77.1493607,1863.58765
-1866,136,1782,-1866.86438,149.105957,1781.49719
-1901,100,1845,-1901.86096,113.113419,1844.49133
-1861,34,1787,-1861.86389,47.1117935,1786.49634
-1782,136,1866,-1781.49719,149.105957,1866.86438
-1787,34,1861,-1786.49634,47.1117935,1861.86389
-1845,100,1901,-1844.49133,113.113419,1901.86096
-1845,100,1901,-1844.5874,105.1465,1901.91089
-1787,34,1861,-1786.58765,39.1464996,1861.91101
-1864,72,1904,-1863.58765,77.1493607,1904.91101
-1787,34,1861,-1786.91174,34.9462852,1861.99609
-1805,14,1843,-1804.92285,14.9458408,1843.99695
-1864,72,1904,-1863.92383,72.9479294,1904.99707
-1954,72,1914,-1954.71582,75.140419,1913.30176
-1904,72,1864,-1904.71582,75.140419,1863.30176
-1901,100,1845,-1901.71582,103.139244,1844.30176
-1954,72,1914,-1954.70288,74.7832565,1913.2887
-1901,100,1845,-1901.6969,102.782402,1844.28284
-1963,100,1906,-1963.69946,102.783333,1905.2854
-1845,100,1901,-1844.30176,103.139244,1901.71582
-1864,72,1904,-1863.30176,75.140419,1904.71582
-1914,72,1954,-1913.30176,75.140419,1954.71582
-1845,100,1901,-1844.28284,102.782402,1901.6969
-1914,72,1954,-1913.2887,74.7832565,1954.70288
-1906,100,1963,-1905.2854,102.783333,1963.69946
-1821,0,1736,-1821.80896,9.47894287,1735.41223
-1866,136,1782,-1866.81384,145.453354,1781.41895
-1861,34,1787,-1861.80896,43.4680786,1786.41223
-1782,136,1866,-1781.41895,145.453354,1866.81384
-1736,0,1821,-1735.41223,9.47894287,1821.80896
-1787,34,1861,-1786.41223,43.4680786,1861.80896
-1782,136,1866,-1781.29016,148.319443,1866.70435
-1722,160,1807,-1721.29114,172.307465,1807.70532
-1652,160,1736,-1651.28271,172.300705,1736.69678
-1807,160,1722,-1807.70532,172.307465,1721.29114
-1866,136,1782,-1866.70435,148.319443,1781.29016
-1736,160,1652,-1736.69678,172.300705,1651.28271
-1064,187,1164,-1064.67834,220.121948,1163.26526
-1065,230,1164,-1065.67834,263.083618,1163.26526
-1075,187,1174,-1075.6676,220.118057,1173.25549
-1085,198,1164,-1084.16577,199.794922,1164.55139
-1095,179,1155,-1094.15479,180.795242,1155.53442
-1101,178,1163,-1100.16626,179.794998,1163.55212
-1085,198,1164,-1084.30176,199.925812,1164.71582
-1084,179,1144,-1083.30078,180.925858,1144.71484
-1095,179,1155,-1094.2998,180.925858,1155.71387
-1085,198,1164,-1084.30176,199.925812,1164.71582
-1075,198,1154,-1074.30176,199.925812,1154.71582
-1084,179,1144,-1083.30078,180.925858,1144.71484
-1085,198,1164,-1084.30188,200.406113,1164.71594
-1065,230,1164,-1064.30176,232.406036,1164.71582
-1075,198,1154,-1074.29993,200.406113,1154.71399
-1101,160,1162,-1100.19019,187.604202,1162.58667
-1101,178,1163,-1100.19653,205.603653,1163.59534
-1095,179,1155,-1094.19946,206.604538,1155.59924
-1101,160,1162,-1100.13147,167.517502,1162.49561
-1095,179,1155,-1094.12793,186.519226,1155.48938
-1096,159,1153,-1095.12793,166.519836,1153.48938
-1091,158,1173,-1090.46387,162.383453,1172.15588
-1075,187,1174,-1074.47168,191.381516,1173.151
-1085,198,1164,-1084.46387,202.38176,1163.15588
-1091,158,1173,-1090.62109,159.843445,1172.07458
-1085,198,1164,-1084.60938,199.844604,1163.07947
-1101,178,1163,-1100.61548,179.845215,1162.0769
-1075,187,1174,-1074.49609,189.284134,1173.13635
-1065,230,1164,-1064.50293,232.28241,1163.13232
-1085,198,1164,-1084.50293,200.284195,1163.13232
-1062,118,1189,-1061.00098,118.499687,1188.95593
-1043,140,1185,-1042.00098,140.499939,1184.95593
-1051,131,1177,-1050.00098,131.500031,1176.95593
-1060,130,1168,-1060.50195,132.532776,1167.13513
-1070,162,1159,-1070.50281,164.532867,1158.13562
-1091,158,1173,-1091.5022,160.533569,1172.13525
-1060,130,1168,-1060.50195,131.891815,1167.13513
-1091,158,1173,-1091.50195,159.890961,1172.13513
-1072,119,1180,-1072.50281,120.890747,1179.13562
-1071,91,1192,-1070.23059,116.608742,1191.36133
-1072,115,1190,-1071.23547,140.608002,1189.35547
-1084,103,1176,-1083.23633,128.591202,1175.35449
-1072,115,1190,-1071.02136,115.921608,1189.79443
-1072,119,1180,-1071.02161,119.921753,1179.79333
-1080,108,1169,-1079.02136,108.921616,1168.79443
-1072,115,1190,-1071.00293,116.683739,1189.92358
-1080,108,1169,-1079.00293,109.683723,1168.92358
-1084,103,1176,-1083.00293,104.68383,1175.92358
-1072,115,1190,-1072.07581,122.654388,1189.00293
-1071,91,1192,-1071.07593,98.6579666,1191.00293
-1062,118,1189,-1062.07617,125.653587,1188.00293
-1086,0,1183,-1085.24792,14.5431347,1182.34094
-1071,91,1192,-1070.24792,105.556343,1191.34094
-1084,103,1176,-1083.24719,117.558037,1175.3418
-1174,187,1075,-1173.25549,220.118057,1075.6676
-1164,230,1065,-1163.26526,263.083618,1065.67834
-1164,187,1064,-1163.26526,220.121948,1064.67834
-1163,178,1101,-1163.55212,179.794998,1100.16626
-1155,179,1095,-1155.53442,180.795242,1094.15479
-1164,198,1085,-1164.55139,199.794922,1084.16577
-1155,179,1095,-1155.71387,180.925858,1094.2998
-1144,179,1084,-1144.71484,180.925858,1083.30078
-1164,198,1085,-1164.71582,199.925812,1084.30176
-1144,179,1084,-1144.71484,180.925858,1083.30078
-1154,198,1075,-1154.71582,199.925812,1074.30176
-1164,198,1085,-1164.71582,199.925812,1084.30176
-1154,198,1075,-1154.71399,200.406113,1074.29993
-1164,230,1065,-1164.71582,232.406036,1064.30176
-1164,198,1085,-1164.71594,200.406113,1084.30188
-1153,159,1096,-1153.58984,164.359344,1095.1925
-1155,179,1095,-1155.58667,184.36058,1094.19019
-1163,178,1101,-1163.58984,183.360611,1100.1925
-1153,159,1096,-1153.48828,187.705978,1095.12732
-1163,178,1101,-1163.48828,206.709915,1100.12732
-1162,160,1101,-1162.48828,188.710464,1100.12732
-1163,178,1101,-1162.12732,179.973343,1100.51172
-1164,198,1085,-1163.12732,199.972351,1084.51172
-1174,187,1075,-1173.13513,188.97168,1074.49805
-1163,178,1101,-1162.11609,182.01384,1100.53235
-1174,187,1075,-1173.11572,191.014709,1074.53308
-1173,158,1091,-1172.11584,162.012161,1090.53284
-1164,198,1085,-1163.14685,200.284195,1084.47839
-1164,230,1065,-1163.14978,232.28241,1064.47363
-1174,187,1075,-1173.14087,189.284531,1074.48828
-1177,131,1051,-1176.95874,131.500214,1050.00085
-1185,140,1043,-1184.95874,140.500137,1042.00085
-1189,118,1062,-1188.95703,118.499687,1061.00098
-1180,119,1072,-1179.13513,121.794029,1072.50195
-1173,158,1091,-1172.13513,160.794724,1091.50195
-1159,162,1070,-1158.13513,164.795013,1070.50195
-1180,119,1072,-1179.13562,121.984932,1072.50281
-1159,162,1070,-1158.13525,164.982803,1070.5022
-1168,130,1060,-1167.13513,132.984604,1060.50195
-1176,103,1084,-1175.36523,128.591202,1083.22742
-1190,115,1072,-1189.35376,140.608002,1071.23694
-1192,91,1071,-1191.35938,116.608742,1070.23218
-1176,103,1084,-1176.04382,104.988556,1083.00098
-1169,108,1080,-1169.04297,109.988655,1079.00098
-1180,119,1072,-1180.04358,120.988571,1071.00098
-1176,103,1084,-1175.73633,104.797386,1083.0354
-1180,119,1072,-1179.73633,120.797783,1071.0354
-1190,115,1072,-1189.73633,116.797684,1071.0354
-1189,118,1062,-1188.00293,125.653587,1062.07617
-1192,91,1071,-1191.00293,98.6579666,1071.07593
-1190,115,1072,-1189.00293,122.654388,1072.07581
-1176,103,1084,-1175.33984,117.558037,1083.2489
-1192,91,1071,-1191.34668,105.556343,1070.24292
-1183,0,1086,-1182.34009,14.5431347,1085.24866
-1096,159,1153,-1095.30188,172.565552,1152.28406
-1125,160,1125,-1124.30176,173.561783,1124.28418
-1093,145,1157,-1092.30176,158.562775,1156.28418
-1095,179,1155,-1094.2666,194.245102,1154.32031
-1106,179,1143,-1105.2655,194.245102,1142.32141
-1125,160,1125,-1124.2666,175.238419,1124.32031
-1125,160,1125,-1124.33105,175.238419,1124.25671
-1143,179,1106,-1142.32141,194.245102,1105.2655
-1155,179,1095,-1154.33105,194.245102,1094.25671
-1157,145,1093,-1156.28516,158.562775,1092.30078
-1125,160,1125,-1124.28613,173.561783,1124.2998
-1153,159,1096,-1152.2843,172.565552,1095.30164
-656,160,741,-655.301758,300.302216,740.28418
-742,262,654,-741.301758,402.562561,653.28418
-762,200,635,-761.30188,340.612366,634.284058
-1130,262,1042,-1130.71582,325.786835,1042.69812
-1042,262,1130,-1042.71582,325.786835,1130.69812
-1022,200,1149,-1022.71582,263.842224,1149.69812
-610,187,709,-610.743347,226.909439,708.331116
-621,230,719,-621.743347,269.904388,718.331116
-620,187,720,-620.733887,226.908508,719.32074
-621,178,684,-620.447388,179.269852,684.833435
-629,179,690,-628.447571,180.269882,690.833557
-620,198,699,-619.44812,199.269913,699.833923
-629,179,690,-628.331238,180.742035,690.743469
-640,179,700,-639.321594,180.742096,700.73468
-620,198,699,-619.331116,199.742661,699.743347
-640,179,700,-639.264771,180.41011,700.677795
-630,198,710,-629.264709,199.41008,710.677734
-620,198,699,-619.264709,199.410187,699.677734
-630,198,710,-629.264709,199.246521,710.677734
-621,230,719,-620.264709,231.247208,719.677734
-620,198,699,-619.264709,199.246201,699.677734
-631,159,688,-630.503723,167.114517,688.868164
-629,179,690,-628.503723,187.115036,690.868164
-622,160,683,-621.510193,168.1147,683.871826
-629,179,690,-628.412476,195.65715,690.809204
-621,178,684,-620.413147,194.659546,684.809692
-622,160,683,-621.41217,176.659317,683.80896
-621,178,684,-621.883301,182.804749,684.468689
-610,187,709,-610.883362,191.806244,709.468689
-611,158,693,-611.883301,162.80426,693.46875
-621,178,684,-621.863708,181.084534,684.503906
-620,198,699,-620.863708,201.084702,699.503906
-610,187,709,-610.863708,190.083282,709.503845
-620,198,699,-620.871826,202.406845,699.489807
-621,230,719,-621.871582,234.406631,719.490234
-610,187,709,-610.863708,191.406708,709.503906
-607,131,733,-607.044861,132.834717,733.998962
-599,140,741,-599.042969,141.834534,741.998962
-595,118,722,-595.042969,119.834282,722.999023
-604,119,712,-604.849182,122.182755,711.471924
-611,158,693,-611.850098,161.182693,692.473389
-626,162,714,-626.84906,165.183456,713.471741
-604,119,712,-604.876465,120.716446,711.518555
-626,162,714,-626.876587,163.715759,713.518799
-616,130,724,-616.876465,131.716187,723.518555
-608,103,700,-608.644653,130.416611,700.764465
-594,115,712,-594.638672,142.427689,712.76947
-592,91,713,-592.644592,118.425568,713.764526
-608,103,700,-607.957275,104.239777,700.999084
-615,108,704,-614.957031,109.239777,704.999023
-604,119,712,-603.957275,120.239799,712.999084
-608,103,700,-608.262268,105.00663,700.964966
-604,119,712,-604.261841,121.007027,712.965088
-594,115,712,-594.261902,117.006927,712.965088
-595,118,722,-595.99707,128.508514,721.923523
-592,91,713,-592.997009,101.513603,712.922852
-594,115,712,-594.997009,125.510025,711.922852
-608,103,700,-608.658325,127.414368,700.752686
-592,91,713,-592.658203,115.411636,713.752808
-601,0,698,-601.659424,24.3984299,698.75177
-720,187,620,-719.32074,226.908508,620.733887
-719,230,621,-718.331116,269.904388,621.743347
-709,187,610,-708.331116,226.909439,610.743347
-699,198,620,-699.833923,199.269913,619.44812
-690,179,629,-690.833557,180.269882,628.447571
-684,178,621,-684.833435,179.269852,620.447388
-699,198,620,-699.743347,199.742661,619.331116
-700,179,640,-700.73468,180.742096,639.321594
-690,179,629,-690.743469,180.742035,628.331238
-699,198,620,-699.677734,199.410187,619.264709
-710,198,630,-710.677734,199.41008,629.264709
-700,179,640,-700.677795,180.41011,639.264771
-699,198,620,-699.677734,199.246201,619.264709
-719,230,621,-719.677734,231.247208,620.264709
-710,198,630,-710.677734,199.246521,629.264709
-683,160,622,-683.80896,176.659317,621.41217
-684,178,621,-684.809692,194.659546,620.413147
-690,179,629,-690.809204,195.65715,628.412476
-683,160,622,-683.871826,168.1147,621.510193
-690,179,629,-690.868164,187.115036,628.503723
-688,159,631,-688.868164,167.114517,630.503723
-693,158,611,-693.550781,162.343704,611.834595
-709,187,610,-709.534973,191.341995,610.844849
-699,198,620,-699.550781,202.341553,620.834595
-693,158,611,-693.423828,161.091843,611.905701
-699,198,620,-699.412109,201.091095,620.911133
-684,178,621,-684.412109,181.092178,621.911133
-709,187,610,-709.501953,191.406708,610.864868
-719,230,621,-719.502197,234.406631,621.864746
-699,198,620,-699.502075,202.406845,620.864807
-722,118,595,-722.999084,119.834373,595.041809
-741,140,599,-741.999084,141.834641,599.041687
-733,131,607,-733.999084,132.834717,607.041382
-724,130,616,-723.472412,133.271133,616.849487
-714,162,626,-713.4729,165.270844,626.849792
-693,158,611,-692.472534,161.270966,611.849548
-724,130,616,-723.49646,132.406738,616.863953
-693,158,611,-692.49707,160.40596,611.864319
-712,119,604,-711.496155,121.405678,604.86377
-713,91,592,-713.772949,118.425568,592.63446
-712,115,594,-712.767883,142.427689,594.640564
-700,103,608,-700.763123,130.416611,608.64624
-712,115,594,-712.979614,116.852844,594.200867
-712,119,604,-712.978638,120.852859,604.205566
-704,108,615,-704.978333,109.852722,615.206909
-712,115,594,-712.997009,115.976463,594.076782
-704,108,615,-704.996948,108.976448,615.077148
-700,103,608,-700.99707,103.976646,608.076355
-712,115,594,-711.922852,125.510025,594.997009
-713,91,592,-712.922852,101.513603,592.997009
-722,118,595,-721.923523,128.508514,595.99707
-698,0,601,-698.751282,24.3984299,601.659973
-713,91,592,-713.751099,115.411636,592.660156
-700,103,608,-700.75116,127.414368,608.660095
-659,160,659,-659.714905,197.080124,659.699219
-641,179,678,-641.71582,216.072159,678.698181
-629,179,690,-629.71582,216.072159,690.698181
-678,179,641,-678.71582,216.072159,641.698181
-641,179,678,-641.71582,216.072159,678.698181
-659,160,659,-659.714905,197.080124,659.699219
-690,179,629,-690.71582,216.072159,629.698181
-678,179,641,-678.71582,216.072159,641.698181
-659,160,659,-659.714905,197.080124,659.699219
