179,0,133,179.959045,12.1374283,132.716751
223,480,154,223.958679,492.195221,153.715515
152,0,41,152.957718,12.1432962,40.7122917
223,480,154,223.993149,491.372742,153.883148
206,480,4,206.993927,491.353577,3.88995886
152,0,41,152.993027,11.3635216,40.8821144
123,0,251,123.849411,7.74776316,251.527725
170,480,273,170.850143,487.715393,273.52655
166,0,181,166.849442,7.73919201,181.527679
170,480,273,170.937347,491.026062,273.348389
194,480,208,194.937332,491.009979,208.348434
166,0,181,166.937378,11.0409002,181.348312
194,480,208,194.878693,495.156433,208.477386
223,480,154,223.878693,495.154846,154.477386
166,0,181,166.878723,15.1125698,181.477325
223,480,154,223.9646,485.086182,154.263718
179,0,133,179.964645,5.127069,133.26355
166,0,181,166.964645,5.12123728,181.26355
46,0,300,46.5322876,7.06965351,300.846558
170,480,273,170.533844,487.098663,273.845581
123,0,251,123.532158,7.06730223,251.846634
46,0,300,46.338295,24.145977,300.94104
2,480,333,2.3418119,503.987305,333.939758
170,480,273,170.335388,503.944092,273.942078
-71,480,242,-71.7769089,487.440857,242.629608
2,480,333,1.22217357,487.43576,333.628479
46,0,300,45.2229919,7.41903305,300.629486
-120,480,154,-120.99897,495.256592,153.954712
-123,480,217,-123.99897,495.260834,216.954712
-103,0,234,-103.99897,15.3955107,233.954712
-92,0,75,-92.7312927,4.06460524,75.6820602
-183,480,91,-183.715179,484.058136,91.6989365
-120,480,154,-120.70504,484.058533,154.709167
-37,350,-68,-37.8635445,365.120819,-68.5042725
-94,480,21,-94.8635635,495.077789,20.4957619
-69,0,10,-69.8596497,15.2988482,9.48911667
-94,480,21,-94.9418106,495.991333,20.6638565
-92,0,75,-92.9424133,15.9162426,74.6655502
-69,0,10,-69.9437332,15.9109001,9.66929245
-94,480,21,-94.6148758,490.199646,20.2113762
-183,480,91,-183.618317,490.218536,90.2140732
-92,0,75,-92.6149979,10.2690048,74.2114716
-135,-38,-460,-135.99794,-33.4617462,-460.064117
-155,122,-461,-155.998032,126.545166,-461.062683
-139,-43,-376,-139.997925,-38.4596252,-376.064178
-125,184,-268,-125.920303,190.269821,-267.608795
-66,217,-117,-66.9236526,223.259857,-116.616776
-139,-43,-376,-139.920303,-36.7255821,-375.608795
-66,217,-117,-66.9587402,270.498901,-116.715721
-98,-56,-240,-98.9561539,-2.36778498,-239.707138
-139,-43,-376,-139.956726,10.7594929,-375.709015
111,0,-7,111.999893,6.91318703,-6.98538542
155,203,-64,155.999084,209.897522,-63.957222
111,-9,-130,111.999901,-2.08551002,-129.985931
155,203,-64,155.963623,207.621902,-63.7327385
131,-52,-246,131.964554,-47.3844109,-245.736115
111,-9,-130,111.963722,-4.38413143,-129.733093
155,203,-64,155.99913,210.255463,-64.0415268
152,190,-189,152.999084,197.24408,-189.042633
131,-52,-246,131.9991,-44.7791138,-246.042267
152,190,-189,152.9879,201.202759,-188.84491
167,166,-302,167.9879,177.209198,-301.84491
131,-52,-246,131.9879,-40.7981796,-245.84491
167,166,-302,167.983795,174.348831,-301.820709
191,122,-465,191.983795,130.351486,-464.820709
131,-52,-246,131.983978,-43.6406441,-245.821716
191,122,-465,191.988815,127.904625,-465.149017
154,-56,-482,154.988831,-50.0931969,-482.149017
172,-45,-379,172.988831,-39.0953255,-379.149017
152,0,41,152.760681,2.96324801,40.3508759
155,203,-64,155.76062,205.962769,-64.6491928
111,0,-7,111.75885,2.9653883,-7.65126467
152,0,41,152.696945,7.84683228,40.2828789
206,480,4,206.69191,487.81012,3.27801609
132,350,-43,132.69693,357.822388,-43.7171364
191,122,-465,191.850388,128.474442,-465.526154
128,80,-553,128.851273,86.4718704,-553.524719
110,-56,-532,110.857391,-49.526226,-532.514648
191,122,-465,191.752625,136.571503,-465.658447
110,-56,-532,110.745827,-41.4092216,-532.666138
154,-56,-482,154.752487,-41.4118576,-482.6586
128,80,-553,128.304596,87.2282333,-553.952454
7,-40,-568,7.28893614,-32.773407,-568.957336
110,-56,-532,110.295288,-48.7788849,-532.955383
128,80,-553,128.415863,84.6800842,-553.909424
5,100,-616,5.41062117,104.683655,-616.911804
7,-40,-568,7.41021442,-35.3185539,-568.911987
5,100,-616,4.52458334,104.548141,-616.879761
-92,66,-553,-92.4815674,70.547081,-553.876404
-81,-47,-524,-81.4814606,-42.4558601,-524.876465
5,100,-616,4.56403494,102.970634,-616.899963
-81,-47,-524,-81.4165268,-44.0319633,-524.909119
7,-40,-568,6.5650444,-37.0289383,-568.900452
-92,66,-553,-92.8775406,72.978714,-553.479492
-155,122,-461,-155.877609,128.972504,-461.47934
-81,-47,-524,-81.8775711,-40.0146828,-524.479431
-155,122,-461,-155.774612,129.527969,-461.632416
-135,-38,-460,-135.774643,-30.4582825,-460.632385
-81,-47,-524,-81.7658615,-39.4580078,-524.643005
1379,0,133,1379.95581,14.0327568,132.706024
1423,480,154,1423.95972,494.090942,153.719055
1352,0,41,1352.95874,14.0392313,40.7157173
1423,480,154,1423.99402,489.80899,153.891266
1406,480,4,1406.99219,489.789581,3.87524462
1352,0,41,1352.99304,9.80016041,40.882515
1323,0,251,1323.8501,13.6704397,251.526611
1370,480,273,1370.8501,493.637482,273.52652
1366,0,181,1366.85059,13.6624393,181.525833
1370,480,273,1370.93677,499.367859,273.349915
1394,480,208,1394.93604,499.349701,208.35144
1366,0,181,1366.93652,19.3825016,181.350601
1394,480,208,1394.88025,494.992767,208.47435
1423,480,154,1423.88037,494.991211,154.474213
1366,0,181,1366.87646,14.9493093,181.481415
1423,480,154,1423.96753,490.493317,154.252502
1379,0,133,1379.9657,10.534976,133.259598
1366,0,181,1366.9657,10.5288382,181.259521
1246,0,300,1246.53394,13.503787,300.84552
1370,480,273,1370.53357,493.532806,273.845734
1323,0,251,1323.53369,13.5017719,251.845673
1246,0,300,1246.34375,34.6740074,300.938995
1202,480,333,1202.34375,514.51532,333.938995
1370,480,273,1370.34375,514.472107,273.938995
1129,480,242,1128.22046,487.899811,242.626343
1202,480,333,1201.21912,487.89444,333.624664
1246,0,300,1245.21936,7.87797832,300.624969
1080,480,154,1079.00098,506.588226,153.955826
1077,480,217,1076.00098,506.591064,216.955826
1097,0,234,1096.00098,26.7269707,233.955826
1108,0,75,1107.29297,9.38270092,75.7071762
1017,480,91,1016.29407,489.372742,91.708252
1080,480,154,1079.2959,489.372345,154.710052
1106,480,21,1105.37646,492.224731,20.2182064
1017,480,91,1016.38867,492.242889,90.2086258
1108,0,75,1107.37598,12.2939014,74.2185974
1065,7,-460,1064.00098,15.6328478,-460.04303
1045,167,-461,1044.00195,175.639755,-461.061432
1061,2,-376,1060.00195,10.6352119,-376.061401
1075,229,-268,1074.01929,244.084625,-267.804565
1106,217,-120,1105.01831,232.078171,-119.809517
1061,2,-376,1060.02039,17.1384373,-375.799133
1106,217,-120,1105.03784,227.324646,-119.727516
1102,-11,-240,1101.03577,-0.696999013,-239.734955
1061,2,-376,1060.03979,12.297122,-375.720734
1348,0,-11,1348.99915,6.12205839,-10.9586697
1392,203,-68,1392.99927,209.111465,-67.9617386
1348,-9,-133,1348.99927,-2.87619781,-132.962708
1392,203,-68,1392.98718,205.301865,-67.8406372
1369,-7,-262,1369.98621,-4.68252897,-261.834808
1348,-9,-133,1348.98633,-6.68918514,-132.83522
1392,203,-68,1392.99902,218.420303,-68.0425262
1391,235,-205,1391.99902,250.436722,-205.042435
1369,-7,-262,1369.99902,8.4187355,-262.042267
1391,235,-205,1391.98816,240.509109,-204.846893
1405,211,-317,1405.98914,216.50592,-316.852997
1369,-7,-262,1369.98816,-1.49725425,-261.846893
1405,211,-317,1405.98523,222.354691,-316.828766
1424,167,-463,1424.98523,178.358063,-462.828766
1369,-7,-262,1369.98523,4.36488581,-261.828766
1424,167,-463,1424.98853,174.315872,-463.151031
1386,-11,-479,1386.98914,-3.69098258,-479.146423
1404,0,-376,1404.98914,7.31388235,-376.146454
1352,0,41,1352.99609,6.03466272,40.9117012
1392,203,-68,1392.99609,209.031097,-68.0870895
1348,0,-11,1348.99609,6.03466272,-11.0875959
1352,0,41,1352.68665,7.01523447,40.2730103
1406,480,4,1406.68542,486.978455,3.27185678
1332,350,-43,1332.68665,356.990723,-43.7269592
1424,167,-463,1424.73157,173.16449,-463.681641
1328,124,-553,1328.73254,130.164886,-553.680603
1310,-11,-532,1310.73352,-4.82885218,-532.679626
1424,167,-463,1424.56152,184.491852,-463.827423
1310,-11,-532,1310.57227,6.57555676,-532.819946
1386,-11,-479,1386.56738,6.55030537,-479.823395
1328,124,-553,1328.30762,129.731384,-553.951477
1207,5,-568,1207.30762,10.7238331,-568.951477
1310,-11,-532,1310.30847,-5.26843691,-532.951233
1328,124,-553,1328.41113,126.499039,-553.91156
1205,144,-616,1205.41113,146.493042,-616.911499
1207,5,-568,1207.41211,7.50039244,-568.911133
1205,144,-616,1204.51965,145.956467,-616.877075
1108,111,-553,1107.51855,112.959801,-553.876465
1119,-2,-524,1118.51978,-0.0369799137,-524.877136
1205,144,-616,1204.57544,147.178558,-616.905396
1119,-2,-524,1118.57507,1.18191922,-524.905212
1207,5,-568,1206.57471,8.17888927,-568.905029
1108,111,-553,1107.12256,115.411331,-553.479553
1045,167,-461,1044.11877,171.405411,-461.472687
1119,-2,-524,1118.11609,2.4179306,-524.467651
1045,167,-461,1044.22412,181.297562,-461.630859
1065,7,-460,1064.22461,21.3112965,-460.63147
1119,-2,-524,1118.22571,12.311265,-524.632812
1979,0,133,1979.95972,11.1444645,132.719055
2023,480,154,2023.95972,491.216431,153.719055
1966,0,87,1966.95874,11.1348381,86.7157211
2023,480,154,2023.95398,487.720001,153.700134
1952,0,41,1952.95288,7.62225056,40.6966553
1966,0,87,1966.95386,7.62560606,86.6997452
2023,480,154,2023.99402,489.027161,153.891266
2006,480,4,2006.99219,489.007782,3.87524462
1952,0,41,1952.99304,9.01835155,40.882515
1923,0,251,1923.84998,7.26949215,251.526642
1970,480,273,1970.85059,487.237671,273.525818
1966,0,181,1966.85059,7.26149225,181.525818
1970,480,273,1970.93677,490.025452,273.349915
1994,480,208,1994.93616,490.008972,208.351456
1966,0,181,1966.93652,10.0401058,181.350601
1994,480,208,1994.88025,494.911133,208.47435
2023,480,154,2023.87659,494.909576,154.481201
1966,0,181,1966.8772,14.8676786,181.480118
2023,480,154,2023.96753,493.196747,154.252502
1979,0,133,1979.9657,13.2383928,133.259598
1966,0,181,1966.9657,13.232254,181.259521
1846,0,300,1846.53296,11.2176628,300.84613
1970,480,273,1970.54016,491.246002,273.841492
1923,0,251,1923.52832,11.2149754,251.848999
1846,0,300,1846.34399,25.1945496,300.938965
1802,480,333,1802.34082,505.035889,333.940094
1970,480,273,1970.34387,504.992676,273.938995
1729,480,242,1728.21899,488.128876,242.62442
1802,480,333,1801.21497,488.123505,333.619415
1846,0,300,1845.21899,8.10704899,300.62442
1680,480,154,1679.00098,512.25238,153.955826
1677,480,217,1676.00098,512.255188,216.955826
1697,0,234,1696.00098,32.3911133,233.955826
1708,0,75,1707.29407,8.82842541,75.7081833
1617,480,91,1616.29297,488.818481,91.7071762
1680,480,154,1679.2959,488.818481,154.710098
1763,350,-68,1762.13135,379.655975,-68.4953384
1706,480,21,1705.13147,509.613647,20.504364
1731,0,10,1730.13013,29.8365307,9.50672531
1706,480,21,1705.05249,508.983734,20.680275
1708,0,75,1707.05737,28.912899,74.666153
1731,0,10,1730.05627,28.9070034,9.66927052
1706,480,21,1705.37622,487.721161,20.218401
1617,480,91,1616.37634,487.740021,90.2183075
1708,0,75,1707.37598,7.78966141,74.2185974
1665,0,-460,1664.00098,7.4247613,-460.042267
1645,157,-461,1644.00098,164.416595,-461.042908
1661,0,-376,1660.00098,7.42669106,-376.044159
1911,0,-7,1911.99902,2.76435876,-7.04306936
1955,203,-64,1955.99902,205.762909,-64.0425262
1911,0,-130,1911.99902,2.76435876,-130.042267
1952,190,-189,1952.85986,264.884521,-188.489487
2011,184,-289,2011.86047,258.945129,-288.490509
1974,0,-233,1974.85498,74.8903351,-232.481354
2011,184,-289,2011.99792,190.725159,-289.062469
1991,143,-465,1991.99792,149.716873,-465.06311
1974,0,-233,1974.99805,6.71540213,-233.06218
1991,143,-465,1991.99902,147.469513,-465.042267
1972,0,-379,1972.99902,4.48129606,-379.042267
1974,0,-233,1974.99902,4.4952755,-233.04245
1991,143,-465,1991.9834,146.478012,-465.181396
1954,0,-482,1954.98328,3.47194552,-482.18161
1972,0,-379,1972.98328,3.47087574,-379.181824
1952,0,41,1952.75891,2.85838485,40.3488083
1955,203,-64,1955.75891,205.857681,-64.6511078
1911,0,-7,1911.75989,2.8602457,-7.64990425
1952,0,41,1952.68652,6.59975243,40.2728958
2006,480,4,2006.68616,486.562988,3.27254677
1932,350,-43,1932.68762,356.575714,-43.7260666
1991,143,-465,1991.83728,147.852478,-465.546692
1928,114,-553,1928.83337,118.852348,-553.552551
1954,0,-482,1954.83789,4.8586874,-482.545837
1928,114,-553,1928.74329,117.82029,-553.668884
1910,0,-532,1910.74231,3.82324386,-532.669861
1954,0,-482,1954.74634,3.82272124,-482.665558
1928,114,-553,1928.31934,116.260056,-553.947632
1807,0,-568,1807.31934,2.2660253,-568.947632
1910,0,-532,1910.32239,2.26325655,-532.946594
1928,114,-553,1928.34961,119.782333,-553.936829
1805,181,-616,1805.33594,186.782089,-616.941772
1807,0,-568,1807.34961,5.78889179,-568.93689
1805,181,-616,1804.44739,189.692841,-616.833435
1708,182,-553,1707.44739,190.689651,-553.833435
1719,0,-524,1718.44812,8.70672131,-524.833923
1805,181,-616,1804.54492,186.715088,-616.890442
1719,0,-524,1718.53308,5.69908667,-524.884277
1807,0,-568,1806.53455,5.70492268,-568.885071
1708,182,-553,1707.19019,190.14299,-553.58667
1645,157,-461,1644.18762,165.129318,-461.583069
1719,0,-524,1718.18518,8.15243626,-524.579651
1645,157,-461,1644.23584,167.516037,-461.64502
1665,0,-460,1664.23572,10.5196304,-460.644806
1719,0,-524,1718.23547,10.522049,-524.644592
1661,0,-376,1660.00183,8.94763851,-375.939514
1643,202,-281,1642.00183,210.97551,-280.939514
1669,0,-252,1668.00183,8.95485783,-251.939514
1643,202,-281,1642.12695,220.253571,-280.51239
1734,217,-117,1733.12012,235.313126,-116.524811
1669,0,-252,1668.11902,18.2091331,-251.526855
1974,0,-233,1974.8501,46.2558479,-232.473389
1911,0,-130,1911.84998,46.2281876,-129.473267
1952,190,-189,1952.84851,236.131104,-188.470825
1911,0,-130,1911.99902,4.77605963,-130.042267
1955,203,-64,1955.99902,207.782272,-64.0425262
1952,190,-189,1952.99902,194.776031,-189.042267
2579,0,133,2579.95581,15.9282875,132.706024
2623,480,154,2623.95483,495.984863,153.702942
2552,0,41,2552.95776,15.934762,40.7126083
2623,480,154,2623.99219,488.244354,153.875259
2606,480,4,2606.99316,488.225983,3.88327336
2552,0,41,2552.99219,8.23654366,40.875248
2523,0,251,2523.8501,10.230545,251.526489
2570,480,273,2570.8479,490.197601,273.529694
2566,0,181,2566.85034,10.2236872,181.526184
2570,480,273,2570.93628,494.196869,273.351135
2594,480,208,2594.93262,494.180389,208.360825
2566,0,181,2566.93433,14.211525,181.356415
2594,480,208,2594.88037,494.829498,208.474228
2623,480,154,2623.88062,494.829498,154.473801
2566,0,181,2566.87646,14.7844791,181.481277
2623,480,154,2623.96558,485.843994,154.259766
2579,0,133,2579.95972,5.88318443,133.28093
2566,0,181,2566.96167,5.87827396,181.273834
2446,0,300,2446.53223,8.93086624,300.846558
2570,480,273,2570.53271,488.960571,273.846283
2523,0,251,2523.52734,8.92817879,251.849579
2446,0,300,2446.33789,15.7114916,300.941071
2402,480,333,2402.34375,495.552826,333.938965
2570,480,273,2570.33789,495.509613,273.94104
2329,480,242,2328.21924,488.35849,242.624802
2402,480,333,2401.21509,488.353119,333.619598
2446,0,300,2445.21899,8.33665562,300.62442
2280,480,154,2279.00098,494.805786,153.955826
2277,480,217,2276.00098,494.817078,216.955826
2297,0,234,2296.00098,14.9501791,233.955826
2308,0,75,2307.29297,8.27414989,75.7071304
2217,480,91,2216.29297,488.264191,91.7071609
2280,480,154,2279.2959,488.264191,154.710098
2306,480,21,2305.3772,494.250244,20.2176228
2217,480,91,2216.37598,494.267761,90.2185974
2308,0,75,2307.37622,14.3187551,74.2184067
2265,7,-460,2264.00098,13.1527729,-460.042999
2245,197,-461,2244.00098,203.173767,-461.042267
2261,2,-376,2260.00098,8.14884853,-376.042267
2275,259,-268,2274.0166,298.593811,-267.818542
2306,217,-120,2305.01636,256.599243,-119.81987
2261,2,-376,2260.0166,41.4540367,-375.818542
2306,217,-120,2305.03784,223.768143,-119.727516
2302,-11,-240,2301.03662,-4.25255203,-239.731857
2261,2,-376,2260.03784,8.74156857,-375.727539
2548,0,-11,2548.99976,5.04054403,-10.9895916
2592,203,-68,2592.99976,208.050629,-67.9785614
2548,-4,-133,2548.99951,1.03252661,-132.968765
2592,203,-68,2592.98535,206.827713,-67.8294678
2569,-7,-262,2569.9834,-3.16829658,-261.818542
2548,-4,-133,2548.98511,-0.169592515,-132.828766
2592,203,-68,2592.99902,210.255264,-68.0432205
2591,235,-205,2591.99902,242.268784,-205.042267
2569,-7,-262,2569.99902,0.252257615,-262.042267
2591,235,-205,2591.99121,241.125687,-204.868042
2605,241,-317,2605.99219,247.115601,-316.875275
2569,-7,-262,2569.99121,-0.86016643,-261.867737
2605,241,-317,2605.98535,249.014938,-316.829468
2624,197,-463,2624.98828,205.008301,-462.847382
2569,-7,-262,2569.98535,0.990554631,-261.829468
2624,197,-463,2624.98438,204.046646,-463.174988
2586,-11,-479,2586.98926,-3.93380094,-479.145721
2604,0,-376,2604.98633,7.06145906,-376.163879
2552,0,41,2552.99512,6.19410849,40.9013023
2592,203,-68,2592.99609,209.191071,-68.0865021
2548,0,-11,2548.99512,6.19410849,-11.0976353
2552,0,41,2552.68652,6.18380928,40.2728958
2606,480,4,2606.68579,486.147034,3.27220154
2532,350,-43,2532.68726,356.15976,-43.7264061
2624,197,-463,2624.72876,202.731125,-463.684662
2528,155,-553,2528.7124,160.718979,-553.701721
2510,-11,-532,2510.71118,-5.29386806,-532.703003
2624,197,-463,2624.56519,220.305954,-463.82489
2510,-11,-532,2510.57007,12.377203,-532.821533
2586,-11,-479,2586.56519,12.3683538,-479.82489
2528,155,-553,2528.30762,163.544495,-553.951355
2407,5,-568,2407.30762,13.5623245,-568.951477
2510,-11,-532,2510.30884,-2.44521761,-532.951111
2528,155,-553,2528.47754,159.838898,-553.87854
2405,144,-616,2405.46704,148.835373,-616.884216
2407,5,-568,2407.47974,9.83660984,-568.87738
2405,144,-616,2404.51855,147.970367,-616.876404
2308,111,-553,2307.5105,114.973579,-553.871948
2319,-2,-524,2318.51074,1.97691369,-524.872131
2405,144,-616,2404.57446,146.966949,-616.904907
2319,-2,-524,2318.57544,0.970398843,-524.905396
2407,5,-568,2406.57471,7.9673686,-568.905029
2308,111,-553,2307.09448,115.559128,-553.42395
2245,197,-461,2244.09717,201.561523,-461.429993
2319,-2,-524,2318.0957,2.55318022,-524.426758
2245,197,-461,2244.22974,204.976334,-461.637695
2265,7,-460,2264.22412,14.9443922,-460.630798
2319,-2,-524,2318.23145,5.93305588,-524.639771
3082,192,345,3081.52637,207.922363,345.880707
2993,116,289,2992.5271,131.930176,289.881012
3003,161,299,3002.52808,176.923996,299.881622
2761,163,-353,2760.14209,234.791046,-353.51358
2753,80,-338,2752.14209,151.780121,-338.51358
2784,164,-390,2783.14795,235.795502,-390.523407
3500,234,-402,3499.78687,266.393646,-402.97702
3449,174,-390,3448.78638,206.401489,-390.976898
3566,190,-415,3565.78516,222.463959,-415.976624
2916,267,-49,2915.11035,269.444153,-48.543354
2869,209,-179,2868.10889,211.450577,-178.546234
2865,302,-123,2864.11084,304.445801,-122.542404
3336,397,-23,3336.37939,398.933502,-22.0747662
3329,245,-109,3329.38379,246.936325,-108.076584
3224,382,15,3224.37695,383.934082,15.9262257
3224,382,15,3224.95679,384.992859,15.2904453
3164,251,109,3164.96069,254.000443,109.277184
3196,372,105,3196.96069,374.998291,105.276848
2868,200,-438,2868.27637,223.604538,-438.961029
2813,11,-445,2813.27661,34.578125,-445.960968
2902,7,-418,2902.29028,30.5732002,-418.956879
2801,7,-316,2800.5791,48.4697266,-315.092896
2748,9,-340,2747.59058,50.4522133,-339.087677
2827,246,-295,2826.58984,287.537476,-294.088013
3000,-9,357,3000.04102,17.9639492,357.999146
3073,211,364,3073.04102,237.935257,364.999146
3154,-9,355,3154.04102,17.9335175,355.999146
3727,176,-268,3727.89722,227.131531,-268.441528
3660,185,-405,3660.89722,236.091263,-405.441589
3642,-8,-433,3642.89697,43.0509949,-433.442078
3727,176,-268,3727.89722,181.248627,-268.441589
3704,237,-343,3704.88647,242.242752,-343.462738
3660,185,-405,3660.88647,190.245483,-405.462769
3320,480,-193,3320.8269,547.467957,-193.562286
3261,350,-278,3261.82861,417.394226,-278.559784
3309,350,-206,3309.82861,417.394226,-206.559784
3320,480,-193,3320.92358,502.127411,-193.383209
3309,350,-206,3309.92358,372.158783,-206.383316
3345,350,-114,3345.9292,372.141479,-114.369347
3309,350,-206,3309.82178,370.024902,-206.569717
3261,350,-278,3261.82178,370.024902,-278.569733
3250,226,-279,3250.82861,246.055145,-279.559753
3309,350,-206,3309.81689,366.215332,-206.576752
3250,226,-279,3250.81665,242.215271,-279.576904
3290,244,-222,3290.82178,260.203217,-222.569733
3345,350,-114,3345.9292,359.56311,-114.369339
3309,350,-206,3309.92651,359.554321,-206.375961
3290,244,-222,3290.92651,253.540009,-222.376175
3345,350,-114,3345.93115,356.057831,-114.364296
3290,244,-222,3290.92651,250.046494,-222.376068
3317,217,-143,3317.92651,223.060837,-143.376068
3216,480,102,3216.70215,505.602264,102.711853
3341,480,-22,3341.70215,505.597076,-21.2879696
3312,0,-25,3312.70239,25.6273079,-24.2882118
3216,480,102,3216.42871,520.650757,102.903427
3226,0,90,3226.42969,41.0654144,90.9029694
3173,0,115,3173.42871,41.0387459,115.903397
2877,480,-133,2876.00391,493.698303,-133.087234
2866,480,-8,2865.00391,493.730347,-8.08755779
2882,0,19,2881.00293,13.8538609,18.9235115
3113,0,-366,3112.26489,15.7617903,-366.677948
3042,480,-356,3041.26636,495.696411,-356.679474
2981,480,-293,2980.26758,495.692413,-293.680817
3312,0,-25,3312.99023,18.5251141,-24.8606262
3341,480,-22,3341.99023,498.502411,-21.8606262
3345,350,-114,3345.99023,368.524506,-113.860588
3312,0,-25,3312.9668,8.50723934,-25.2553997
3345,350,-114,3345.9646,358.520081,-114.263405
3317,217,-143,3317.97144,225.515625,-143.236572
2985,240,125,2985.0127,255.351822,125.999916
2997,480,134,2997.04199,495.245544,134.9991
3068,286,126,3068.0127,301.324249,126.999916
3124,264,-304,3123.875,265.494934,-303.007874
3113,359,-245,3112.87305,360.494202,-244.008102
3158,360,-239,3157.86523,361.49292,-238.009125
3124,264,-304,3123.87305,265.096283,-303.008118
3158,360,-239,3157.86523,361.097839,-238.009125
3151,265,-300,3150.86523,266.095978,-299.009125
3124,264,-304,3123.87354,264.853149,-303.008057
3151,265,-300,3150.87305,265.852661,-299.008118
3139,177,-378,3138.87305,177.852264,-377.008118
3342,267,-140,3341.00488,268.997223,-139.901306
3271,409,-132,3270.00391,410.997772,-131.911713
3276,409,-87,3275.00488,410.996704,-86.9013062
3342,267,-140,3341.00586,269.636597,-139.891907
3276,409,-87,3275.00684,411.638092,-86.8832779
3345,267,-114,3344.00488,269.636047,-113.901306
2980,221,58,2980.6062,222.549561,57.204689
3009,316,23,3009.59937,317.545166,22.1995258
2982,317,2,2982.59766,318.545227,1.19824767
2980,221,58,2980.56543,224.137482,57.1752052
2982,317,2,2982.57129,320.137878,1.17925119
2963,221,46,2963.56934,224.137482,45.1778984
2980,221,58,2980.56934,222.240555,57.1778984
2963,221,46,2963.56958,222.24118,45.1780663
2941,140,102,2941.5625,141.239014,101.17321
3113,359,-245,3112.86523,361.204285,-244.009125
3110,480,-214,3109.86523,482.202667,-213.009125
3160,480,-207,3159.86523,482.202179,-206.009125
3113,359,-245,3112.86523,363.276642,-244.009125
3160,480,-207,3159.86523,484.280762,-206.009125
3158,360,-239,3157.87378,364.277679,-238.008011
3271,409,-132,3270.00977,414.068604,-131.860596
3252,480,-129,3251.00586,485.070648,-128.891907
3258,480,-81,3257.00659,485.071594,-80.885376
3271,409,-132,3270.00586,413.127899,-131.891907
3258,480,-81,3257.00391,484.128143,-80.911705
3276,409,-87,3275.00488,413.128876,-86.9013062
3009,316,23,3009.62207,323.292206,22.2170391
3029,480,-5,3029.61719,487.305664,-5.78672552
2998,480,-30,2998.62207,487.306244,-30.782877
3009,316,23,3009.60596,319.851746,22.204504
2998,480,-30,2998.60596,483.846771,-30.7954235
2982,317,2,2982.60547,320.851868,1.20413101
3623,158,-230,3622.18188,159.745041,-230.575012
3649,189,-294,3648.18188,190.74588,-294.575012
3629,208,-283,3628.17285,209.745239,-283.561859
3623,158,-230,3622.21118,159.327393,-230.614319
3629,208,-283,3628.21021,209.326614,-283.613342
3612,170,-227,3611.2063,171.32753,-227.608261
3623,158,-230,3622.21899,160.703247,-230.624451
3612,170,-227,3611.21899,172.702881,-227.624374
3583,140,-167,3582.22388,142.702759,-167.630402
3649,189,-294,3648.15771,191.237701,-294.538971
3649,272,-381,3648.15771,274.239349,-381.538879
3626,278,-352,3625.15771,280.239655,-352.538757
3649,189,-294,3648.15332,190.38208,-294.532074
3626,278,-352,3625.15259,279.382996,-352.530701
3629,208,-283,3628.16162,209.381561,-283.545074
3629,208,-283,3629.7002,209.298279,-283.713684
3626,278,-352,3626.70044,279.298248,-352.713562
3600,266,-367,3600.70215,267.297943,-367.711975
3629,208,-283,3629.70142,208.80574,-283.712738
3600,266,-367,3600.70166,266.806976,-367.712494
3607,198,-296,3607.70142,198.805267,-296.712708
184,-46,1073,183.891907,-45.0101814,1073.99414
92,-131,986,91.8827591,-130.006775,986.993103
16,-131,978,15.8827553,-130.006042,978.993103
179,0,1333,179.994919,11.080225,1333.10046
223,480,1354,223.993973,491.064941,1354.10938
189,0,1242,189.994919,11.0760689,1242.10059
223,480,1354,223.994919,500.41098,1353.89941
206,480,1204,206.994019,500.371857,1203.89087
189,0,1242,189.993988,20.4360104,1241.89062
123,0,1451,123.845749,12.6019011,1451.53357
170,480,1473,170.855042,492.570099,1473.51855
166,0,1381,166.854446,12.5939007,1381.51953
170,480,1473,170.938431,498.144806,1473.34546
194,480,1408,194.938309,498.128296,1408.3457
166,0,1381,166.938324,18.1594467,1381.3457
194,480,1408,194.880814,495.579865,1408.47339
223,480,1354,223.880692,495.578308,1354.47363
166,0,1381,166.880707,15.5356331,1381.47363
223,480,1354,223.963531,486.404449,1354.26758
179,0,1333,179.963516,6.44547558,1333.26758
166,0,1381,166.963501,6.43933725,1381.26758
46,0,1500,46.5342255,9.37559605,1500.84534
170,480,1473,170.525192,489.403961,1473.85095
123,0,1451,123.53421,9.37290859,1451.84521
46,0,1500,46.3376083,36.8017578,1500.94128
2,480,1533,2.32224631,516.639465,1533.94666
170,480,1473,170.322586,516.596252,1473.94653
-71,480,1442,-71.7813339,487.391785,1442.62402
2,480,1533,1.22015822,487.386963,1533.62598
46,0,1500,45.2173309,7.3704834,1500.62244
-120,480,1354,-120.998985,494.776367,1353.95508
-123,480,1417,-123.998985,494.780579,1416.95508
-103,0,1434,-103.998993,14.9152718,1433.9552
-92,0,1275,-92.7061844,5.17702723,1275.70801
-183,480,1291,-183.711975,485.166687,1291.70215
-120,480,1354,-120.706161,485.166687,1354.70801
-94,480,1221,-94.6234207,486.634979,1220.21814
-183,480,1291,-183.613678,486.653839,1290.21045
-92,0,1275,-92.6232758,6.70417261,1274.21802
-135,-121,740,-135.91806,-111.247009,739.603577
-155,122,739,-155.91803,131.742203,738.603516
-175,-126,832,-175.91806,-116.227974,831.603577
183,0,1196,183.995972,2.78558326,1196.0896
227,203,1139,227.995941,205.772003,1139.08984
184,-46,1073,184.995972,-43.2070694,1073.0896
230,122,723,230.999115,134.406509,722.957947
211,-128,809,211.999115,-115.559525,808.957947
212,-135,957,212.999115,-122.576035,956.957947
230,122,723,230.854446,126.278465,722.480469
154,-132,718,154.854446,-127.711983,717.480469
211,-128,809,211.854599,-123.716148,808.480713
189,0,1242,189.991058,3.880831,1241.86658
227,203,1139,227.991058,206.885101,1138.86658
183,0,1196,183.990875,3.87932801,1195.86523
189,0,1242,189.630707,17.3694344,1241.224
206,480,1204,206.63118,497.329895,1203.22437
132,350,1157,132.631927,367.337524,1156.22498
230,122,723,230.631027,131.500488,722.224243
128,80,647,128.629074,89.501297,646.222656
110,-133,668,110.629524,-123.507843,667.223022
230,122,723,230.754807,124.365349,722.344055
110,-133,668,110.756233,-130.625259,667.345703
154,-132,718,154.754517,-129.623093,717.34375
128,80,647,128.312515,91.1743469,646.05011
7,-123,632,7.32490396,-111.804138,631.05426
110,-133,668,110.322876,-121.806389,667.053589
128,80,647,128.416229,84.1283264,646.090759
5,100,584,5.42609024,104.137512,583.095337
7,-123,632,7.4264617,-118.860092,631.09552
5,100,584,4.49112415,108.745193,583.13916
-92,66,647,-92.501152,74.7440414,646.134644
-81,-131,676,-81.5102692,-122.265274,675.140015
5,100,584,4.56052446,105.012199,583.101746
-81,-131,676,-81.4221802,-126.002754,675.093506
7,-123,632,6.56491804,-117.993568,631.099609
-92,66,647,-92.8589706,74.3270798,646.487976
-155,122,739,-155.861465,130.307175,738.492188
-81,-131,676,-81.8585434,-122.661926,675.487305
-155,122,739,-155.765808,135.5979,738.356934
-135,-121,740,-135.768661,-107.438736,739.360352
-81,-131,676,-81.7654419,-117.458374,675.356506
184,-46,1073,184.86261,47.1134148,1072.49414
227,203,1139,227.866547,296.260254,1138.50098
152,190,1011,152.866577,283.290375,1010.50098
779,0,1333,779.959167,13.6025791,1332.71716
823,480,1354,823.95874,493.66037,1353.71582
752,0,1241,752.958801,13.6086493,1240.71594
823,480,1354,823.993103,489.360413,1353.88281
806,480,1204,806.993164,489.341522,1203.8833
752,0,1241,752.993103,9.35107994,1240.88281
723,0,1451,723.844116,6.20095348,1451.53613
770,480,1473,770.844055,486.167999,1473.53613
766,0,1381,766.849182,6.19295359,1381.52808
770,480,1473,770.936157,488.803223,1473.35156
794,480,1408,794.936157,488.786743,1408.35156
766,0,1381,766.936157,8.81787491,1381.35156
794,480,1408,794.876465,495.49826,1408.48145
823,480,1354,823.876343,495.495117,1354.48145
766,0,1381,766.876465,15.4532185,1381.48145
823,480,1354,823.9646,489.108459,1354.26367
779,0,1333,779.964539,9.1488924,1333.26355
766,0,1381,766.964844,9.14398098,1381.26282
646,0,1500,646.526611,7.08879948,1500.8501
770,480,1473,770.534973,487.1185,1473.84485
723,0,1451,723.526367,7.0861125,1451.85022
646,0,1500,646.338928,27.318697,1500.9408
602,480,1533,602.32251,507.156433,1533.94653
770,480,1473,770.339478,507.116821,1473.94055
529,480,1442,528.218994,487.621399,1442.62451
602,480,1533,601.221741,487.616028,1533.62793
646,0,1500,645.218994,7.59955359,1500.62451
480,480,1354,479.000946,500.441742,1353.95654
477,480,1417,476.000946,500.445953,1416.95654
497,0,1434,496.000946,20.5804729,1433.95654
508,0,1275,507.286072,4.62235975,1275.7002
417,480,1291,416.286072,484.612396,1291.7002
480,480,1354,479.286072,484.612396,1354.7002
563,350,1132,562.135132,377.668823,1131.49805
506,480,1221,505.13739,507.626495,1220.49414
531,0,1210,530.135132,27.8493786,1209.49805
506,480,1221,505.055084,493.452881,1220.67273
508,0,1275,507.056732,13.3791056,1274.66797
531,0,1210,530.053894,13.3717365,1209.67615
506,480,1221,505.384766,493.163422,1220.21167
417,480,1291,416.384705,493.182251,1290.21179
508,0,1275,507.384766,13.2332668,1274.21167
465,0,740,464.000946,21.4227619,739.956543
445,303,739,444.001007,324.400574,738.955139
461,0,824,460.000946,21.4301662,823.956543
475,342,932,474.056244,357.508179,932.330627
534,282,1083,533.059387,297.538849,1083.33948
461,0,824,460.056732,15.473772,824.332031
534,282,1083,533.040833,367.374664,1083.28284
502,0,960,501.04306,85.40802,960.290283
461,0,824,460.043457,85.5345612,824.291565
711,0,1193,711.999023,4.06075716,1192.95593
755,269,1136,755.999023,273.077301,1135.95593
711,0,1070,711.999023,4.06075716,1069.95593
755,269,1136,755.984253,273.124146,1136.17676
731,0,954,731.984253,4.1300354,954.176697
711,0,1070,711.984558,4.12635136,1070.17505
755,269,1136,755.998962,284.801697,1135.95508
752,255,1011,752.999023,270.799805,1010.95587
731,0,954,731.999023,15.7839317,953.955872
752,255,1011,752.99707,268.128418,1011.07642
767,324,898,767.99707,337.117584,898.076355
731,0,954,731.997009,13.1299791,954.076355
767,324,898,767.988159,335.771484,898.15332
791,303,735,791.98822,314.79837,735.153015
731,0,954,731.986572,11.7806244,954.163269
791,303,735,791.9823,315.453064,734.812744
754,0,718,754.984253,12.4520206,717.823242
772,0,821,772.984253,12.4398098,820.823242
752,0,1241,752.751099,5.54371977,1240.33984
755,269,1136,755.75708,274.531525,1135.34668
711,0,1193,711.751099,5.54299736,1192.33984
752,0,1241,752.69635,8.09659386,1240.28235
806,480,1204,806.697021,488.059814,1203.28296
732,350,1157,732.69635,358.072083,1156.28235
791,303,735,791.844116,317.064484,734.463867
728,250,647,728.844238,264.073608,646.46405
710,0,668,710.84436,14.1018286,667.464233
791,303,735,791.751221,313.190765,734.339966
710,0,668,710.751648,10.2716503,667.340454
754,0,718,754.751282,10.2593393,717.340027
728,250,647,728.324158,257.267242,646.054016
607,0,632,607.32251,7.28230238,631.053467
710,0,668,710.322327,7.27575302,667.053406
728,250,647,728.423889,254.983261,646.094299
605,281,584,605.423889,285.985168,583.094299
607,0,632,607.424072,4.96685457,631.094421
605,281,584,604.447327,293.873657,583.166626
508,280,647,507.453186,292.857513,646.162781
519,0,676,518.447754,12.8258066,675.166321
605,281,584,604.539124,288.993164,583.112549
519,0,676,518.531921,8.01361656,675.116333
607,0,632,606.531433,8.01361656,631.116577
508,280,647,507.163788,292.172729,646.451599
445,303,739,444.163452,315.161438,738.452148
519,0,676,518.165405,12.1771631,675.449158
445,303,739,444.230682,313.635773,738.361145
465,0,740,464.234192,10.5659571,739.356934
519,0,676,518.235474,10.5531664,675.355408
1377,-118,602,1377.32239,-108.902664,601.053406
1351,284,554,1351.32275,293.129883,553.053528
1328,-118,585,1328.32239,-108.895638,584.053406
1381,-118,642,1381.995,-88.9481888,641.900391
1396,265,610,1396.99512,293.960022,609.901306
1377,-118,602,1377.995,-88.9430237,601.900391
958,-118,798,957.496643,-102.340271,798.864075
892,317,788,891.496338,332.747253,788.863892
958,293,825,957.496338,308.75824,825.863892
932,-118,742,931.088623,-106.990479,742.41156
892,317,788,891.094727,328.027008,788.424805
958,-118,798,957.094299,-106.992401,798.423828
980,-118,668,979.154663,-111.328835,667.46582
906,259,666,905.165405,265.672424,665.449158
932,-118,742,931.15564,-111.325874,741.464233
1009,-118,660,1008.73633,-108.550133,659.0354
969,265,637,968.737854,274.40921,636.034973
980,-118,668,979.729492,-108.548706,667.037292
1032,-118,620,1031.13123,-109.218407,619.504822
969,265,637,968.127319,273.8013,636.511719
1009,-118,660,1008.12732,-109.217384,659.511719
1103,-118,601,1102.73633,-103.023209,600.0354
1064,252,591,1063.73633,266.954071,590.0354
1032,-118,620,1031.73633,-103.002586,619.0354
1127,-118,556,1126.11462,-105.615349,555.535156
1064,252,591,1063.11462,264.395996,590.535156
1103,-118,601,1102.11401,-105.609543,600.536316
1180,-118,556,1179.95593,-106.206429,555.000977
1105,243,514,1104.95593,254.75827,513.000977
1127,-118,556,1126.95593,-106.206429,555.000977
1328,-118,585,1328.50195,-103.394783,584.135132
1351,284,554,1351.50195,298.654327,553.135132
1302,-118,570,1302.50195,-103.391251,569.135132
1302,-118,570,1302.15222,-112.390968,569.011658
1290,298,525,1290.15222,303.560211,524.011658
1272,-118,565,1272.16309,-112.390671,564.013428
1272,-118,565,1272.38965,-110.803902,564.079041
1290,298,525,1290.38965,305.223297,524.079041
1204,-118,536,1204.38892,-110.803612,535.078735
1440,-118,651,1440.15137,-110.525528,650.011536
1396,265,610,1396.15137,272.422638,609.011536
1381,-118,642,1381.15222,-110.52726,641.011658
1473,-118,817,1473.92053,-93.7807693,816.609375
1466,281,767,1466.9176,305.247498,766.602539
1457,-118,779,1457.9176,-93.7694778,778.602539
1479,-118,746,1479.78918,-61.5833893,745.385864
1450,277,693,1450.78967,333.168579,692.386475
1448,-118,705,1448.78857,-61.5752029,704.385071
1448,-118,705,1448.98816,-0.580627441,704.84668
1450,277,693,1450.98816,394.413757,692.84668
1440,-118,651,1440.98816,-0.541918933,650.84668
932,-118,742,931.034912,-104.23587,741.738098
912,271,728,911.034912,284.681671,727.738098
892,317,788,891.034912,330.668945,787.738098
932,-118,742,931.004822,-98.3172073,742.097717
906,259,666,905.004822,278.731323,666.097656
912,271,728,911.004944,290.747742,728.099304
980,-118,668,979.586975,-109.499886,667.089294
969,265,637,968.586914,273.537842,636.089355
906,259,666,905.586914,267.525116,665.089355
1032,-118,620,1032.22278,-103.187141,619.025146
1064,252,591,1064.22388,266.853302,590.025391
1009,259,578,1009.20673,273.848267,577.021606
1032,-118,620,1031.16736,-108.601814,619.446228
1009,259,578,1008.1662,268.378479,577.447937
969,265,637,968.165649,274.379395,636.448792
1127,-118,556,1126.11267,-105.12368,555.538879
1105,243,514,1104.11267,255.872437,513.538879
1064,252,591,1063.11365,264.86676,590.537048
1180,-118,556,1179.5957,-110.555473,555.085388
1174,252,482,1173.60352,259.453186,481.08197
1105,243,514,1104.5957,250.455597,513.085388
1180,-118,556,1180.18726,-113.93177,555.0177
1282,295,494,1282.19031,299.094513,493.01828
1174,252,482,1174.18872,256.095825,481.017975
1204,-118,536,1204.97046,-114.490936,535.758789
1290,298,525,1290.96973,301.479523,524.755859
1282,295,494,1282.96863,298.48172,493.751495
1302,-118,570,1301.62109,-108.346153,569.074585
1334,274,510,1333.62317,283.683899,509.07373
1290,298,525,1289.62109,307.689819,524.074585
1302,-118,570,1302.94067,-106.268486,569.660706
1351,284,554,1351.93652,295.73175,553.649414
1334,274,510,1334.93616,285.729156,509.64856
1377,-118,602,1376.90039,-106.985405,601.005005
1425,277,548,1424.90039,288.043427,547.005005
1351,284,554,1350.90076,295.042725,553.004944
1377,-118,602,1377.9104,-102.853676,602.413696
1396,265,610,1396.91077,280.234619,610.412842
1425,277,548,1425.91016,292.2229,548.414246
1440,-118,651,1440.45898,-86.4099045,650.111572
1465,261,645,1465.45728,292.644714,644.110718
1396,265,610,1396.46753,296.623688,609.116028
1450,277,693,1450.94897,295.768036,693.315247
1465,261,645,1465.94592,279.766418,645.324036
1440,-118,651,1440.948,-99.2305145,651.318054
1479,-118,746,1479.84265,5.10898876,745.461548
1482,283,743,1482.84412,405.539246,742.463867
1450,277,693,1450.84241,399.456848,692.461182
1473,-118,817,1473.94592,-83.1008224,816.675781
1481,285,812,1481.94617,319.958038,811.676331
1466,281,767,1466.94995,315.990356,766.687622
963,-118,1017,962.004822,-102.67305,1016.90198
970,-118,955,969.004822,-102.675652,954.901978
948,325,964,947.004822,340.205078,963.901978
970,-118,955,969.22583,-89.0361404,955.632935
934,-118,912,933.23053,-89.027771,912.638672
948,325,964,947.230652,353.934204,964.638794
1432,-118,913,1432.81384,-104.719185,913.581055
1400,-118,959,1400.81873,-104.707764,959.574158
1482,307,897,1482.81897,320.308197,897.573792
1473,-118,817,1473.99902,-14.7272196,816.955872
1476,-118,896,1476.99902,-14.6836481,895.955872
1482,307,897,1482.9989,410.584412,896.955078
938,309,886,937.008606,335.660889,886.130859
948,325,964,947.008606,351.698425,964.130859
944,-118,843,943.007629,-91.2612,843.123169
1352,-69,1241,1352.71729,-59.6869507,1240.30322
1406,480,1204,1406.71606,489.268097,1203.302
1332,301,1157,1332.71594,310.284515,1156.30188
1352,-69,1241,1352.75195,-65.0215454,1240.34082
1358,240,1082,1358.76318,243.975525,1081.35388
1311,-69,1193,1311.75781,-65.0232086,1192.34753
1461,296,861,1461.92542,333.251587,861.378845
1481,285,812,1481.92053,322.281006,812.390503
1473,-118,817,1473.92114,-80.5255051,817.389221
1399,272,1008,1399.98035,316.339233,1008.19696
1411,290,945,1411.9823,334.281555,945.186829
1400,-118,959,1400.98218,-73.4113007,959.1875
1358,240,1082,1358.87646,281.271912,1082.48145
1399,272,1008,1399.8833,313.295319,1008.46875
1358,-118,1067,1358.87158,-76.7903366,1067.49023
1106,480,1221,1105.38477,488.166718,1220.21167
1017,480,1291,1016.37018,488.163635,1290.22327
1108,-69,1275,1107.37012,-60.8092232,1274.22339
1106,480,1221,1105.0592,497.022736,1220.66113
1108,-69,1275,1107.05823,-51.9074287,1274.66382
1131,-69,1210,1130.05371,-51.9209061,1209.67676
1163,396,1132,1162.14978,440.415314,1131.47363
1106,480,1221,1105.14978,524.417053,1220.47363
1131,-69,1210,1130.14087,-24.3336639,1209.48828
963,-118,1017,962.684692,-113.69429,1017.94897
1088,289,1108,1087.68469,293.272949,1108.94897
1037,-118,1041,1036.69104,-113.691162,1041.95105
1108,-69,1275,1107.28308,-58.7912292,1275.69714
1017,480,1291,1016.2832,490.151764,1291.69727
1080,480,1354,1079.28455,490.151764,1354.69861
1080,480,1354,1079.00098,519.816406,1353.95593
1077,480,1417,1076.00098,519.838989,1416.95593
1097,-69,1434,1096.00098,-29.0216942,1433.95593
1129,480,1442,1128.22571,487.443024,1442.63281
1202,480,1533,1201.21082,487.457092,1533.61414
1246,-69,1500,1245.21033,-61.4786758,1500.61353
1246,-69,1500,1246.31934,-36.7939339,1500.94763
1202,480,1533,1202.33618,512.318054,1533.94177
1370,480,1473,1370.33679,512.305664,1473.94153
1246,-69,1500,1246.53418,-58.8470116,1500.84534
1370,480,1473,1370.52637,490.047974,1473.85022
1323,-69,1451,1323.53418,-58.8562241,1451.84534
1423,480,1354,1423.96326,493.133636,1354.26855
1379,-69,1333,1379.9646,-55.7949333,1333.26367
1366,-69,1381,1366.9646,-55.8019447,1381.26355
1394,480,1408,1394.8844,497.983002,1408.46667
1423,480,1354,1423.87634,497.986572,1354.48132
1366,-69,1381,1366.87146,-50.9150352,1381.49023
1370,480,1473,1370.93152,488.724365,1473.36365
1394,480,1408,1394.93652,488.720581,1408.35059
1366,-69,1381,1366.93616,-60.3960838,1381.35132
1323,-69,1451,1323.84216,-58.4681892,1451.53906
1370,480,1473,1370.84412,490.546387,1473.53601
1366,-69,1381,1366.849,-58.4681892,1381.52832
1423,480,1354,1423.99231,491.624847,1353.87622
1406,480,1204,1406.99304,491.641174,1203.88281
1352,-69,1241,1352.99219,-57.3851967,1240.87537
1379,-69,1333,1379.95581,-49.4453011,1332.70605
1423,480,1354,1423.95581,499.592529,1353.70605
1352,-69,1241,1352.95898,-49.4443741,1240.71655
1701,-22,920,1700.03503,-15.970006,920.262024
1744,157,1150,1743.0293,163.040558,1150.24023
1733,-12,1045,1732.03491,-5.97672558,1045.26172
1718,-43,638,1717.06311,-36.9838066,637.650391
1707,179,609,1706.06311,184.991074,608.650391
1660,-32,784,1659.06311,-25.9926567,783.650391
1674,199,894,1673.02917,208.148407,894.239502
1744,157,1150,1743.03406,166.20845,1150.25854
1660,-32,784,1659.03003,-22.8670788,784.243164
1744,157,1150,1743.04089,165.346878,1150.28271
1701,-22,920,1700.04382,-13.6414871,920.292603
1660,-32,784,1659.0437,-23.6407833,784.292236
1904,157,1150,1904.9823,172.311722,1150.18713
1930,-21,913,1930.98425,-5.63840246,913.176392
1911,-12,1032,1911.98425,3.34077859,1032.17651
1904,157,1150,1904.96948,163.608658,1150.24475
1952,187,973,1952.96948,193.613556,973.245117
1930,-21,913,1930.97021,-14.3771944,913.242188
1952,187,973,1952.99707,196.033295,973.075867
1966,226,861,1966.99597,235.0242,861.088562
1930,-21,913,1930.995,-11.9852629,913.099304
1966,226,861,1966.98218,237.262939,861.187195
1990,185,697,1990.9823,196.248505,697.187195
1930,-21,913,1930.98218,-9.73094463,913.1875
1990,185,697,1990.98718,188.544968,696.84082
1953,-39,679,1953.98425,-35.4432487,678.823242
1971,-31,781,1971.98816,-27.4525471,780.84668
1990,185,697,1990.83142,190.625168,696.444397
1927,156,610,1927.82996,161.636383,609.4422
1909,-43,630,1909.82947,-37.3631783,629.441467
1990,185,697,1990.74341,204.809143,696.331177
1909,-43,630,1909.7511,-23.1611481,629.339844
1953,-39,679,1953.74341,-19.1770172,678.331177
1927,156,610,1927.33911,165.93689,609.059265
1807,-46,594,1807.33911,-36.0815353,593.059265
1909,-43,630,1909.33911,-33.0653954,629.059265
1927,156,610,1927.42444,163.88681,609.094543
1804,178,546,1804.42444,185.875198,545.094543
1807,-46,594,1807.42407,-38.1109962,593.094421
1804,178,546,1803.44482,185.295776,545.168274
1707,179,609,1706.44775,186.300064,608.166321
1807,-46,594,1806.44141,-38.698719,593.170593
1707,179,609,1706.55469,187.045502,608.104675
1718,-43,638,1717.53235,-34.9712219,637.116089
1807,-46,594,1806.53125,-37.9629288,593.116699
1782,480,1580,1782.26172,511.287567,1580.96509
2001,480,1520,2001.26172,511.347931,1520.96509
1958,160,1517,1958.25391,191.275375,1517.96716
1958,160,1517,1958.92542,166.504379,1517.37891
2001,480,1520,2001.92737,486.467834,1520.37402
1993,160,1427,1993.92932,166.506287,1427.36914
2001,480,1520,2001.8551,483.925049,1520.51843
2051,480,1433,2051.86377,483.922058,1433.50378
1993,160,1427,1993.86365,163.902084,1427.50391
2051,480,1433,2051.73267,489.74408,1433.68042
2038,160,1378,2038.73389,169.709961,1378.6792
1993,160,1427,1993.73157,169.713333,1427.68164
2038,160,1378,2038.99902,176.186935,1378.0387
2067,480,1360,2067.99927,496.22937,1360.03442
2026,0,1284,2026.99927,16.1670895,1284.03662
2038,160,1378,2038.97437,171.957947,1378.22424
2051,480,1433,2051.97461,491.928986,1433.22363
2067,480,1360,2067.97632,491.925781,1360.21582
2026,0,1284,2026.90442,18.0216103,1283.57336
2006,477,1166,2006.91113,495.019043,1165.58789
1993,0,1213,1993.90479,18.0363827,1212.57422
2026,0,1284,2026.94995,17.5729408,1283.68762
2067,480,1360,2067.9502,497.604889,1359.68835
2006,477,1166,2006.95093,494.569122,1165.69067
1993,0,1213,1993.57239,8.38838482,1212.18005
2006,477,1166,2006.57922,485.343811,1165.18494
1904,-3,1150,1904.57275,5.38911438,1149.1803
2006,477,1166,2006.37292,485.751068,1165.07214
1864,477,1108,1864.37805,485.75354,1107.07422
1904,157,1150,1904.37805,165.761642,1149.07422
1904,157,1150,1903.84119,165.879089,1149.0127
1864,477,1108,1863.82947,485.912201,1107.01465
1836,171,1159,1835.82324,179.884842,1158.01575
1864,477,1108,1863.73633,483.962097,1107.0354
1670,477,1158,1669.73633,483.93988,1157.0354
1836,171,1159,1835.73633,177.951431,1158.0354
1629,0,1234,1628.00098,16.2525406,1233.95593
1600,480,1277,1599.00098,496.264221,1276.95593
1600,480,1373,1599.00098,496.264221,1372.95593
1629,0,1234,1628.00293,36.9521561,1233.92358
1600,480,1373,1599.00293,516.801331,1372.92358
1612,160,1378,1611.00293,196.871262,1377.92358
1612,160,1378,1611.05078,189.758209,1378.31445
1600,480,1373,1599.04883,509.776428,1373.30847
1627,480,1453,1626.0498,509.752441,1453.3114
1612,160,1378,1611.13513,175.181641,1378.50195
1627,480,1453,1626.13513,495.24408,1453.50195
1692,160,1517,1691.12793,175.206528,1517.48938
1692,160,1517,1691.26489,227.063065,1517.67786
1627,480,1453,1626.26477,546.978333,1453.67773
1682,480,1512,1681.26526,546.953308,1512.67834
1758,0,1570,1757.8833,47.9732208,1570.99316
1782,480,1580,1781.86035,528.085144,1580.99011
1862,0,1583,1861.8606,47.9479027,1583.99023
1744,157,1150,1743.12732,161.685272,1149.51172
1670,477,1158,1669.13123,481.662231,1157.50488
1600,480,1277,1599.12732,484.657837,1276.51172
2245,303,739,2244.2356,316.925201,738.355286
2265,0,740,2264.23096,13.8553915,739.36084
2319,0,676,2318.23071,13.8414383,675.361145
2308,280,647,2307.16553,295.507538,646.448975
2245,303,739,2244.16553,318.496246,738.448975
2319,0,676,2318.16553,15.510623,675.448975
2405,281,584,2404.46436,291.007843,583.155579
2308,280,647,2307.44629,289.99173,646.167297
2319,0,676,2318.44482,9.95943546,675.168274
2405,281,584,2404.53906,286.53064,583.11261
2319,0,676,2318.54785,5.55309772,675.108093
2407,0,632,2406.53247,5.55151367,631.116028
2528,250,647,2528.42456,254.857391,646.094604
2405,281,584,2405.4248,285.859283,583.094727
2407,0,632,2407.42456,4.84099293,631.094604
2528,250,647,2528.32227,254.856171,646.053406
2407,0,632,2407.32251,4.87153912,631.053467
2510,0,668,2510.32227,4.86498976,667.053406
2591,303,735,2591.84424,312.65094,734.46405
2528,250,647,2528.84424,259.660675,646.46405
2510,0,668,2510.84058,9.68915939,667.458313
2591,303,735,2591.75146,318.181671,734.340271
2510,0,668,2510.74341,15.2608662,667.331177
2554,0,718,2554.74341,15.2474356,717.331177
2552,0,1241,2552.69678,6.849226,1240.28271
2606,480,1204,2606.69702,486.812439,1203.28296
2532,350,1157,2532.69702,356.824707,1156.28296
2552,0,1241,2552.75122,5.55503798,1240.33997
2555,269,1136,2555.75122,274.542358,1135.33997
2511,0,1193,2511.75024,5.55407476,1192.33887
2591,303,735,2591.98218,309.730225,734.8125
2554,0,718,2554.98438,6.72974205,717.823975
2572,0,821,2572.98047,6.71420002,820.803345
2567,324,898,2567.9873,334.246552,898.158203
2591,303,735,2591.98633,313.271973,735.163757
2531,0,954,2531.9873,10.2549591,954.158081
2552,255,1011,2552.99707,264.563354,1011.07599
2567,324,898,2567.99707,333.554382,898.075989
2531,0,954,2531.99609,9.56427479,954.087891
2555,269,1136,2555.99902,287.749268,1135.95593
2552,255,1011,2552.99902,273.747375,1010.95587
2531,0,954,2531.99902,18.7291698,953.955872
2555,269,1136,2555.98242,275.234589,1136.18616
2531,0,954,2531.98438,6.24140596,954.175476
2511,0,1070,2511.98145,6.23649454,1070.19104
2511,0,1193,2511.99902,6.40706444,1192.95593
2555,269,1136,2555.99902,275.423615,1135.95593
2511,0,1070,2511.99902,6.40706444,1069.95593
2334,282,1083,2333.0437,358.785522,1083.29236
2302,0,960,2301.03882,76.811821,960.275818
2261,0,824,2260.04077,76.9392471,824.282532
2275,342,932,2274.05249,361.797119,932.319336
2334,282,1083,2333.05933,301.830902,1083.33899
2261,0,824,2260.05933,19.7667141,824.339233
2265,0,740,2264.00098,20.4047451,739.955872
2245,303,739,2244.00098,323.381165,738.955872
2261,0,824,2260.00098,20.4121494,823.955872
2306,480,1221,2305.375,490.684021,1220.21948
2217,480,1291,2216.38477,490.702881,1290.21167
2308,0,1275,2307.36523,10.7525339,1274.22742
2306,480,1221,2305.05371,506.448822,1220.67676
2308,0,1275,2307.05933,26.3750248,1274.66077
2331,0,1210,2330.05347,26.3691292,1209.67749
2363,350,1132,2362.13525,392.207184,1131.4978
2306,480,1221,2305.13525,522.161194,1220.4978
2331,0,1210,2330.12744,42.3804398,1209.5116
2308,0,1275,2307.29321,9.38270092,1275.7074
2217,480,1291,2216.29517,489.372742,1291.70935
2280,480,1354,2279.28345,489.372345,1354.69751
2280,480,1354,2279.00098,494.326263,1353.95593
2277,480,1417,2276.00098,494.337555,1416.95593
2297,0,1434,2296.00098,14.470645,1433.95593
2329,480,1442,2328.21045,488.308044,1442.61365
2402,480,1533,2401.21826,488.303772,1533.62354
2446,0,1500,2445.21045,8.28622818,1500.61365
2446,0,1500,2446.31958,28.3627701,1500.94751
2402,480,1533,2402.32251,508.204102,1533.94653
2570,480,1473,2570.32251,508.160889,1473.94653
2446,0,1500,2446.53467,11.2378168,1500.84497
2570,480,1473,2570.53418,491.266174,1473.84534
2523,0,1451,2523.52148,11.2324419,1451.85315
2623,480,1354,2623.9646,487.162537,1354.26367
2579,0,1333,2579.96069,7.20174456,1333.27734
2566,0,1381,2566.9646,7.19683409,1381.26367
2594,480,1408,2594.8833,495.253357,1408.46875
2623,480,1354,2623.87646,495.250214,1354.4812
2566,0,1381,2566.87646,15.2083282,1381.48145
2570,480,1473,2570.93628,487.80368,1473.3512
2594,480,1408,2594.9314,487.783875,1408.36377
2566,0,1381,2566.93481,7.81831837,1381.3551
2523,0,1451,2523.84424,5.72325373,1451.53589
2570,480,1473,2570.84424,485.690308,1473.53589
2566,0,1381,2566.84399,5.71411133,1381.53601
2623,480,1354,2623.99316,487.015503,1353.8833
2606,480,1204,2606.99316,486.995087,1203.8833
2552,0,1241,2552.99219,7.00565481,1240.87537
2579,0,1333,2579.95581,16.4462814,1332.70605
2623,480,1354,2623.95483,496.502838,1353.70312
2552,0,1241,2552.95874,16.452755,1240.71582
3111,-46,1070,3111.61816,-42.6557312,1070.78601
3131,-340,954,3131.62793,-336.648926,954.778137
3092,-340,986,3092.62305,-336.650879,986.782043
3016,-340,978,3016.06055,-337.676575,978.998108
3023,-46,1076,3023.06104,-43.685936,1076.99805
3111,-46,1070,3111.06152,-43.6863213,1070.99805
3016,-340,978,3016.0752,-337.665161,978.997131
2934,-46,1083,2934.07617,-43.6570206,1083.99695
3023,-46,1076,3023.07568,-43.6550941,1076.99707
3111,-46,1070,3110.89209,-42.7627945,1070.99414
3092,-340,986,3091.90088,-336.767273,986.995056
3016,-340,978,3015.90088,-336.770477,978.995056
3016,-340,978,3015.84741,-337.337067,978.988281
2902,-340,960,2901.84668,-337.337555,960.988159
2934,-46,1083,2933.84082,-43.3240051,1083.98718
3111,-46,1070,3111.99902,-39.6068573,1069.95593
3155,203,1136,3155.99902,209.377411,1135.95593
3152,190,1011,3152.99902,196.385941,1010.95587
3131,-340,954,3131.92944,-328.873016,954.368713
3111,-46,1070,3111.93115,-34.8345871,1070.36426
3152,190,1011,3152.9314,201.197449,1011.36395
2845,122,739,2844.23071,161.787811,738.361145
2865,-340,740,2864.22192,-300.306152,739.371887
2919,-340,676,2918.22632,-300.313263,675.366455
2908,66,647,2907.15649,89.9035339,646.462891
2845,122,739,2844.15479,145.881882,738.465576
2919,-340,676,2918.1499,-316.121948,675.473389
3005,100,584,3004.46387,111.604919,583.155884
2908,66,647,2907.46387,77.5888214,646.155884
2919,-340,676,2918.46094,-328.352295,675.157776
3005,100,584,3004.54175,110.372246,583.111206
2919,-340,676,2918.53125,-329.576141,675.116699
3007,-340,632,3006.53784,-329.587219,631.11322
3128,80,647,3128.42456,91.1570053,646.094604
3005,100,584,3005.42651,111.166,583.09552
3007,-340,632,3007.42456,-328.907684,631.094604
3128,80,647,3128.31958,89.9314499,646.05249
3007,-340,632,3007.31934,-330.109558,631.052368
3110,-340,668,3110.31934,-330.104584,667.052368
3191,122,735,3191.81885,145.05043,734.426025
3128,80,647,3128.81885,103.038239,646.426025
3110,-340,668,3110.83398,-316.964325,667.448242
3191,122,735,3191.74463,160.680527,734.332581
3110,-340,668,3110.74414,-301.221832,667.332031
3154,-340,718,3154.74365,-301.221832,717.331482
3191,122,735,3191.98242,136.832611,734.813354
3154,-340,718,3154.98438,-325.206451,717.823975
3172,-340,821,3172.98145,-325.209839,820.808289
3167,166,898,3167.98828,195.017303,898.152283
3191,122,735,3191.98242,150.972137,735.186157
3131,-340,954,3131.98413,-311.106781,954.176575
3152,190,1011,3152.9873,207.30835,1011.15784
3167,166,898,3167.98828,183.300125,898.152283
3131,-340,954,3131.98706,-322.740448,954.158997
3111,-5,1179,3111.99609,-0.443583548,1179.0874
3155,203,1136,3155.99707,207.566605,1136.0752
3111,-46,1070,3111.99609,-41.4528198,1070.08728
2934,217,1083,2933.04175,294.256744,1083.28589
2902,-340,960,2901.0437,-262.901062,960.291992
2861,-340,824,2860.04102,-262.677307,824.283203
2875,184,932,2874.06836,210.510529,932.362976
2934,217,1083,2933.07007,243.48262,1083.36755
2861,-340,824,2860.06812,-313.557678,824.362427
2865,-340,740,2864.00098,-305.225342,739.955872
2845,122,739,2844.00098,156.742218,738.955872
2861,-340,824,2860.00098,-305.219727,823.955872
3152,0,1241,3152.84473,4.99161196,1240.46484
3155,203,1136,3155.8335,207.999786,1135.44751
3111,-5,1179,3111.84277,-0.00351367332,1178.46179
3179,0,1333,3179.95117,17.3916187,1332.69141
3223,480,1354,3223.95874,497.451416,1353.71582
3152,0,1241,3152.95483,17.3980923,1240.70312
3223,480,1354,3223.99316,486.233704,1353.8833
3206,480,1204,3206.99316,486.213287,1203.8833
3152,0,1241,3152.99219,6.22384691,1240.87537
3123,0,1451,3123.84424,8.68544865,1451.53589
3170,480,1473,3170.84888,488.652496,1473.52832
3166,0,1381,3166.84448,8.67630672,1381.53552
3170,480,1473,3170.9314,489.028259,1473.36377
3173,120,1388,3173.93628,129.035995,1388.35095
3166,0,1381,3166.93115,9.03639889,1381.36426
3170,480,1473,3170.93433,494.912506,1473.3562
3194,480,1408,3194.93433,494.905884,1408.35596
3173,120,1388,3173.93433,134.900314,1388.3562
3194,480,1408,3194.87744,498.380402,1408.47949
3223,480,1354,3223.87646,498.389832,1354.48132
3173,120,1388,3173.87646,138.441803,1388.4812
3223,480,1354,3223.87671,492.973297,1354.48096
3166,0,1381,3166.88379,12.9257898,1381.46777
3173,120,1388,3173.88428,132.940765,1388.4668
3223,480,1354,3223.9646,489.865967,1354.26355
3179,0,1333,3179.96069,9.9051609,1333.27722
3166,0,1381,3166.96265,9.90025043,1381.27014
3046,0,1500,3046.52148,8.94833279,1500.85315
3170,480,1473,3170.53516,488.97937,1473.84473
3123,0,1451,3123.52637,8.94833279,1451.85022
3046,0,1500,3046.31641,18.8797112,1500.94861
3002,480,1533,3002.31641,498.721039,1533.94861
3170,480,1473,3170.31641,498.677826,1473.94861
3046,0,1500,3045.53125,77.0952072,1500.8833
2949,0,1449,2948.53198,77.1195984,1449.88367
2944,96,1448,2943.53125,173.124802,1448.8833
2929,480,1442,2928.21094,488.537659,1442.61426
3002,480,1533,3001.21436,488.533386,1533.61865
3046,0,1500,3045.21094,8.51583481,1500.61426
2880,480,1354,2879.00098,530.487488,1354.03979
2897,0,1434,2896.00098,50.3335533,1434.0437
2895,0,1382,2894.00098,50.3166962,1382.04211
2880,480,1354,2879.00098,499.990417,1353.95593
2877,480,1417,2876.00098,500.001678,1416.95593
2897,0,1434,2896.00098,20.1347885,1433.95593
2908,0,1275,2907.28271,8.82764149,1275.69666
2817,480,1291,2816.28271,488.817688,1291.69678
2880,480,1354,2879.28271,488.817688,1354.69666
2906,480,1221,2905.03394,497.184814,1220.7417
2908,0,1275,2907.02905,17.3253975,1274.76074
2932,-9,1186,2931.02905,8.34048653,1185.76074
2906,480,1221,2905.37988,486.18045,1220.21558
2817,480,1291,2816.38477,486.19931,1290.21167
2908,0,1275,2907.37012,6.24896765,1274.22339
3152,0,1241,3152.69653,6.43374443,1240.28259
3206,480,1204,3206.69849,486.396973,1203.28442
3132,350,1157,3132.69727,356.409698,1156.2832
4467,-20,954,4466.18506,-19.520874,954.579346
4571,3,1126,4570.19287,3.47958446,1126.59033
4652,-20,1204,4651.19092,-19.5197144,1204.58765
4934,220,1193,4933.90039,253.133789,1192.005
4800,480,1200,4799.90039,513.125854,1199.005
4858,252,1200,4857.90039,285.128143,1199.005
4652,220,1204,4651.00879,271.334991,1204.1311
4653,480,1239,4652.01074,531.38678,1239.14551
4663,480,1305,4662.00977,531.38678,1305.13867
756,119,-455,756.967529,120.243179,-455.252563
767,99,-357,767.967529,100.241058,-357.252625
776,124,-393,776.9646,125.241867,-393.26358
783,157,-407,783.955933,159.414505,-407.293579
756,119,-455,756.959839,121.417053,-455.280548
776,124,-393,776.959717,126.416206,-393.280823
783,157,-407,783.975403,159.406815,-407.220276
774,168,-465,774.974487,170.407211,-465.224335
756,119,-455,756.975403,121.408951,-455.220306
774,168,-465,774.876526,169.358459,-465.481323
746,180,-527,746.877136,181.358566,-527.480225
756,119,-455,756.876526,120.35807,-455.481323
746,180,-527,746.925476,185.195099,-527.378784
719,125,-551,719.925781,130.197968,-551.378052
756,119,-455,756.926331,124.197067,-455.376587
523,234,-368,522.138977,249.845673,-368.508545
563,212,-433,562.141968,227.846344,-433.51358
557,258,-430,556.141968,273.851837,-430.51358
677,260,-553,676.955078,288.66626,-553.998962
633,159,-549,632.955872,187.640732,-549.999023
729,194,-551,728.955872,222.643036,-551.999023
677,260,-553,677.658203,264.105896,-553.752808
605,261,-616,605.658203,265.105865,-616.752808
633,159,-549,633.658447,163.103104,-549.752625
605,261,-616,605.261902,262.870331,-616.965088
562,170,-575,562.261719,171.86911,-575.965088
633,159,-549,633.262329,160.871185,-549.964966
584,134,-583,584.763489,135.475784,-583.645813
561,84,-561,561.762878,85.4754791,-561.646423
633,159,-549,633.762878,160.474442,-549.646484
779,0,133,779.959839,13.0858002,132.719452
823,480,154,823.959717,493.143188,153.719055
752,0,41,752.95874,13.091466,40.7157173
823,480,154,823.994019,490.59079,153.891266
806,480,4,806.994019,490.571899,3.89093542
752,0,41,752.993103,10.5814581,40.8827553
723,0,251,723.850281,10.7093868,251.526306
770,480,273,770.850037,490.676422,273.526703
766,0,181,766.850037,10.7008162,181.526703
770,480,273,770.936218,495.196442,273.35141
794,480,208,794.936829,495.180756,208.349777
766,0,181,766.936218,15.2110825,181.351379
794,480,208,794.880493,495.075195,208.474045
823,480,154,823.880371,495.073608,154.474274
766,0,181,766.88031,15.0309391,181.474335
823,480,154,823.967529,487.789307,154.252625
779,0,133,779.967529,7.83033228,133.252655
766,0,181,766.967529,7.82419348,181.252594
646,0,300,646.532227,15.7899113,300.846588
770,480,273,770.532288,495.818939,273.846558
723,0,251,723.533386,15.7878962,251.845871
646,0,300,646.34375,14.6629181,300.939056
602,480,333,602.34082,494.505157,333.940094
770,480,273,770.34082,494.461945,273.940094
529,480,242,528.218933,487.670197,242.624435
602,480,333,601.21936,487.6651,333.624969
646,0,300,645.218994,7.6483717,300.624481
480,480,154,479.001007,500.921967,153.955139
477,480,217,476.001007,500.926208,216.955139
497,0,234,496.000946,21.0607128,233.956528
508,0,75,507.284912,3.51400495,75.699028
417,480,91,416.283539,483.503845,91.6976242
480,480,154,479.280914,483.503479,154.694916
563,350,-68,562.131287,369.964966,-68.4953079
506,480,21,505.135406,499.923553,20.49753
531,0,10,530.129333,20.1427631,9.50812626
506,480,21,505.05899,492.273865,20.6616211
508,0,75,507.05899,12.198596,74.6616211
531,0,10,530.056274,12.1934376,9.66927052
506,480,21,505.379669,485.695953,20.2156601
417,480,91,416.379761,485.714813,90.2155914
508,0,75,507.376587,5.76514387,74.2181091
465,-52,-460,464.000946,-37.6561279,-460.043274
445,157,-461,444.000946,171.358612,-461.043274
461,-52,-376,460.000946,-37.6433296,-376.043274
475,202,-268,474.068054,209.37146,-267.637421
534,217,-117,533.068054,224.361298,-116.637405
461,-52,-376,460.068054,-44.5956726,-375.637421
534,217,-117,533.041199,279.58606,-116.715927
502,-52,-240,501.042999,10.421979,-239.709915
461,-52,-376,460.042999,10.4760313,-375.70993
711,0,-7,711.999084,6.11410761,-6.9572196
755,203,-64,755.999146,209.100128,-63.9586716
711,-9,-130,711.999084,-2.88458967,-129.95723
755,203,-64,755.96167,205.740768,-63.7257919
731,-52,-246,731.959961,-49.2655182,-245.719879
711,-9,-130,711.959656,-6.26549292,-129.718994
755,203,-64,755.999023,220.605423,-64.0439606
752,190,-189,752.999084,207.594406,-189.042267
731,-52,-246,731.999084,-34.4284172,-246.042389
752,190,-189,752.989136,202.300079,-188.852997
767,184,-302,767.989136,196.293518,-301.852997
731,-52,-246,731.989136,-39.6774788,-245.852997
767,184,-302,767.985229,195.376236,-301.828766
791,143,-465,791.983276,154.370468,-464.817902
731,-52,-246,731.983276,-40.608139,-245.817886
791,143,-465,791.983276,162.48259,-465.181946
780,-52,-471,780.985229,-32.5327454,-471.171143
798,-52,-368,798.985229,-32.5546303,-368.171082
752,0,41,752.759399,2.92835569,40.3493767
755,203,-64,755.759094,205.927841,-64.6509552
711,0,-7,711.76001,2.93040276,-7.64990425
752,0,41,752.686829,7.43117762,40.2731819
806,480,4,806.68457,487.393951,3.27105331
732,350,-43,732.686584,357.406677,-43.7270432
791,143,-465,791.800171,196.997345,-465.599762
728,195,-553,728.806213,248.937393,-553.591614
780,-52,-471,780.799072,2.02014041,-471.601166
728,195,-553,728.818665,224.180176,-553.574219
724,-52,-550,724.813843,-22.7926674,-550.580994
780,-52,-471,780.813843,-22.7051888,-471.581055
728,195,-553,728.151367,290.801239,-553.988464
607,-52,-568,607.151367,43.8045692,-568.988464
724,-52,-550,724.151367,43.8045692,-550.988464
728,195,-553,728.389648,201.64003,-553.920959
605,261,-616,605.389771,267.633118,-616.920898
607,-52,-568,607.388733,-45.3863182,-568.921326
605,261,-616,604.472107,268.725128,-616.849304
508,240,-553,507.476349,247.717499,-553.851929
607,-52,-568,606.472107,-44.303936,-568.849304
508,240,-553,507.557922,246.759323,-553.896973
519,-52,-524,518.549011,-45.2001305,-524.892517
607,-52,-568,606.532349,-45.215229,-568.883911
508,240,-553,507.214783,255.558624,-553.619202
445,157,-461,444.211792,172.55275,-461.615387
519,-52,-524,518.211487,-36.4499474,-524.61499
445,157,-461,444.238831,174.927994,-461.648529
465,-52,-460,464.238831,-34.1037788,-460.648529
519,-52,-524,518.235474,-34.1110077,-524.644592
705,134,-221,704.000916,134.532516,-220.95723
650,198,-229,649.000977,198.532104,-228.955826
651,199,-188,650.000916,199.531937,-187.95723
705,134,-221,704.000854,134.899063,-220.958679
651,199,-188,650.000916,199.901321,-187.95723
706,134,-196,705.000916,134.899445,-195.95723
650,198,-229,649.000854,200.045441,-228.958679
588,362,-233,587.000854,364.043213,-232.958679
594,350,-184,593.000854,352.044434,-183.958679
650,198,-229,649.000916,201.037186,-228.95723
594,350,-184,593.000854,353.03772,-183.958679
651,199,-188,650.000854,202.03801,-187.958679
560,196,-436,560.668396,198.77977,-435.256195
604,420,-391,604.669312,422.783539,-390.257019
639,396,-432,639.668152,398.784149,-431.255981
560,196,-436,560.668091,198.375931,-435.25592
639,396,-432,639.669006,398.38739,-431.256744
594,197,-466,594.667969,199.378174,-465.255829
522,101,-481,522.668152,102.677704,-480.255981
560,196,-436,560.668762,197.676895,-435.256531
594,197,-466,594.668152,198.676285,-465.255981
522,101,-481,522.686523,103.063576,-480.272919
594,197,-466,594.686646,199.060822,-465.27301
542,102,-499,542.686707,104.06337,-498.273071
522,101,-481,522.686646,101.970139,-480.27301
542,102,-499,542.686523,102.970062,-498.272919
475,20,-541,475.680847,20.9682083,-540.267578
