300,160,-540,300.811035,164.279037,-540.584961
128,80,-759,128.814499,84.2698441,-759.580078
120,-80,-720,120.817413,-75.7204819,-720.57605
-156,46,-840,-156.992874,50.4464989,-840.119141
-125,-80,-853,-125.992073,-75.5586853,-853.12561
-150,80,-960,-150.993881,84.4439774,-960.110291
-125,-80,-853,-125.838417,-73.8456726,-853.544922
-156,46,-840,-156.840378,52.1554184,-840.541992
-240,80,-720,-240.835266,86.1527328,-720.549805
60,80,-1080,60.9707603,94.4083786,-1079.76001
16,-80,-960,16.9716625,-65.5559006,-959.763672
30,80,-960,30.9707127,94.4191971,-959.759766
30,80,-960,30.999918,90.4265747,-960.012695
16,-80,-960,16.999876,-69.5837021,-960.015625
30,80,-840,30.999918,90.4265747,-840.012695
120,-80,-720,120.641098,-76.0289612,-720.767456
128,80,-759,128.634018,83.9775238,-759.773315
30,80,-840,30.6353416,83.9755325,-840.772217
516,120,-378,516.567383,123.954941,-378.823425
300,160,-540,300.575134,163.95694,-540.818054
480,-64,-360,480.573059,-60.0349236,-360.819458
516,120,-378,516.593445,122.84845,-378.804871
480,-64,-360,480.587189,-61.139904,-360.809448
600,-64,-270,600.592773,-61.1491203,-270.805359
-941,34,-125,-941.432617,37.4710884,-125.901573
-906,24,-140,-906.442444,27.4735889,-140.89679
-924,55,-138,-924.442383,58.4729576,-138.89682
-960,160,-125,-960.983276,161.281662,-124.817886
-933,138,-66,-933.983215,139.281067,-65.8176498
-919,110,-99,-919.983276,111.282761,-98.8178864
-919,110,-99,-919.6875,110.956123,-99.7260666
-914,135,-136,-914.685547,135.955933,-136.727921
-960,160,-125,-960.686523,160.956558,-125.727066
-919,110,-99,-919.65332,113.358246,-99.7570114
-960,102,-60,-960.65332,105.359016,-60.7570496
-924,84,-82,-924.65332,87.3599167,-82.7570648
-924,55,-138,-924.886292,58.426651,-138.463104
-899,34,-165,-899.886475,37.4276619,-165.462769
-919,70,-162,-919.887329,73.4273071,-162.46109
-924,55,-138,-924.898987,57.6423912,-138.437958
-906,24,-140,-906.898132,26.6413269,-140.439713
-899,34,-165,-899.898926,36.6407433,-165.438034
-884,41,-170,-884.290039,56.3277969,-170.957001
-919,70,-162,-919.2901,85.3209915,-162.956985
-899,34,-165,-899.290222,49.3252487,-165.95694
-884,41,-170,-884.660217,41.9801445,-170.751053
-908,80,-180,-908.660156,80.9794846,-180.751083
-919,70,-162,-919.675903,70.9794388,-162.736954
-884,41,-170,-884.999084,43.3300705,-170.042267
-884,41,-190,-884.999084,43.3300705,-190.042267
-908,80,-180,-908.999084,82.3298721,-180.042267
-919,70,-162,-919.792358,73.1949921,-162.610046
-908,80,-180,-908.792175,83.1952515,-180.610214
-913,98,-180,-913.792236,101.195549,-180.610199
-913,98,-180,-913.799011,102.682617,-179.398743
-908,80,-180,-908.799133,84.6825943,-179.398849
-919,70,-198,-919.799072,74.6820526,-197.398773
-919,70,-198,-919.668884,72.4376602,-197.256638
-908,80,-180,-908.669006,82.437767,-179.256744
-884,41,-190,-884.667969,43.4383659,-189.255814
-899,34,-195,-899.283264,46.7239075,-194.04097
-919,70,-198,-919.283386,82.7196503,-197.041
-884,41,-190,-884.283447,53.7266541,-189.041016
-899,34,-195,-899.886414,35.7626457,-194.537109
-906,24,-220,-906.886963,25.7630882,-219.538162
-924,55,-222,-924.887024,56.7642899,-221.538284
-919,70,-198,-919.886475,73.0268707,-197.537231
-899,34,-195,-899.886414,37.0270805,-194.537109
-924,55,-222,-924.886475,58.0262184,-221.537231
-924,84,-278,-924.649292,86.287262,-277.239471
-960,102,-300,-960.648499,104.286362,-299.2388
-919,110,-261,-919.648438,112.285591,-260.238739
-960,160,-235,-960.68689,161.032135,-234.273239
-914,135,-224,-914.686646,136.03157,-223.27301
-919,110,-261,-919.686523,111.031754,-260.272919
-919,110,-261,-919.983276,111.88932,-261.182068
-933,138,-294,-933.983215,139.887619,-294.182068
-960,160,-235,-960.983276,161.888214,-235.182053
-924,55,-222,-924.442444,59.0469131,-221.10321
-906,24,-220,-906.442566,28.0475445,-219.103271
-941,34,-235,-941.444031,38.0452003,-234.103989
-899,34,-195,-899.932739,50.4318161,-194.63945
-893,30,-180,-893.93457,46.4266853,-179.644226
-905,7,-214,-905.93042,23.4306698,-213.633514
-899,34,-165,-899.936157,65.4372635,-165.35141
-905,7,-146,-905.936218,38.4374352,-146.35141
-893,30,-180,-893.93457,61.434761,-180.355774
-75,34,-1019,-74.6407471,51.2157707,-1019.93323
-94,7,-1025,-93.6407471,24.2159386,-1025.93323
-60,30,-1013,-59.6407471,47.21064,-1013.93323
-45,34,-1019,-45.3676147,56.2175865,-1019.92993
-60,30,-1013,-60.3626633,52.2137718,-1013.93188
-26,7,-1025,-26.3682747,29.2177544,-1025.92969
-18,55,-1044,-18.900631,60.057003,-1044.43457
-20,24,-1026,-20.9007435,29.0576324,-1026.43433
-5,34,-1061,-5.90154696,39.05513,-1061.43262
21,110,-1039,21.1820927,111.784904,-1039.98328
54,138,-1053,54.1804848,139.783203,-1053.98352
-5,160,-1080,-4.82323456,161.783691,-1080.98425
-5,160,-1080,-5.72704077,161.33194,-1080.68652
-16,135,-1034,-16.7252083,136.331329,-1034.68848
21,110,-1039,20.2728939,111.331505,-1039.68652
38,84,-1044,37.2330666,86.421257,-1044.64172
60,102,-1080,59.2330666,104.420357,-1080.64172
21,110,-1039,20.2379017,112.419762,-1039.64746
-42,70,-1039,-42.4726295,72.5238113,-1039.88123
-45,34,-1019,-45.4614182,36.524025,-1019.88715
-18,55,-1044,-18.4726467,57.5231628,-1044.88123
-45,34,-1019,-45.4613304,34.945652,-1019.88721
-20,24,-1026,-20.4613304,24.9460964,-1026.88721
-18,55,-1044,-18.4615421,55.9473,-1044.88708
-45,34,-1019,-45.9607582,51.6325989,-1019.27734
-42,70,-1039,-42.9587708,87.6287384,-1039.28418
-50,41,-1004,-50.9607658,58.63554,-1004.27734
-42,70,-1039,-42.743309,71.6501083,-1039.66895
-60,80,-1028,-60.7435265,81.6501541,-1028.6687
-50,41,-1004,-50.7432556,42.6508141,-1004.66895
-60,98,-1033,-60.6086235,100.39167,-1033.79346
-60,80,-1028,-60.6133461,82.3913651,-1028.78979
-42,70,-1039,-42.608448,72.3911057,-1039.79358
-78,70,-1039,-77.3950577,75.9818115,-1039.79626
-60,80,-1028,-59.3952141,85.9823608,-1028.79639
-60,98,-1033,-59.3948936,103.982376,-1033.79614
-70,41,-1004,-70.0425262,41.7996941,-1004.99908
-50,41,-1004,-50.0425262,41.7996941,-1004.99908
-60,80,-1028,-60.0425262,80.7994919,-1028.99902
-70,41,-1004,-69.2620087,41.8445663,-1004.6748
-60,80,-1028,-59.2620049,80.8439102,-1028.6748
-78,70,-1039,-77.2620087,70.8438644,-1039.6748
-70,41,-1004,-69.0427094,49.1476707,-1004.28912
-78,70,-1039,-77.0426941,78.1404724,-1039.28906
-75,34,-1019,-74.0427322,42.1449242,-1019.28918
-102,55,-1044,-101.538864,57.9249268,-1044.88733
-100,24,-1026,-99.5466995,26.9240036,-1026.89136
-75,34,-1019,-74.5395737,36.92342,-1019.8877
-102,55,-1044,-101.524361,57.3895836,-1044.87964
-75,34,-1019,-74.5238113,36.3904495,-1019.87933
-78,70,-1039,-77.5241394,72.3902359,-1039.87952
-141,110,-1039,-140.243774,113.975327,-1039.6543
-180,102,-1080,-179.243988,105.976097,-1080.65454
-158,84,-1044,-157.243988,87.9769974,-1044.65454
-141,110,-1039,-140.272903,110.383698,-1039.68652
-104,135,-1034,-103.271973,135.383514,-1034.68555
-115,160,-1080,-114.271973,160.384125,-1080.68555
-115,160,-1080,-115.190445,161.985886,-1080.98169
-174,138,-1053,-174.195419,139.985397,-1053.98071
-141,110,-1039,-141.185303,111.987091,-1039.98267
-115,34,-1061,-114.097488,40.9599991,-1061.43066
-100,24,-1026,-99.0974884,30.9623451,-1026.43066
-102,55,-1044,-101.097023,61.9617119,-1044.42969
821,34,-235,821.442688,38.3658676,-234.103333
786,24,-220,786.442566,28.3682117,-219.103271
804,55,-222,804.442444,59.3675804,-221.10321
840,160,-235,840.983276,161.588257,-235.182053
813,138,-294,813.982605,139.587769,-294.185699
799,110,-261,799.983276,111.589363,-261.182068
799,110,-261,799.686523,111.168045,-260.272919
794,135,-224,794.686646,136.167862,-223.27301
840,160,-235,840.68689,161.168427,-234.273239
799,110,-261,799.648621,111.909966,-260.238892
840,102,-300,840.648499,103.910645,-299.2388
804,84,-278,804.648438,85.9115448,-277.238739
804,55,-222,804.88623,56.3698463,-221.536758
779,34,-195,779.88031,35.3707085,-194.525635
799,70,-198,799.88031,71.3704987,-197.525635
804,55,-222,804.886292,58.1664505,-221.53688
786,24,-220,786.887207,27.1653881,-219.538635
779,34,-195,779.886963,37.1649437,-194.538162
764,41,-190,764.283813,54.8625717,-189.041122
799,70,-198,799.283447,83.8553696,-197.041016
779,34,-195,779.284485,47.8598251,-194.041321
764,41,-190,764.66803,41.961689,-189.255875
788,80,-180,788.668152,80.9610291,-179.255981
799,70,-198,799.667969,70.9608612,-197.255814
764,41,-190,764.999084,42.9523964,-190.042267
764,41,-170,764.999084,42.9523964,-170.042267
788,80,-180,788.999084,81.9522018,-180.042267
799,70,-198,799.799011,74.4342575,-197.398743
788,80,-180,788.799072,84.4347992,-179.398773
793,98,-180,793.79541,102.435104,-179.393936
793,98,-180,793.792236,100.947617,-180.610214
788,80,-180,788.792236,82.9475937,-180.610214
799,70,-162,799.792175,72.947052,-162.610229
799,70,-162,799.660156,71.4409409,-162.751114
788,80,-180,788.660645,81.4411087,-180.750687
764,41,-170,764.66095,42.4417686,-170.750427
779,34,-165,779.276367,50.460968,-165.961044
799,70,-162,799.290039,86.4567108,-162.957001
764,41,-170,764.276733,57.463913,-170.960938
779,34,-165,779.897156,35.7728996,-165.441696
786,24,-140,786.897156,25.7733421,-140.441696
804,55,-138,804.896912,56.7744064,-138.442062
799,70,-162,799.880432,71.77108,-162.474152
779,34,-165,779.880371,35.7712898,-165.474274
804,55,-138,804.880432,56.7704277,-138.474152
804,84,-82,804.65332,86.9842072,-82.7570648
840,102,-60,840.65332,104.983307,-60.7570457
799,110,-99,799.641663,112.982536,-99.7669601
840,160,-125,840.686523,161.09285,-125.727081
794,135,-136,794.685547,136.09227,-136.728027
799,110,-99,799.686523,111.092461,-99.7270813
799,110,-99,799.983276,110.982796,-98.8178864
813,138,-66,813.983215,138.981094,-65.8176498
840,160,-125,840.983276,160.981689,-124.817886
804,55,-138,804.440613,58.7936249,-138.89769
786,24,-140,786.440735,27.7942581,-140.897629
821,34,-125,821.433167,37.7917557,-125.901314
779,34,-165,779.929138,48.1416702,-165.36972
773,30,-180,773.926636,44.1352234,-180.375946
785,7,-146,785.928406,21.1405239,-146.371567
779,34,-195,779.932739,54.6496773,-194.63945
785,7,-214,785.93042,27.648531,-213.633514
773,30,-180,773.930969,50.6445465,-179.634903
-77,88,-2781,-77.3942566,88.7810974,-2780.08105
-53,88,-2771,-53.393692,88.7803726,-2770.08081
-53,54,-2805,-53.393692,54.7804222,-2804.08081
-132,110,-2743,-132.170135,111.497887,-2742.01465
-109,88,-2761,-109.170021,89.4972458,-2760.01465
-135,82,-2771,-135.145767,83.4973373,-2770.01074
-125,-101,-2795,-124.643745,-95.6624603,-2794.06567
-120,-81,-2791,-119.635994,-75.6630707,-2790.0686
-77,-81,-2808,-76.641037,-75.6630707,-2807.06665
-125,-101,-2795,-124.635994,-97.1834564,-2794.0686
-77,-81,-2808,-76.6243439,-77.1856537,-2807.07324
-77,-101,-2815,-76.6243439,-97.1850433,-2814.07324
-113,-70,-2783,-112.624344,-68.977623,-2782.07324
-77,-70,-2798,-76.6195602,-68.9772415,-2797.0752
-77,-81,-2808,-76.6195602,-79.9770508,-2807.0752
-120,-81,-2791,-119.642311,-80.6166306,-2790.06616
-113,-70,-2783,-112.641037,-69.6168747,-2782.06665
-77,-81,-2808,-76.635994,-80.616272,-2807.0686
-150,-81,-2756,-149.243774,-78.0028305,-2755.3457
-120,-81,-2791,-119.242081,-78.0028305,-2790.34766
-125,-101,-2795,-124.232964,-98.0022202,-2794.3584
-165,-121,-2747,-164.208633,-112.777443,-2746.38867
-150,-81,-2756,-149.197525,-72.7786636,-2755.40332
-125,-101,-2795,-124.19825,-92.781044,-2794.40234
-150,-81,-2756,-149.238739,-80.5844116,-2755.35156
-113,-70,-2783,-112.242294,-69.5838165,-2782.34741
-120,-81,-2791,-119.243134,-80.5835266,-2790.34644
-145,-119,-2700,-144.136963,-117.962204,-2700.50513
-120,-81,-2704,-119.142014,-79.962677,-2704.51367
-150,-81,-2756,-149.136963,-79.9640579,-2756.50513
-145,-119,-2700,-144.07103,-117.600937,-2700.37012
-150,-81,-2756,-149.073074,-79.6010208,-2756.37524
-165,-121,-2747,-164.072983,-119.600105,-2747.375
-72,-103,-2678,-71.6620483,-99.8934174,-2678.94116
-120,-81,-2704,-119.641037,-77.8927307,-2704.93335
-145,-119,-2700,-144.656662,-115.89138,-2700.93921
-9,-126,-2747,-9.94564152,-116.798019,-2747.3252
-14,-98,-2746,-14.9456196,-88.7957077,-2746.3252
-32,-103,-2693,-32.9397621,-93.7967453,-2693.3418
-35,88,-2751,-35.8122635,88.5256729,-2751.58301
-51,88,-2729,-51.8124046,88.524971,-2729.58301
-15,59,-2731,-15.8151741,59.5259399,-2731.5791
-51,88,-2729,-51.2184296,94.8376083,-2729.97583
-19,26,-2724,-19.2094345,32.8306961,-2724.97778
-15,59,-2731,-15.2102251,65.8334122,-2731.97754
-26,-107,-2795,-26.9637508,-99.0080795,-2794.7334
-14,-98,-2746,-14.9626989,-90.0098877,-2745.72949
-9,-126,-2747,-9.96269131,-118.007332,-2746.72949
-25,-119,-2793,-25.9408092,-94.4536896,-2792.66113
-26,-107,-2795,-26.9469452,-82.4490967,-2794.67871
-9,-126,-2747,-9.94697952,-101.446037,-2746.67871
-77,-101,-2815,-77.4043274,-98.5976486,-2814.08545
-77,-81,-2808,-77.4026642,-78.5970612,-2807.08472
-26,-107,-2795,-26.4032593,-104.59407,-2794.08496
-77,-81,-2808,-77.2014389,-79.7779388,-2807.02051
-77,-70,-2798,-77.2014389,-68.7779541,-2797.02051
-23,-76,-2793,-23.2009296,-74.7789612,-2792.02051
-77,-81,-2808,-77.2614059,-50.3137245,-2807.03491
-23,-76,-2793,-23.2544098,-45.3163795,-2792.03296
-26,-107,-2795,-26.2544098,-76.3212738,-2794.03296
-150,-81,-2756,-149.164078,-76.2452545,-2755.45117
-147,-48,-2742,-146.165848,-43.2431717,-2741.44849
-136,-63,-2767,-135.167465,-58.2449799,-2766.44604
-3,-65,-2794,-3.92670369,-62.2202988,-2793.62427
-11,-25,-2784,-11.9226894,-22.2217464,-2783.6145
-4,-25,-2767,-4.92256069,-22.2210674,-2766.61426
-3,-65,-2794,-3.93164659,-59.9888077,-2793.63672
-4,-25,-2767,-4.93165064,-19.9897919,-2766.63672
8,-65,-2766,7.06512642,-59.9885712,-2765.64502
-22,2,-2794,-22.9260254,7.29486179,-2793.62256
-5,1,-2754,-5.92257071,6.29366016,-2753.61426
-4,-25,-2767,-4.92256641,-19.7052727,-2766.61426
-11,-25,-2784,-11.9269018,-21.0912819,-2783.62476
-22,2,-2794,-22.9278889,5.91015625,-2793.6272
-4,-25,-2767,-4.92491198,-21.0920792,-2766.61987
-24,19,-2796,-24.92173,22.9141197,-2795.6123
-34,71,-2793,-34.920002,74.9144058,-2792.60815
-15,23,-2773,-15.9245424,26.9121265,-2772.61914
-34,71,-2793,-34.866539,79.4523392,-2792.50098
-15,70,-2761,-15.8654413,78.4540329,-2760.49902
-15,23,-2773,-15.8654404,31.4538021,-2772.49902
-15,70,-2761,-15.9245214,84.3117294,-2760.61914
-5,21,-2750,-5.92289352,35.3113861,-2749.61499
-15,23,-2773,-15.9227886,37.3076401,-2772.61475
-53,54,-2805,-53.4612961,62.2423096,-2804.11279
-34,71,-2793,-34.4612961,79.2438126,-2792.11279
-24,19,-2796,-24.4595966,27.2373066,-2795.11206
-22,2,-2794,-22.301384,5.47181273,-2793.04663
-39,-32,-2810,-39.2983856,-28.5267239,-2809.04565
-53,-2,-2805,-53.301384,1.47193468,-2804.04663
-11,-25,-2784,-11.6399746,-22.2828045,-2783.23169
-3,-65,-2794,-3.63407397,-62.2819862,-2793.22681
-39,-32,-2810,-39.6423454,-29.2823906,-2809.23364
-53,88,-2771,-52.7436905,88.7204132,-2770.03345
-34,71,-2793,-33.7436905,71.7200089,-2792.03345
-53,54,-2805,-52.7519646,54.7204857,-2804.03125
8,-65,-2766,7.00885916,-63.3181114,-2766.13281
-4,-25,-2767,-4.99085617,-23.320076,-2767.13477
-7,-32,-2730,-7.99086094,-30.3206043,-2730.13477
-5,1,-2754,-5.90157366,5.18763542,-2754.43262
-19,-2,-2724,-19.9012165,2.18772674,-2724.43335
-7,-32,-2730,-7.90144205,-27.8113594,-2730.43262
-5,21,-2750,-5.99693966,23.3313999,-2750.07812
-15,70,-2761,-15.9969807,72.3301163,-2761.07764
-15,59,-2731,-15.996932,61.3302422,-2731.07812
-15,70,-2761,-15.945632,71.0853653,-2761.3252
-35,88,-2751,-35.9527245,89.0859299,-2751.30371
-15,59,-2731,-15.9465733,60.0857048,-2731.32227
-132,-48,-2702,-131.609634,-6.04013824,-2702.92065
-110,-30,-2693,-109.611938,11.9593124,-2693.92163
-101,-2,-2690,-100.611938,39.9584579,-2690.92163
-37,-53,-2674,-37.3935738,-45.1736107,-2674.91919
-54,-53,-2667,-54.3796425,-45.1736107,-2667.92505
-59,-93,-2662,-59.3683205,-85.1687927,-2662.92969
-31,-93,-2673,-31.3631306,-81.9755554,-2673.93164
-37,-53,-2674,-37.3743439,-41.9799118,-2674.92725
-59,-93,-2662,-59.3743439,-81.9755554,-2662.92725
-37,-53,-2674,-37.8584976,-49.500885,-2674.5127
-31,-93,-2673,-31.8624916,-89.5014038,-2673.50586
-15,-59,-2709,-15.854353,-55.5015717,-2709.51953
-59,-93,-2662,-58.7436905,-84.6882935,-2662.96631
-54,-53,-2667,-53.7436905,-44.6846733,-2667.96655
-95,-59,-2677,-94.7436905,-50.6861038,-2677.96655
-74,-26,-2683,-73.7044373,-23.5844498,-2683.95532
-110,-30,-2693,-109.702866,-27.5839748,-2693.95483
-95,-59,-2677,-94.7127075,-56.5858307,-2677.95776
-54,-53,-2667,-53.7127075,-50.6641464,-2667.95776
-74,-26,-2683,-73.7036514,-23.663063,-2683.95508
-95,-59,-2677,-94.7296982,-56.6634178,-2677.96265
-37,-53,-2674,-37.3867798,-52.0952492,-2674.92212
-54,-27,-2691,-54.3798332,-26.0953827,-2691.92505
-54,-53,-2667,-54.3798332,-52.095623,-2667.92505
-54,-27,-2691,-54.4153214,-25.5504303,-2691.90967
-74,-26,-2683,-74.40271,-24.5500336,-2683.91528
-54,-53,-2667,-54.4158554,-51.5504875,-2667.90942
-33,-25,-2699,-33.2986298,-23.8853893,-2699.95435
-54,-27,-2691,-54.2983856,-25.8851357,-2691.95435
-37,-53,-2674,-37.2842674,-51.8853073,-2674.95874
-33,-25,-2699,-33.871563,-20.7819309,-2699.49023
-37,-53,-2674,-37.8776207,-48.7822952,-2674.47925
-15,-59,-2709,-15.8764505,-54.7827187,-2709.48145
-33,-25,-2699,-33.9005547,-23.0020294,-2699.43457
-15,-59,-2709,-15.9011021,-57.0000496,-2709.43359
-19,-29,-2724,-19.900547,-27.0011539,-2724.43457
-51,88,-2729,-51.9198112,90.6533661,-2729.39233
-34,44,-2712,-34.9196587,46.6528168,-2712.39258
-19,26,-2724,-19.919672,28.6532307,-2724.39258
-19,26,-2724,-19.7435188,31.9302425,-2724.6687
-34,44,-2712,-34.7435188,49.928627,-2712.6687
-31,-7,-2702,-31.7434845,-1.07069945,-2702.6687
-34,44,-2712,-34.3682899,45.1270409,-2712.92969
-51,88,-2729,-51.3493576,89.1284409,-2729.93677
-70,88,-2722,-70.3624573,89.1289902,-2722.93188
-34,44,-2712,-34.3955116,46.1656189,-2712.91846
-70,88,-2722,-70.3954849,90.1666412,-2722.91846
-82,44,-2692,-82.3954773,46.1661453,-2692.91846
-82,44,-2692,-81.418869,46.2327194,-2692.81372
-70,88,-2722,-69.4194336,90.2328491,-2722.81421
-101,26,-2690,-100.419434,28.233057,-2690.81421
-125,-101,-2795,-124.19825,-95.2979736,-2794.40234
-125,-161,-2815,-124.199165,-155.300568,-2814.40112
-165,-121,-2747,-164.198257,-115.297363,-2746.40234
-77,-101,-2815,-76.6997452,-96.2598801,-2814.04614
-65,-161,-2835,-64.6847229,-156.262039,-2834.05103
-125,-161,-2815,-124.699745,-156.26004,-2814.04614
-77,-101,-2815,-76.6310425,-98.3075027,-2814.07056
-125,-161,-2815,-124.631042,-158.307327,-2814.07056
-125,-101,-2795,-124.618965,-98.3050156,-2794.07544
-25,-119,-2793,-25.5106659,-115.257538,-2792.14038
-65,-161,-2835,-65.5104904,-157.255081,-2834.14014
-77,-101,-2815,-77.5111694,-97.2558975,-2814.14062
-29,-121,-2700,-29.9316368,-114.920868,-2700.36328
-5,-161,-2736,-5.92657518,-154.919647,-2736.37598
-9,-126,-2747,-9.92854023,-119.920578,-2747.37109
-146,85,-2747,-145.117462,87.0843735,-2746.52979
-132,110,-2743,-131.118362,112.083977,-2742.52808
-135,82,-2771,-134.118362,84.083847,-2770.52808
-110,91,-2698,-109.175377,94.9540787,-2698.56567
-132,110,-2743,-131.169418,113.953415,-2743.55688
-146,85,-2747,-145.167786,88.9530411,-2747.55444
-110,91,-2698,-109.19825,105.600266,-2698.59766
-146,85,-2747,-145.19249,99.6179047,-2747.58984
-132,52,-2725,-131.188248,66.6089401,-2725.58398
-123,48,-2702,-122.087547,52.1292801,-2702.40918
-110,91,-2698,-109.081543,95.1301956,-2698.39551
-132,52,-2725,-131.087219,56.1307297,-2725.40845
-84,78,-2697,-84.0425262,81.8316269,-2697.99902
-110,91,-2698,-110.042526,94.833107,-2698.99902
-92,53,-2693,-92.0425262,56.8296928,-2693.99902
-135,26,-2771,-134.076996,35.3461494,-2770.61523
-146,30,-2743,-145.079041,39.3473091,-2742.61035
-142,49,-2748,-141.072983,58.3476906,-2747.625
-101,26,-2690,-100.631042,30.450201,-2690.92944
-123,48,-2702,-122.640747,52.4490623,-2702.93311
-129,31,-2702,-128.633514,35.4493484,-2702.93042
-123,48,-2702,-122.69072,51.3452988,-2702.95093
-101,26,-2690,-100.702866,29.3459702,-2690.95483
-92,53,-2693,-91.6997452,56.3469353,-2693.95386
-129,31,-2702,-128.66478,33.5725212,-2702.94214
-115,-4,-2685,-114.66478,-1.42751968,-2685.94214
-101,26,-2690,-100.66478,28.5729752,-2690.94214
-129,31,-2702,-128.422913,34.0826797,-2702.81665
-147,3,-2709,-146.437302,6.07981443,-2709.82666
-115,-4,-2685,-114.422523,-0.919785857,-2685.81641
-137,29,-2723,-136.0961,30.2847118,-2723.42773
-146,30,-2743,-145.0961,31.2848854,-2743.42773
-153,3,-2726,-152.096222,4.28455925,-2726.42798
-153,3,-2726,-152.01683,12.8568115,-2725.81738
-146,30,-2743,-145.01683,39.8587799,-2742.81738
-147,-4,-2765,-146.01683,5.855093,-2764.81738
-146,30,-2743,-145.087112,34.2191582,-2742.5918
-135,26,-2771,-134.087112,30.2197227,-2770.5918
-147,-4,-2765,-146.084091,0.220416814,-2764.59863
-162,-38,-2729,-161.018875,-31.7444267,-2728.80664
-153,3,-2726,-152.019852,9.25555038,-2725.80176
-147,-4,-2765,-146.019852,2.25726509,-2764.80176
-147,3,-2709,-146.440186,9.8398037,-2709.82861
-151,-38,-2701,-150.440186,-31.15938,-2701.82861
-115,-4,-2685,-114.44381,2.83929467,-2685.83105
-147,3,-2709,-146.060944,8.64964294,-2709.34375
-153,3,-2726,-152.060944,8.64964294,-2726.34375
-162,-38,-2729,-161.061035,-32.3523331,-2729.34399
-151,-38,-2701,-150.071121,-30.2373981,-2701.37036
-147,3,-2709,-146.07103,10.7607775,-2709.37012
-162,-38,-2729,-161.07103,-30.2373981,-2729.37012
-72,62,-2803,-72.6492081,63.9892349,-2802.2395
-77,88,-2781,-77.6504822,89.9891434,-2780.24048
-53,44,-2805,-53.6493187,45.9892845,-2804.2395
-109,88,-2761,-108.472588,89.3809052,-2760.15039
-77,88,-2781,-76.4829559,89.3811417,-2780.14404
-72,62,-2803,-71.4828339,63.3814659,-2802.14429
-120,62,-2783,-119.618965,62.4911156,-2782.07544
-109,88,-2761,-108.631042,88.4913864,-2760.07056
-72,62,-2803,-71.6322708,62.4902267,-2802.07007
-109,88,-2761,-108.033806,88.8362503,-2760.74219
-120,62,-2783,-119.033806,62.8361282,-2782.74219
-135,44,-2771,-134.035934,44.8361053,-2770.73438
-77,11,-2812,-77.0748215,16.7542057,-2811.00293
-72,62,-2803,-72.0613022,67.752655,-2802.00195
-53,44,-2805,-53.0624199,49.7546539,-2804.00195
-72,62,-2803,-71.6310425,68.4482956,-2802.07056
-77,11,-2812,-76.6310425,17.4531097,-2811.07056
-100,14,-2802,-99.6189651,20.4534836,-2801.07544
-121,-8,-2796,-120.099365,-6.52141714,-2795.56543
-139,-42,-2786,-138.104141,-40.5194359,-2785.55566
-135,-12,-2771,-134.106583,-10.5201645,-2770.55078
-121,-8,-2796,-120.228104,-4.19933796,-2795.36426
-114,-35,-2814,-113.232559,-31.2006207,-2813.35889
-139,-42,-2786,-138.229721,-38.2025146,-2785.3623
-97,-35,-2820,-97.1074905,-29.8153286,-2819.00586
-80,-8,-2812,-80.1064911,-2.81722164,-2811.00586
-59,-42,-2818,-59.1066933,-36.8183212,-2817.00586
-80,-8,-2812,-80.3202744,-5.55953741,-2811.05273
-53,-12,-2805,-53.3082352,-9.55868244,-2804.04883
-59,-42,-2818,-59.2991943,-39.5592346,-2817.0459
-95,-75,-2833,-95.1235275,-70.8941956,-2832.00781
-97,-35,-2820,-97.0984039,-30.8930721,-2819.00488
-59,-42,-2818,-59.115509,-37.8932495,-2817.00684
-114,-35,-2814,-113.66478,-33.0443764,-2813.05786
-97,-35,-2820,-96.6647797,-33.0452538,-2819.05786
-95,-75,-2833,-94.678833,-73.0440369,-2832.05298
-124,-75,-2822,-123.662727,-71.7993698,-2821.05859
-114,-35,-2814,-113.662048,-31.8005924,-2813.05884
-95,-75,-2833,-94.6620483,-71.7993698,-2832.05884
-114,-35,-2814,-113.220161,-31.3884926,-2813.37402
-124,-75,-2822,-123.217819,-71.3876724,-2821.37695
-139,-42,-2786,-138.21167,-38.3901825,-2785.38477
-114,-35,-2814,-113.641037,-32.4364128,-2813.06665
-121,-8,-2796,-120.653999,-5.43618822,-2795.06177
-80,-8,-2812,-79.641037,-5.43671227,-2811.06665
-80,-8,-2812,-79.675972,-4.91334963,-2811.05396
-97,-35,-2820,-96.675972,-31.9134293,-2819.05396
-114,-35,-2814,-113.662727,-31.9134293,-2813.05859
-121,-8,-2796,-120.618965,1.96805429,-2795.07544
-123,10,-2793,-122.631042,19.968605,-2792.07056
-100,14,-2802,-99.6307526,23.9662838,-2801.0708
-121,-8,-2796,-120.635994,-3.53555942,-2795.0686
-100,14,-2802,-99.6189651,18.4695606,-2801.07544
-77,11,-2812,-76.6189651,15.4709673,-2811.07544
-121,-8,-2796,-120.635994,11.4543896,-2795.0686
-77,11,-2812,-76.6539993,30.4570026,-2811.06177
-80,-8,-2812,-79.6539993,11.4586487,-2811.06177
-120,62,-2783,-119.078629,66.7559509,-2782.61133
-123,10,-2793,-122.078934,14.7565575,-2792.6106
-135,-12,-2771,-134.079041,-7.24520922,-2770.61035
-100,14,-2802,-99.6050491,20.6184025,-2801.0813
-123,10,-2793,-122.604767,16.6197739,-2792.08154
-120,62,-2783,-119.610199,68.6206818,-2782.0791
-100,14,-2802,-99.6310425,17.6932621,-2801.07056
-120,62,-2783,-119.631042,65.6966553,-2782.07056
-72,62,-2803,-71.6167603,65.6978683,-2802.07642
-137,29,-2723,-136.060944,31.6379013,-2723.34375
-153,3,-2726,-152.061127,5.63818312,-2726.34424
-147,3,-2709,-146.060944,5.63856745,-2709.34375
-147,3,-2709,-146.048111,5.70063686,-2709.3064
-129,31,-2702,-128.047867,33.6995239,-2702.30566
-137,29,-2723,-136.048187,31.6999722,-2723.30664
-142,49,-2748,-141.091553,52.7236671,-2748.41797
-146,30,-2743,-145.091095,33.7239304,-2743.41699
-137,29,-2723,-136.091095,32.723011,-2723.41699
-142,49,-2748,-141.060944,53.7398224,-2748.34375
-137,29,-2723,-136.060944,33.7414131,-2723.34375
-129,31,-2702,-128.061127,35.7416801,-2702.34424
-142,49,-2748,-141.079041,51.1496658,-2748.38965
-129,31,-2702,-128.079041,33.1517944,-2702.38965
-123,48,-2702,-122.078629,50.1513748,-2702.38867
-142,49,-2748,-141.079453,59.1459198,-2748.39062
-123,48,-2702,-122.078629,58.147583,-2702.38867
-132,52,-2725,-131.079041,62.1465263,-2725.38965
-34,44,-2712,-34.3885994,46.91185,-2712.92139
-82,44,-2692,-82.4026718,46.908062,-2692.91528
-78,-6,-2683,-78.3934097,-3.09199214,-2683.91919
-34,44,-2712,-34.3631248,46.3880844,-2712.93164
-78,-6,-2683,-78.3675308,-3.61418605,-2683.92993
-54,-4,-2693,-54.3675842,-1.6127882,-2693.92993
-34,44,-2712,-34.4032631,49.7769394,-2712.91504
-54,-4,-2693,-54.4026527,1.77840352,-2693.91528
-31,-7,-2702,-31.4023876,-1.22272897,-2702.91528
-54,-4,-2693,-54.3935013,15.2795982,-2693.91919
-78,-6,-2683,-78.3869553,13.2748165,-2683.92188
-74,-26,-2683,-74.387085,-6.72457266,-2683.92188
-54,-4,-2693,-54.3866463,8.63171577,-2693.92212
-74,-26,-2683,-74.3935547,-13.3714113,-2683.91919
-54,-27,-2691,-54.3866463,-14.3679628,-2691.92212
-54,-4,-2693,-54.3495903,11.5862675,-2693.93677
-54,-27,-2691,-54.3495979,-11.4149084,-2691.93677
-33,-25,-2699,-33.3496208,-9.41572094,-2699.93677
-54,-4,-2693,-54.3796463,7.2067709,-2693.92505
-33,-25,-2699,-33.3935585,-13.7975035,-2699.91919
-31,-7,-2702,-31.3941059,4.20303917,-2702.91895
-110,-30,-2693,-109.618965,-19.7680836,-2693.92456
-78,-6,-2683,-77.6307526,4.22752857,-2683.9292
-82,44,-2692,-81.6189651,54.2246323,-2692.92456
-22,2,-2794,-22.93186,16.8387718,-2793.63721
-24,19,-2796,-24.9346313,33.835434,-2795.64453
-15,23,-2773,-15.9285765,37.8362503,-2772.62891
-22,2,-2794,-22.9147797,8.11962414,-2793.59619
-15,23,-2773,-15.9225874,29.1179142,-2772.61426
-5,21,-2750,-5.92289114,27.1186886,-2749.61499
-22,2,-2794,-22.92173,15.9539337,-2793.6123
-5,21,-2750,-5.92291164,34.9568901,-2749.61499
-5,1,-2754,-5.91759443,14.9575005,-2753.60254
1302,239,-3028,1301.28235,387.07785,-3028.69629
1162,239,-2888,1161.28345,387.07785,-2888.69751
1163,159,-2888,1162.28516,307.190613,-2888.69922
1303,159,-3028,1302.28296,307.190613,-3028.69702
1302,239,-3028,1301.28235,387.07785,-3028.69629
1163,159,-2888,1162.28516,307.190613,-2888.69922
1162,239,-2888,1161.00098,328.09729,-2888.04297
1162,239,-2608,1161.00098,328.09729,-2608.04297
1163,159,-2608,1162.00098,248.187546,-2608.04297
1163,159,-2888,1162.00098,248.187546,-2888.04297
1162,239,-2888,1161.00098,328.09729,-2888.04297
1163,159,-2608,1162.00098,248.187546,-2608.04297
1163,159,-2608,1162.28271,292.48764,-2607.30322
1162,239,-2608,1161.28259,372.374847,-2607.30347
1302,239,-2468,1301.28235,372.374847,-2467.30371
1163,159,-2608,1162.28271,292.48764,-2607.30322
1302,239,-2468,1301.28235,372.374847,-2467.30371
1303,159,-2468,1302.28271,292.48764,-2467.30322
