-260,914,840,-260.999054,956.950684,840.043457
-260,780,760,-260.998993,822.973511,760.044312
-280,1020,380,-280.998993,1063.02637,380.044769
-100,780,760,-99.0010147,838.395081,760.044922
-100,914,840,-99.0010147,972.371216,840.044983
-80,1020,380,-79.00103,1078.44861,380.045349
-280,700,380,-280.999054,706.642578,379.956543
-240,460,450,-240.999054,466.649933,449.956543
-240,460,380,-240.999054,466.649933,379.956543
-280,700,380,-280.147003,722.450256,380.989136
-600,0,290,-600.140564,22.4750843,290.990051
-560,860,350,-560.132935,882.454712,350.991119
-280,700,380,-280.198456,727.144714,380.980103
-240,460,380,-240.198471,487.181122,380.980103
-600,0,290,-600.208008,27.3793812,290.978119
-820,1020,-270,-820.799194,1022.18188,-270.601044
-440,1240,-940,-440.803925,1242.17883,-940.594727
-820,1100,-330,-820.799133,1102.18176,-330.601105
-820,700,-120,-820.84436,705.440369,-119.464226
-820,780,-90,-820.844116,785.438538,-89.4638443
-560,860,350,-560.850037,865.475464,350.526672
-820,780,-270,-820.880371,784.559326,-270.474243
-820,700,-240,-820.880371,704.561035,-240.474258
-440,700,-940,-440.880707,704.637268,-940.473633
-650,0,-600,-650.526367,3.38399434,-600.850159
-270,240,-940,-270.51358,243.390976,-940.858032
-330,320,-940,-330.521942,323.392761,-940.852966
-440,700,-940,-440.644623,704.954529,-940.764465
-650,0,-600,-650.639343,4.97692156,-600.768921
-330,320,-940,-330.638306,324.943207,-940.769775
-30,320,-940,-29.6541615,323.589417,-940.938293
-90,240,-940,-89.6544952,243.594269,-940.938416
240,0,-750,240.349518,3.59651685,-750.93689
-30,320,-940,-29.5371075,326.044586,-940.886414
240,0,-750,240.462891,6.05849028,-750.886414
80,700,-940,80.4616547,706.039856,-940.887024
380,730,-300,380.273376,737.022949,-300.961884
300,460,-290,300.272949,467.022888,-290.962006
480,460,-240,480.272949,466.99884,-240.962006
480,580,-120,480.194763,600.959595,-119.01915
300,460,-90,300.195221,480.990082,-89.0192413
380,730,-90,380.195221,750.944458,-89.0192413
480,900,-120,480.479401,907.535767,-119.122406
380,780,-90,380.479401,787.533997,-89.122406
120,1100,120,120.481285,1107.54932,120.876564
310,780,-670,310.97467,782.254761,-670.223633
300,460,-290,300.974701,462.227997,-290.223511
380,730,-300,380.975006,732.242981,-300.222168
380,730,-90,380.979706,737.440857,-89.7996597
220,0,373,220.977036,7.27307701,373.213074
310,780,260,310.976868,787.404236,260.213837
220,0,373,220.99292,4.57189178,372.881226
380,730,-90,380.99295,734.572083,-90.1183701
300,460,-90,300.99295,464.565643,-90.1183701
310,780,-670,310.998047,794.602783,-670.062195
240,0,-750,240.998093,14.5517464,-750.061707
300,410,-290,300.997986,424.595459,-290.063293
-120,460,380,-119.000092,466.04715,379.986481
-120,460,450,-119.000092,466.04715,449.986481
-80,700,380,-79.0000916,706.039673,379.986481
-820,1020,-90,-820.909729,1024.6283,-89.5848007
-820,1100,-30,-820.909729,1104.6283,-29.5847988
-642,936,230,-642.911621,940.635071,230.410858
-631,860,230,-631.850037,869.950378,230.526703
-820,780,-90,-820.84436,789.958801,-89.4642258
-642,936,230,-642.850037,945.94104,230.526703
380,780,-300,380.512665,833.711914,-300.858582
480,780,-240,480.512634,833.681396,-240.858582
413,900,-283,413.512726,953.79071,-283.858551
120,1100,-480,120.540977,1143.01208,-480.841034
380,780,-300,380.544922,823.030823,-300.83847
413,900,-283,413.544891,942.980225,-283.838501
413,900,-283,413.544861,927.214844,-283.838501
480,900,-240,480.544891,927.224609,-240.838501
120,1100,-480,120.540169,1127.16016,-480.841522
-320,0,-1490,-320.042267,4.38666391,-1489.00098
-320,36,-1478,-320.042267,40.3863373,-1477.00098
-40,36,-1478,-40.0425262,40.3863373,-1477.00098
-320,0,-1490,-320.042267,4.38666391,-1489.00098
-40,36,-1478,-40.0425262,40.3863373,-1477.00098
-40,0,-1490,-40.0425262,4.38666391,-1489.00098
-40,0,-1450,-40.0425262,1.77219057,-1450.99902
-40,36,-1462,-40.0425262,37.7722511,-1462.99902
-320,36,-1462,-320.042267,37.7722511,-1462.99902
-40,0,-1450,-40.0425262,1.77219057,-1450.99902
-320,36,-1462,-320.042267,37.7722511,-1462.99902
-320,0,-1450,-320.042267,1.77219057,-1450.99902
-120,-40,-120,-119.000084,-37.6505127,-120.012543
-120,-40,0,-119.000092,-37.650547,-0.0130093265
-110,5,0,-109.000092,7.35089445,-0.0130093265
-120,-40,-120,-119.000084,-37.6505127,-120.012543
-110,5,0,-109.000092,7.35089445,-0.0130093265
-110,5,-120,-109.000084,7.35089445,-120.012543
-250,5,0,-250.999069,9.33124352,-0.043009311
-240,-40,0,-240.999069,-35.6701965,-0.043009311
-240,-40,-120,-240.999039,-35.6703377,-120.043526
-250,5,0,-250.999069,9.33124352,-0.043009311
-240,-40,-120,-240.999039,-35.6703377,-120.043526
-250,5,-120,-250.999039,9.33110237,-120.043526
1240,460,-740,1240.99902,465.603943,-740.042969
1250,550,-740,1250.99902,555.592896,-740.042969
1250,550,-900,1250.99902,555.592896,-900.042969
1240,460,-740,1240.99902,465.603943,-740.042969
1250,550,-900,1250.99902,555.592896,-900.042969
1240,460,-900,1240.99902,465.603943,-900.042969
960,460,-480,959.956543,467.884705,-480.999054
960,530,-490,959.956543,537.884705,-490.999054
840,530,-490,839.956543,537.884705,-490.999054
960,460,-480,959.956543,467.884705,-480.999054
840,530,-490,839.956543,537.884705,-490.999054
840,460,-480,839.956543,467.884705,-480.999054
840,460,-520,839.955872,468.171265,-519.000977
840,530,-510,839.957947,538.171936,-509.000885
960,530,-510,959.957947,538.171936,-509.000885
840,460,-520,839.955872,468.171265,-519.000977
960,530,-510,959.957947,538.171936,-509.000885
960,460,-520,959.955872,468.171265,-519.000977
-1800,60,-460,-1799.00098,61.0590096,-460.042267
-1800,60,100,-1799.00098,61.0590096,99.9558182
-1260,720,100,-1259.00098,721.06189,99.9558182
-1800,60,-460,-1799.00098,61.0590096,-460.042267
-1260,720,100,-1259.00098,721.06189,99.9558182
-1260,720,-460,-1259.00098,721.06189,-460.042267
-3203,1161,-1609,-3203.04297,1180.81067,-1609.99902
-3200,1182,-1610,-3200.04297,1201.80298,-1610.99902
-3241,1182,-1610,-3241.04297,1201.80298,-1610.99902
-3203,1161,-1609,-3203.04297,1180.81067,-1609.99902
-3241,1182,-1610,-3241.04297,1201.80298,-1610.99902
-3238,1161,-1609,-3238.04297,1180.81067,-1609.99902
-3203,1205,-1600,-3203.99902,1212.94238,-1600.04297
-3200,1182,-1610,-3200.99902,1189.94531,-1610.04297
-3203,1210,-1640,-3203.99902,1217.94348,-1640.04297
-3241,1182,-1610,-3240.00098,1186.16309,-1610.04297
-3238,1205,-1600,-3237.00098,1209.16016,-1600.04297
-3238,1210,-1640,-3237.00098,1214.16125,-1640.04297
-3200,1111,-1542,-3200.04297,1114.22192,-1542.99902
-3203,1161,-1555,-3203.04297,1164.224,-1555.99902
-3238,1161,-1555,-3238.04297,1164.224,-1555.99902
-3200,1111,-1542,-3200.04297,1114.22192,-1542.99902
-3238,1161,-1555,-3238.04297,1164.224,-1555.99902
-3241,1111,-1542,-3241.04297,1114.22192,-1542.99902
-3207,1183,-1546,-3207.98218,1184.12122,-1546.18628
-3200,1182,-1576,-3200.98413,1183.12073,-1576.17676
-3215,1198,-1568,-3215.98242,1199.12097,-1568.1864
-3200,1182,-1610,-3200.99316,1186.52075,-1609.88379
-3203,1205,-1600,-3203.99512,1209.51917,-1599.90137
-3200,1199,-1584,-3200.99316,1203.51965,-1583.88379
-3226,1198,-1568,-3225.01562,1198.68445,-1568.17554
-3241,1182,-1576,-3240.01562,1182.68457,-1576.17542
-3235,1183,-1546,-3234.01562,1183.68445,-1546.17578
-3241,1199,-1584,-3240.00879,1205.91895,-1583.8678
-3238,1205,-1600,-3237.00879,1211.9198,-1599.8678
-3241,1182,-1610,-3240.00879,1188.92004,-1609.8678
-3238,1161,-1555,-3237.02319,1185.6449,-1555.21387
-3235,1183,-1546,-3234.02222,1207.64307,-1546.20898
-3241,1182,-1576,-3240.02148,1206.64709,-1576.20544
-3200,1182,-1576,-3200.97827,1195.2428,-1576.20667
-3207,1183,-1546,-3207.97827,1196.23914,-1546.20691
-3203,1161,-1555,-3203.97241,1174.24414,-1555.23242
-3226,1198,-1568,-3225.28345,1200.21802,-1568.69751
-3241,1199,-1584,-3240.28442,1201.21887,-1584.69849
-3241,1182,-1576,-3240.28442,1184.21802,-1576.69849
-3200,1182,-1576,-3200.71606,1185.37109,-1576.698
-3200,1199,-1584,-3200.71582,1202.37231,-1584.69824
-3215,1198,-1568,-3215.71606,1201.37134,-1568.698
-3238,1161,-1609,-3237.00098,1182.87927,-1609.04297
-3241,1111,-1609,-3240.00098,1132.86658,-1609.04297
-3241,1111,-1542,-3240.00098,1132.86658,-1542.04297
-3238,1161,-1609,-3237.00098,1182.87927,-1609.04297
-3241,1111,-1542,-3240.00098,1132.86658,-1542.04297
-3238,1161,-1555,-3237.00098,1182.87927,-1555.04297
-3200,1111,-1542,-3200.99902,1122.88525,-1542.04297
-3200,1111,-1609,-3200.99902,1122.88525,-1609.04297
-3203,1161,-1609,-3203.99902,1172.89795,-1609.04297
-3203,1161,-1555,-3203.99902,1172.89795,-1555.04297
-3200,1111,-1542,-3200.99902,1122.88525,-1542.04297
-3203,1161,-1609,-3203.99902,1172.89795,-1609.04297
-3002,1161,-1609,-3002.04297,1180.81067,-1609.99902
-2999,1182,-1610,-2999.04297,1201.80298,-1610.99902
-3040,1182,-1610,-3040.04297,1201.80298,-1610.99902
-3002,1161,-1609,-3002.04297,1180.81067,-1609.99902
-3040,1182,-1610,-3040.04297,1201.80298,-1610.99902
-3037,1161,-1609,-3037.04297,1180.81067,-1609.99902
-3002,1205,-1600,-3002.99902,1209.24377,-1600.04297
-2999,1182,-1610,-2999.99902,1186.2467,-1610.04297
-3002,1210,-1640,-3002.99902,1214.24487,-1640.04297
-3040,1182,-1610,-3039.00098,1189.86182,-1610.04297
-3037,1205,-1600,-3036.00098,1212.85889,-1600.04297
-3037,1210,-1640,-3036.00098,1217.85986,-1640.04297
-2999,1111,-1542,-2999.04297,1114.22192,-1542.99902
-3002,1161,-1555,-3002.04297,1164.224,-1555.99902
-3037,1161,-1555,-3037.04297,1164.224,-1555.99902
-2999,1111,-1542,-2999.04297,1114.22192,-1542.99902
-3037,1161,-1555,-3037.04297,1164.224,-1555.99902
-3040,1111,-1542,-3040.04297,1114.22192,-1542.99902
-3005,1183,-1546,-3005.98438,1184.34058,-1546.17578
-2999,1182,-1576,-2999.98926,1183.3407,-1576.14526
-3014,1198,-1568,-3014.98535,1199.3407,-1568.16992
-2999,1182,-1610,-2999.99512,1189.89343,-1609.90137
-3002,1205,-1600,-3002.99414,1212.89319,-1599.89197
-2999,1199,-1584,-2999.99512,1206.89233,-1583.90137
-3025,1198,-1568,-3024.02319,1199.51477,-1568.21387
-3040,1182,-1576,-3039.02319,1183.51453,-1576.21387
-3033,1183,-1546,-3032.02319,1184.51501,-1546.21387
-3040,1199,-1584,-3039.00879,1202.54626,-1583.8678
-3037,1205,-1600,-3036.00879,1208.54712,-1599.8678
-3040,1182,-1610,-3039.00879,1185.54736,-1609.8678
-3037,1161,-1555,-3036.02905,1177.70996,-1555.23926
-3033,1183,-1546,-3032.03003,1199.70496,-1546.24316
-3040,1182,-1576,-3039.03003,1198.70862,-1576.24316
-2999,1182,-1576,-2999.98242,1207.14734,-1576.1864
-3005,1183,-1546,-3005.98047,1208.14795,-1546.19617
-3002,1161,-1555,-3002.98022,1186.14966,-1555.19727
-3025,1198,-1568,-3024.2832,1201.54614,-1568.69727
-3040,1199,-1584,-3039.28345,1202.54712,-1584.69751
-3040,1182,-1576,-3039.28418,1185.5459,-1576.69824
-2999,1182,-1576,-2999.7334,1184.04248,-1576.67969
-2999,1199,-1584,-2999.71509,1201.04443,-1584.69897
-3014,1198,-1568,-3014.71509,1200.04272,-1568.69897
-3037,1161,-1609,-3036.00098,1176.83264,-1609.04297
-3040,1111,-1609,-3039.00098,1126.81982,-1609.04297
-3040,1111,-1542,-3039.00098,1126.81982,-1542.04297
-3037,1161,-1609,-3036.00098,1176.83264,-1609.04297
-3040,1111,-1542,-3039.00098,1126.81982,-1542.04297
-3037,1161,-1555,-3036.00098,1176.83264,-1555.04297
-2999,1111,-1542,-2999.99902,1128.92786,-1542.04297
-2999,1111,-1609,-2999.99902,1128.92786,-1609.04297
-3002,1161,-1609,-3002.99902,1178.94067,-1609.04297
-3002,1161,-1555,-3002.99902,1178.94067,-1555.04297
-2999,1111,-1542,-2999.99902,1128.92786,-1542.04297
-3002,1161,-1609,-3002.99902,1178.94067,-1609.04297
-2940,1020,-1340,-2940.04297,1029.0752,-1340.99902
-2940,1090,-1350,-2940.04297,1099.07471,-1350.99902
-3300,1090,-1350,-3300.04297,1099.07471,-1350.99902
-2940,1020,-1340,-2940.04297,1029.0752,-1340.99902
-3300,1090,-1350,-3300.04297,1099.07471,-1350.99902
-3300,1020,-1340,-3300.04297,1029.0752,-1340.99902
-1580,-51,-1827,-1580.14526,-50.4182587,-1826.01062
-1620,-42,-1826,-1620.14514,-41.4190521,-1825.01062
-1620,-23,-1812,-1620.14514,-22.419529,-1811.01062
-1580,-51,-1810,-1580.28381,-48.6802864,-1810.95886
-1620,-23,-1812,-1620.28259,-20.6799622,-1812.95923
-1620,-42,-1803,-1620.26855,-39.6798248,-1803.96313
-1580,-51,-1810,-1580.32031,-49.20578,-1810.94727
-1620,-42,-1803,-1620.31641,-40.2052841,-1803.94861
-1580,-61,-1803,-1580.32239,-59.2059174,-1803.94653
-1561,-126,-1805,-1560.03003,-119.80497,-1804.75684
-1557,-102,-1800,-1556.03003,-95.8062897,-1799.75684
-1556,-103,-1805,-1555.02917,-96.8056717,-1804.76025
-1561,-126,-1805,-1560.04883,-122.272835,-1804.69141
-1562,-125,-1801,-1561.0437,-121.272583,-1800.70764
-1557,-102,-1800,-1556.0437,-98.2741318,-1799.70764
-1536,-103,-1803,-1536.18567,-102.191841,-1803.98254
-1557,-102,-1800,-1557.18555,-101.192017,-1800.98254
-1514,-111,-1800,-1514.18555,-110.191788,-1800.98254
-1483,-140,-1808,-1483.13843,-118.856613,-1808.99036
-1521,-137,-1803,-1521.13086,-115.853996,-1803.99133
-1475,-156,-1808,-1475.13086,-134.861526,-1808.99133
-1483,-140,-1808,-1483.07593,-54.6851234,-1808.99707
-1486,-112,-1808,-1486.07617,-26.7312603,-1808.99707
-1513,-107,-1806,-1513.07568,-21.7653732,-1806.99707
-1483,-140,-1808,-1483.13086,-125.355392,-1808.99133
-1513,-107,-1806,-1513.14453,-92.3583374,-1806.98938
-1521,-137,-1803,-1521.13086,-122.353539,-1803.99133
-1561,-126,-1805,-1560.95593,-40.1420593,-1805.99902
-1556,-103,-1805,-1555.95593,-17.1696243,-1805.99902
-1620,-104,-1808,-1619.95593,-18.0890007,-1808.99902
-1620,-104,-1865,-1619.95605,7.30723953,-1864.00098
-1556,-103,-1868,-1555.95593,8.22661495,-1867.00098
-1561,-126,-1868,-1560.95593,-14.7458191,-1867.00098
-1557,-102,-1893,-1556.00098,-98.4568253,-1893.04297
-1562,-125,-1892,-1561.00098,-121.454979,-1892.04297
-1561,-126,-1868,-1560.00098,-122.453812,-1868.04297
-1556,-103,-1868,-1555.00098,-99.1110229,-1868.04297
-1557,-102,-1893,-1556.00195,-98.1123505,-1893.06128
-1561,-126,-1868,-1560.00195,-122.110466,-1868.06055
-1580,-61,-1870,-1580.32312,-59.6526756,-1869.05371
-1620,-42,-1870,-1620.32239,-40.6522636,-1869.05347
-1580,-51,-1863,-1580.32227,-49.6527596,-1862.05347
-1620,-42,-1870,-1620.27014,-39.4082413,-1869.03723
-1620,-23,-1861,-1620.28259,-20.4086742,-1860.04077
-1580,-51,-1863,-1580.28381,-48.4089966,-1862.04114
-1620,-23,-1861,-1620.16895,-21.8559799,-1861.9856
-1620,-42,-1847,-1620.17529,-40.8551407,-1847.9845
-1580,-51,-1847,-1580.1748,-49.8551254,-1847.9845
-1536,-103,-1803,-1536.60156,-100.719482,-1803.79858
-1522,-93,-1821,-1522.60938,-90.7190857,-1821.79272
-1580,-51,-1810,-1580.58997,-48.7182617,-1810.80737
-1536,-103,-1803,-1536.55688,-101.207848,-1803.83057
-1580,-51,-1810,-1580.55701,-49.2070122,-1810.83044
-1580,-61,-1803,-1580.55664,-59.2073135,-1803.83057
-1580,-51,-1863,-1580.57251,-48.9110832,-1862.18018
-1522,-93,-1852,-1522.57275,-90.91259,-1851.1803
-1536,-103,-1869,-1536.57275,-100.912521,-1868.1803
-1580,-51,-1863,-1580.57275,-50.2685089,-1862.1803
-1536,-103,-1869,-1536.57312,-102.266678,-1868.18054
-1580,-61,-1870,-1580.57275,-60.2683258,-1869.1803
-1470,-202,-1814,-1470.99902,-190.812592,-1814.04297
-1470,-202,-1858,-1470.99902,-190.812592,-1858.04297
-1475,-156,-1865,-1475.99902,-144.815689,-1865.04297
-1470,-202,-1814,-1470.99902,-190.812592,-1814.04297
-1475,-156,-1865,-1475.99902,-144.815689,-1865.04297
-1475,-156,-1808,-1475.99902,-144.815689,-1808.04297
-1443,-143,-1854,-1443.24316,-141.938095,-1853.03003
-1427,-137,-1847,-1427.23926,-135.938141,-1846.02905
-1412,-150,-1850,-1412.24451,-148.93808,-1849.0304
-1412,-150,-1823,-1412.22302,-147.675476,-1823.97473
-1427,-137,-1825,-1427.22302,-134.676041,-1825.97473
-1443,-143,-1819,-1443.22266,-140.676514,-1819.97485
-1443,-143,-1854,-1443.18567,-139.867355,-1853.01746
-1412,-164,-1856,-1412.20532,-160.867416,-1855.02136
-1475,-156,-1865,-1475.18555,-152.869064,-1864.01746
-1443,-143,-1854,-1443.23962,-140.924332,-1853.02917
-1412,-150,-1850,-1412.21387,-147.924591,-1849.02319
-1412,-164,-1856,-1412.22388,-161.924484,-1855.02539
-1475,-156,-1808,-1475.18665,-153.778641,-1808.98242
-1412,-164,-1817,-1412.19556,-161.776993,-1817.98059
-1443,-143,-1819,-1443.18567,-140.777283,-1819.98254
-1412,-164,-1817,-1412.22266,-160.487579,-1817.97485
-1412,-150,-1823,-1412.24011,-146.487701,-1823.9707
-1443,-143,-1819,-1443.22278,-139.486801,-1819.97485
-1472,-116,-1836,-1472.85205,-110.314392,-1835.47656
-1466,-138,-1836,-1466.85205,-132.314255,-1835.47656
-1483,-140,-1865,-1483.84985,-134.313934,-1864.47302
-1472,-116,-1836,-1472.91089,-109.772949,-1835.5874
-1483,-140,-1865,-1483.90479,-133.774109,-1864.57422
-1486,-112,-1865,-1486.90479,-105.774971,-1864.57422
-1483,-140,-1808,-1483.85779,-134.421494,-1808.51367
-1466,-138,-1836,-1466.84888,-132.421005,-1836.52832
-1472,-116,-1836,-1472.85205,-110.420052,-1836.52344
-1483,-140,-1808,-1483.90479,-132.315201,-1808.42578
-1472,-116,-1836,-1472.90527,-108.315933,-1836.4248
-1486,-112,-1808,-1486.90466,-104.31987,-1808.42578
-1521,-137,-1870,-1521.0979,-119.486916,-1869.00488
-1513,-107,-1867,-1513.0979,-89.4886322,-1866.00488
-1486,-112,-1865,-1486.08777,-94.4912949,-1864.00391
-1521,-137,-1870,-1521.13843,-35.4361496,-1869.00964
-1486,-112,-1865,-1486.13086,-10.4498978,-1864.00867
-1483,-140,-1865,-1483.1377,-38.4403839,-1864.00964
-1475,-156,-1865,-1475.15137,-144.143494,-1864.0116
-1521,-137,-1870,-1521.13782,-125.135948,-1869.00964
-1483,-140,-1865,-1483.15137,-128.140366,-1864.0116
-1472,-116,-1836,-1472.93176,-114.721275,-1835.63696
-1486,-112,-1865,-1486.93152,-110.721024,-1864.63635
-1485,-105,-1852,-1485.93176,-103.721176,-1851.63696
-1481,-106,-1836,-1481.98035,-104.798058,-1835.80273
-1472,-116,-1836,-1472.98254,-114.798119,-1835.81409
-1485,-105,-1852,-1485.98218,-103.798271,-1851.8125
-1485,-105,-1821,-1485.93127,-103.459518,-1821.36426
-1486,-112,-1808,-1486.92542,-110.459183,-1808.37866
-1472,-116,-1836,-1472.92932,-114.460045,-1836.3689
-1481,-106,-1836,-1481.9823,-105.021065,-1836.18713
-1485,-105,-1821,-1485.9823,-104.021004,-1821.18713
-1472,-116,-1836,-1472.9823,-115.02095,-1836.18713
-1452,-264,-2078,-1452.99109,-262.279022,-2078.13281
-1350,-405,-2078,-1350.99231,-403.277832,-2078.12378
-1340,-405,-2150,-1340.99207,-403.278656,-2150.125
-1440,-264,-2150,-1440.98816,-262.850739,-2150.15332
-1452,-264,-2078,-1452.98914,-262.850952,-2078.14624
-1340,-405,-2150,-1340.98816,-403.850555,-2150.15332
1146,508,245,1145.95801,509.134857,245.999115
1160,508,245,1159.95801,509.134857,245.999115
1160,460,220,1159.95764,461.133392,220.9991
1146,508,245,1145.95801,509.134857,245.999115
1160,460,220,1159.95764,461.133392,220.9991
1146,460,220,1145.95764,461.133392,220.9991
-2480,200,-2430,-2480.04297,202.031204,-2429.00098
-2620,135,-2450,-2620.04297,137.029449,-2449.00098
-2743,200,-2430,-2743.04297,202.031204,-2429.00098
-2480,200,-2430,-2480.04297,202.031204,-2429.00098
-2500,135,-2450,-2500.04297,137.029449,-2449.00098
-2620,135,-2450,-2620.04297,137.029449,-2449.00098
-2480,180,-2710,-2479.00073,183.767853,-2709.96191
-2500,135,-2570,-2499.00098,138.774139,-2569.95605
-2480,200,-2430,-2479.00098,203.776184,-2429.95898
-2500,135,-2570,-2499.00098,137.747559,-2570.04297
-2500,135,-2450,-2499.00098,137.747559,-2450.04297
-2480,200,-2430,-2479.00098,202.749313,-2430.04297
-2700,255,-4320,-2699.50977,256.898834,-4319.12842
-2725,190,-4360,-2724.51855,191.896805,-4359.12354
-2760,190,-4340,-2759.49707,191.897644,-4339.13574
-2725,190,-4400,-2724.00098,193.76709,-4400.04297
-2725,190,-4360,-2724.00098,193.76709,-4360.04297
-2700,255,-4320,-2699.00098,258.765533,-4320.04297
-2700,255,-4320,-2699.00098,258.765533,-4320.04297
-2700,255,-4440,-2699.00098,258.765533,-4440.04297
-2725,190,-4400,-2724.00098,193.76709,-4400.04297
-2795,190,-4400,-2795.50708,191.139053,-4400.86182
-2760,190,-4420,-2760.5127,191.139053,-4420.8584
-2820,255,-4440,-2820.51172,256.140228,-4440.85889
-2760,190,-4420,-2760.04297,192.115356,-4420.99902
-2700,255,-4440,-2700.04297,257.11792,-4440.99902
-2820,255,-4440,-2820.04297,257.11792,-4440.99902
-2760,190,-4420,-2759.49707,190.91655,-4420.86426
-2725,190,-4400,-2724.51953,190.916138,-4400.87695
-2700,255,-4440,-2699.49707,255.917938,-4440.86426
-2820,255,-4320,-2820.99902,258.984528,-4320.04297
-2795,190,-4360,-2795.99902,193.986084,-4360.04297
-2795,190,-4400,-2795.99902,193.986084,-4400.04297
-2820,255,-4320,-2820.99902,258.984528,-4320.04297
-2795,190,-4400,-2795.99902,193.986084,-4400.04297
-2820,255,-4440,-2820.99902,258.984528,-4440.04297
-2820,255,-4320,-2820.50293,257.121124,-4319.13574
-2760,190,-4340,-2760.50293,192.119736,-4339.13574
-2795,190,-4360,-2795.48926,192.119522,-4359.12793
-2700,255,-4320,-2700.04297,258.406403,-4319.00098
-2760,190,-4340,-2760.04297,193.403809,-4339.00098
-2820,255,-4320,-2820.04297,258.406403,-4319.00098
-2500,135,-2450,-2499.00098,136.269089,-2450.04297
-2500,135,-2570,-2499.00098,136.269089,-2570.04297
-2525,105,-2530,-2524.00098,106.269722,-2530.04297
-2525,105,-2530,-2524.00098,106.269722,-2530.04297
-2525,105,-2490,-2524.00098,106.269722,-2490.04297
-2500,135,-2450,-2499.00098,136.269089,-2450.04297
-2500,135,-2450,-2500.04297,135.734421,-2449.00098
-2560,105,-2470,-2560.04297,105.734451,-2469.00098
-2620,135,-2450,-2620.04297,135.734421,-2449.00098
-2620,135,-2450,-2620.99902,136.651779,-2450.04297
-2595,105,-2490,-2595.99902,106.652222,-2490.04297
-2595,105,-2530,-2595.99902,106.652222,-2530.04297
-2620,135,-2450,-2620.99902,136.651779,-2450.04297
-2595,105,-2530,-2595.99902,106.652222,-2530.04297
-2620,135,-2570,-2620.99902,136.651779,-2570.04297
-2560,105,-2550,-2560.04297,107.400772,-2550.99902
-2500,135,-2570,-2500.04297,137.400742,-2570.99902
-2620,135,-2570,-2620.04297,137.400742,-2570.99902
-2220,135,-3330,-2220.04297,137.158661,-3329.00098
-2280,105,-3350,-2280.04297,107.158699,-3349.00098
-2340,135,-3330,-2340.04297,137.158661,-3329.00098
-2340,135,-3330,-2340.99902,136.496567,-3330.04297
-2315,105,-3370,-2315.99902,106.497009,-3370.04297
-2315,105,-3410,-2315.99902,106.497009,-3410.04297
-2340,135,-3330,-2340.99902,136.496567,-3330.04297
-2315,105,-3410,-2315.99902,106.497009,-3410.04297
-2340,135,-3450,-2340.99902,136.496567,-3450.04297
-2200,190,-3470,-2199.07397,191.452698,-3470.37744
-2220,135,-3450,-2219.07397,136.45195,-3450.3772
-2140,190,-3321,-2139.07397,191.450409,-3321.37744
-2220,135,-3330,-2219.00098,136.424301,-3330.04297
-2220,135,-3450,-2219.00098,136.424301,-3450.04297
-2245,105,-3410,-2244.00098,106.424744,-3410.04297
-2245,105,-3410,-2244.00098,106.424744,-3410.04297
-2245,105,-3370,-2244.00098,106.424744,-3370.04297
-2220,135,-3330,-2219.00098,136.424301,-3330.04297
-2280,105,-3430,-2280.04297,105.976517,-3430.99902
-2220,135,-3450,-2220.04297,135.976486,-3450.99902
-2340,135,-3450,-2340.04297,135.976486,-3450.99902
-2220,135,-3450,-2220.04297,138.125443,-3450.99902
-2200,190,-3470,-2200.04297,193.125015,-3470.99902
-2360,190,-3470,-2360.04297,193.125015,-3470.99902
-2220,135,-3450,-2220.04297,138.125443,-3450.99902
-2360,190,-3470,-2360.04297,193.125015,-3470.99902
-2340,135,-3450,-2340.04297,138.125443,-3450.99902
-2410,190,-3325,-2410.94824,192.712662,-3325.31738
-2340,135,-3450,-2340.94629,137.712158,-3450.32324
-2360,190,-3470,-2360.94897,192.713821,-3470.31519
-2140,135,-2730,-2140.99902,135.49321,-2730.04297
-2115,105,-2770,-2115.99902,105.493652,-2770.04297
-2115,105,-2810,-2115.99902,105.493652,-2810.04297
-2140,135,-2730,-2140.99902,135.49321,-2730.04297
-2115,105,-2810,-2115.99902,105.493652,-2810.04297
-2140,135,-2850,-2140.99902,135.49321,-2850.04297
-2020,135,-2730,-2020.04297,135.777985,-2729.00098
-2080,105,-2750,-2080.04297,105.778023,-2749.00098
-2140,135,-2730,-2140.04297,135.777985,-2729.00098
-2045,105,-2810,-2044.00098,105.866241,-2810.04297
-2045,105,-2770,-2044.00098,105.866241,-2770.04297
-2020,135,-2730,-2019.00098,135.865616,-2730.04297
-2020,135,-2730,-2019.00098,135.865616,-2730.04297
-2020,135,-2850,-2019.00098,135.865616,-2850.04297
-2045,105,-2810,-2044.00098,105.866241,-2810.04297
-2080,105,-2830,-2080.04297,107.357201,-2830.99902
-2020,135,-2850,-2020.04297,137.357162,-2850.99902
-2140,135,-2850,-2140.04297,137.357162,-2850.99902
-2020,135,-2730,-2020.04297,136.202332,-2729.00098
-2140,135,-2730,-2140.04297,136.202332,-2729.00098
-1920,190,-2700,-1920.04297,191.200333,-2699.00098
-1840,190,-2750,-1840.99902,193.555435,-2750.04297
-1820,135,-2770,-1820.99902,138.55658,-2770.04297
-1820,135,-2890,-1820.99902,138.55658,-2890.04297
-1840,190,-2750,-1840.99902,193.555435,-2750.04297
-1820,135,-2890,-1820.99902,138.55658,-2890.04297
-1840,190,-2910,-1840.99902,193.555435,-2910.04297
-1680,190,-2590,-1680.71582,191.661026,-2589.30176
-1820,135,-2770,-1820.71582,136.659424,-2769.30176
-1840,190,-2750,-1840.71582,191.661026,-2749.30176
-1840,190,-2700,-1839.04102,192.16597,-2700.28345
-1820,135,-2570,-1819.04077,137.163193,-2570.28247
-1760,190,-2430,-1759.04077,192.156845,-2430.28247
-1940,135,-2450,-1940.04297,138.876984,-2449.00098
-2080,190,-2430,-2080.04297,193.876556,-2429.00098
-1760,190,-2430,-1760.04297,193.876556,-2429.00098
-1940,135,-2450,-1940.04297,138.876984,-2449.00098
-1760,190,-2430,-1760.04297,193.876556,-2429.00098
-1820,135,-2450,-1820.04297,138.876984,-2449.00098
-1940,135,-2450,-1940.9989,136.051712,-2450.04297
-1915,105,-2490,-1915.99902,106.052345,-2490.04297
-1915,105,-2530,-1915.99902,106.052345,-2530.04297
-1940,135,-2450,-1940.9989,136.051712,-2450.04297
-1915,105,-2530,-1915.99902,106.052345,-2530.04297
-1940,135,-2570,-1940.9989,136.051712,-2570.04297
-1820,135,-2450,-1820.04297,135.734421,-2449.00098
-1880,105,-2470,-1880.04297,105.734451,-2469.00098
-1940,135,-2450,-1940.04297,135.734421,-2449.00098
-1845,105,-2530,-1844.00098,106.869598,-2530.04297
-1845,105,-2490,-1844.00098,106.869598,-2490.04297
-1820,135,-2450,-1819.00098,136.869156,-2450.04297
-1820,135,-2450,-1819.00098,136.869156,-2450.04297
-1820,135,-2570,-1819.00098,136.869156,-2570.04297
-1845,105,-2530,-1844.00098,106.869598,-2530.04297
-1880,105,-2550,-1880.04297,107.400772,-2550.99902
-1820,135,-2570,-1820.04297,137.400742,-2570.99902
-1940,135,-2570,-1940.04297,137.400742,-2570.99902
-2080,190,-2430,-2080.82935,191.192978,-2430.55859
-1940,135,-2570,-1940.82068,136.201019,-2570.57129
-1920,190,-2660,-1920.82068,191.203445,-2660.57129
-1725,105,-2850,-1724.00098,105.597191,-2850.04297
-1725,105,-2810,-1724.00098,105.597191,-2810.04297
-1700,135,-2770,-1699.00098,135.596756,-2770.04297
-1700,135,-2770,-1700.04297,137.07196,-2769.00098
-1760,105,-2790,-1760.04297,107.071999,-2789.00098
-1820,135,-2770,-1820.04297,137.07196,-2769.00098
-1820,135,-2770,-1820.9989,135.76207,-2770.04297
-1795,105,-2810,-1795.9989,105.762512,-2810.04297
-1795,105,-2850,-1795.9989,105.762512,-2850.04297
-1820,135,-2770,-1820.9989,135.76207,-2770.04297
-1795,105,-2850,-1795.9989,105.762512,-2850.04297
-1820,135,-2890,-1820.9989,135.76207,-2890.04297
-1760,105,-2870,-1760.04297,106.063225,-2870.99902
-1700,135,-2890,-1700.04297,136.063187,-2890.99878
-1820,135,-2890,-1820.04297,136.063187,-2890.99878
-1700,135,-2770,-1699.00098,135.596756,-2770.04297
-1700,135,-2890,-1699.00098,135.596756,-2890.04297
-1725,105,-2850,-1724.00098,105.597191,-2850.04297
-1680,190,-2910,-1679.00098,193.408997,-2910.04297
-1700,135,-2890,-1699.00098,138.409775,-2890.04297
-1700,135,-2770,-1699.00098,138.409775,-2770.04297
-1680,190,-2910,-1679.00098,193.408997,-2910.04297
-1700,135,-2770,-1699.00098,138.409775,-2770.04297
-1680,190,-2590,-1679.00098,193.408997,-2590.04297
-1840,190,-2910,-1840.04297,192.303467,-2910.99902
-1820,135,-2890,-1820.04297,137.303894,-2890.99878
-1700,135,-2890,-1700.04297,137.303894,-2890.99878
-1840,190,-2910,-1840.04297,192.303467,-2910.99902
-1700,135,-2890,-1700.04297,137.303894,-2890.99878
-1680,190,-2910,-1680.04297,192.303467,-2910.99902
