956,0,783,956.969482,1.87148416,783.245117
1020,79,713,1020.96948,80.8692017,713.245056
992,0,646,992.964661,1.87098336,646.263489
1032,100,579,1032.77319,101.020599,578.365845
925,0,564,925.773804,1.02235949,563.366577
992,0,646,992.772949,1.02101815,645.36554
1020,79,713,1019.51855,82.7898865,712.123535
956,0,783,955.518555,3.79279447,782.123535
1068,0,723,1067.52026,3.79081583,722.12262
1344,0,569,1343.51855,2.52539301,568.123535
1213,84,599,1212.51038,86.5251083,598.128113
1197,0,650,1196.51855,2.52205777,649.123535
1146,0,423,1145.03015,0.52443248,423.243622
1084,100,549,1083.02905,100.526741,549.239258
1174,0,536,1173.02905,0.525342166,536.239258
1213,84,599,1212.8092,85.2401733,599.981628
1344,0,569,1343.81311,1.2389462,569.982361
1174,0,536,1173.81274,1.24281931,536.9823
972,149,627,972.570679,156.388092,627.821167
1059,146,565,1059.57068,153.382462,565.821167
1032,100,579,1032.57239,107.379158,579.819946
1032,100,579,1032.4967,127.428795,579.86792
1059,146,565,1059.49548,173.398621,565.868591
1084,100,549,1084.49585,127.412354,549.868408
1084,100,549,1084.84216,107.781433,549.539001
1146,0,423,1146.84619,7.77667236,423.532745
1076,0,535,1076.84412,7.7827487,535.536011
1032,100,579,1031.95593,109.489243,579.999023
1024,0,565,1023.95587,9.48830986,565.999023
925,0,564,924.955872,9.49317932,564.999023
1068,189,627,1067.06799,189.614716,626.637573
1068,149,723,1067.06812,149.615845,722.637268
1091,170,614,1090.06848,170.614243,613.636353
1114,189,602,1114.17493,190.042114,601.015442
1091,170,614,1091.17505,171.042557,613.015442
1197,149,650,1197.17603,150.043243,649.015625
1162,149,519,1162.40234,155.783493,519.915466
1084,100,549,1084.40234,106.801544,549.915466
1059,146,565,1059.40247,152.798187,565.915405
1114,189,602,1114.74341,190.862808,602.668823
1162,149,519,1162.74341,150.859833,519.668762
1091,170,614,1091.74329,171.862198,614.668762
1068,189,627,1068.18555,190.940903,627.982605
1091,170,614,1091.18567,171.940445,614.982605
972,149,627,972.185608,150.940933,627.982605
61,76,1010,60.9558182,122.617882,1010.99902
-79,76,1007,-79.0425262,122.644905,1007.99908
-45,100,1008,-45.0425262,146.665802,1008.99908
-294,-80,1325,-293.21167,-79.3136368,1325.61523
-179,25,1289,-178.212326,25.6852436,1289.61609
-185,-80,1188,-184.212234,-79.3123398,1188.61597
-121,7,1121,-120.055794,7.97624397,1120.67065
-249,-80,1004,-248.060944,-79.0215912,1003.65625
-185,-80,1188,-184.058823,-79.0225677,1187.66211
0,-80,1554,0.82944721,-79.3428345,1553.44153
-15,12,1396,-14.1686754,12.6584234,1395.44421
-119,-80,1375,-118.166161,-79.3422546,1374.448
-179,25,1289,-178.726044,25.9583549,1288.03833
-294,-80,1325,-293.727539,-79.039299,1324.03784
-119,-80,1375,-118.733177,-79.0450211,1374.03625
272,-80,1339,271.797943,-78.6066132,1338.02063
116,9,1293,115.798523,10.3909035,1292.02051
80,-80,1379,79.7979279,-78.6077347,1378.02063
-15,12,1396,-15.9116287,13.0852633,1395.58899
0,-80,1554,-0.911554456,-78.9150162,1553.58887
80,-80,1379,79.0924454,-78.9171219,1378.58008
174,-80,994,173.022934,-78.4830551,993.787109
95,-14,1086,94.0227127,-12.48318,1085.78809
133,-80,1188,132.02301,-78.4817657,1187.78674
95,-14,1086,94.0009308,-12.7567434,1085.95691
55,48,1132,54.000927,49.2402344,1131.95703
133,-80,1188,132.000931,-78.7562866,1187.95691
116,9,1293,115.263458,9.81678772,1293.67639
272,-80,1339,271.262909,-79.1862411,1339.67578
133,-80,1188,132.255814,-79.1816101,1188.66797
-33,285,1151,-33.2094536,289.327148,1151.97778
22,299,1165,21.7885666,303.330261,1165.97729
-2,200,1144,-2.20537186,204.332687,1144.97864
22,299,1165,21.516983,309.49408,1165.87561
58,100,1169,57.5167618,110.50103,1169.87549
-2,200,1144,-2.4831636,210.482986,1144.87549
-122,100,1166,-121.584938,129.209778,1166.90979
-89,285,1160,-88.584938,314.237122,1160.90979
-62,200,1143,-61.5852013,229.237061,1143.90991
-89,285,1160,-88.8466339,289.651398,1160.98816
-33,285,1151,-32.8466339,289.648865,1151.98804
-62,200,1143,-61.8466339,204.658188,1143.98816
-142,265,1205,-141.334305,280.116058,1205.74622
-89,285,1160,-88.3306198,300.114166,1160.74292
-122,100,1166,-121.330353,115.093971,1166.74268
58,100,1169,57.2919655,106.100685,1169.70618
22,299,1165,21.2918434,305.078644,1165.70605
70,275,1209,69.2919693,281.077759,1209.70618
55,48,1132,55.2955551,49.8933907,1132.95532
95,-14,1086,95.2963257,-12.105526,1086.95508
36,-80,1070,36.2971344,-78.1016235,1070.95483
95,-14,1086,95.4744415,-12.3438406,1086.88025
174,-80,994,174.472351,-78.34758,994.881409
36,-80,1070,36.4741898,-78.3453217,1070.88037
58,100,1169,57.4330215,110.10804,1169.82373
-2,100,1128,-2.55813909,110.112236,1128.82971
-2,200,1144,-2.55835724,210.120834,1144.82959
-249,-80,1004,-249.430237,-77.8247528,1004.90271
-121,7,1121,-121.419548,9.17484188,1121.90771
-115,-80,1066,-115.419052,-77.8275909,1066.90796
-61,100,1127,-60.464035,109.760796,1127.84424
-122,100,1166,-121.464226,109.769829,1166.84436
-62,200,1143,-61.460968,209.751083,1143.84229
-62,200,1143,-62.0425262,209.142609,1143.99902
-33,285,1151,-33.0425262,294.140717,1151.99902
-2,200,1144,-2.04306936,209.14122,1144.99902
55,48,1132,54.7675781,52.1001167,1132.97253
-31,-80,1068,-31.2225685,-75.9010239,1068.97485
-2,76,1128,-2.23905516,80.0980988,1128.97095
55,48,1132,54.9558182,49.9243927,1132.99902
36,-80,1070,35.9558182,-78.0739594,1070.99902
-31,-80,1068,-31.0425262,-78.076355,1068.99902
-31,-80,1068,-31.0425262,-78.1423416,1068.99902
-61,76,1127,-61.0425262,77.8583755,1127.99902
-2,76,1128,-2.04306936,77.8573456,1128.99902
-31,-80,1068,-30.7327366,-77.3574677,1068.96362
-121,7,1121,-120.73362,9.64364719,1121.96387
-61,76,1127,-60.7345047,78.6377716,1127.96411
-31,-80,1068,-31.0425262,-77.8399124,1068.99902
-115,-80,1066,-115.042526,-77.8388824,1066.99902
-121,7,1121,-121.042526,9.16097069,1121.99902
58,100,1169,57.2551575,114.049377,1169.66724
70,275,1209,69.2549362,289.065552,1209.66699
88,100,1203,87.2550507,114.051834,1203.66711
133,-80,1188,132.335403,-74.2050018,1188.74719
58,76,1169,57.3287315,81.8033981,1169.74121
88,100,1203,87.3303528,105.805405,1203.74268
88,100,1203,87.0050354,105.072769,1203.10022
70,275,1209,69.0050354,280.071259,1209.10022
76,288,1275,75.0050125,293.064575,1275.09998
88,100,1203,87.0009842,115.916763,1203.04431
76,288,1275,75.0009995,303.906433,1275.04468
92,100,1284,91.0009995,115.926765,1284.04468
116,9,1293,115.000999,12.276515,1293.04468
133,-80,1188,132.000992,-76.7239914,1188.04443
88,100,1203,87.0009995,103.279716,1203.04468
116,9,1293,115.000984,14.1988935,1293.04431
88,100,1203,87.0009995,105.192551,1203.04468
92,100,1284,91.0009995,105.195587,1284.04468
40,287,1332,39.1213913,296.470154,1331.52246
56,100,1351,55.1213913,109.471626,1350.52246
92,100,1284,91.1203308,109.464653,1283.52441
40,287,1332,39.1552505,296.851929,1331.46484
92,100,1284,91.1554031,109.853249,1283.4646
76,288,1275,75.1555634,297.860718,1274.46436
56,100,1351,55.1605644,105.745193,1350.45654
80,-80,1379,79.1692505,-74.2698288,1378.44336
116,9,1293,115.160805,14.7375555,1292.45618
56,100,1351,55.1213913,102.462708,1350.52246
116,9,1293,115.120728,11.4688902,1292.52368
92,100,1284,91.1207275,102.463844,1283.52368
56,100,1351,55.6307297,109.488617,1350.07068
40,287,1332,39.6186714,296.507782,1331.07556
-18,260,1359,-18.3793411,269.509094,1358.07483
56,100,1351,55.678833,105.102425,1350.05298
-18,260,1359,-18.3165455,265.096283,1358.05151
-17,100,1375,-17.319519,105.097366,1374.05249
-15,12,1396,-15.3552256,16.7079926,1395.06531
80,-80,1379,79.6310425,-75.3059769,1378.07056
56,100,1351,55.635994,104.709183,1350.0686
-15,12,1396,-15.3309927,18.3179398,1395.0564
56,100,1351,55.6876221,106.318474,1350.05005
-17,100,1375,-17.3194942,106.315796,1374.05249
-91,286,1341,-90.7028656,296.238281,1340.04517
-98,100,1350,-97.7157059,110.278084,1349.04138
-17,100,1375,-16.7032528,110.301537,1374.04504
-91,286,1341,-90.7979279,294.795685,1340.02063
-17,100,1375,-16.7976608,108.812172,1374.02075
-18,260,1359,-17.7976608,268.803467,1358.02075
-98,100,1350,-97.6620483,106.037476,1349.05884
-119,-80,1375,-118.661736,-73.9439468,1374.05896
-15,12,1396,-14.6704626,18.0416164,1395.05591
-98,100,1350,-97.7157211,103.07325,1349.04126
-15,12,1396,-14.7124796,15.0753765,1395.04224
-17,100,1375,-16.7028618,103.071556,1374.04517
-91,286,1341,-90.2332687,301.863831,1340.35803
-143,287,1279,-142.229813,302.866943,1278.36218
-150,100,1282,-149.231339,115.800545,1281.36035
-91,286,1341,-90.2011795,299.000671,1340.39844
-150,100,1282,-149.208725,112.964058,1281.38855
-98,100,1350,-97.1985245,112.975403,1349.40198
-150,100,1282,-149.402771,104.28891,1281.198
-179,25,1289,-178.39975,29.285696,1288.2002
-119,-80,1375,-118.394897,-75.7205429,1374.20386
-150,100,1282,-149.208908,107.913376,1281.38831
-119,-80,1375,-118.207306,-72.1059952,1374.39038
-98,100,1350,-97.2133789,107.906021,1349.38257
-142,265,1205,-141.004883,276.757294,1204.90137
-158,100,1198,-157.004883,111.732178,1197.90137
-150,100,1282,-149.004883,111.74411,1281.90137
-142,265,1205,-141.000885,288.41507,1205.04199
-150,100,1282,-149.000885,123.358238,1282.04199
-143,287,1279,-142.000885,310.434021,1279.04199
-158,100,1198,-157.004913,106.607071,1198.099
-185,-80,1188,-184.004913,-73.3977127,1188.099
-179,25,1289,-178.004913,31.6017284,1289.099
-158,100,1198,-157.004883,103.387901,1197.90137
-179,25,1289,-178.004883,28.3877735,1288.90137
-150,100,1282,-149.004883,103.384903,1281.90137
-122,100,1166,-121.341064,112.850784,1166.7522
-158,100,1198,-157.335129,112.855247,1198.74695
-142,265,1205,-141.334305,277.878601,1205.74622
-122,76,1166,-121.394897,85.2201691,1166.79614
-185,-80,1188,-184.398773,-70.7873077,1188.79907
-158,100,1198,-157.398941,109.219894,1198.79919
133,-80,1188,132.069229,-78.8561249,1188.3656
55,48,1132,54.0679893,49.1427689,1132.36243
58,76,1169,57.0677528,77.1415863,1169.36182
-121,7,1121,-120.464035,8.49531937,1121.84424
-122,76,1166,-121.463844,77.4978256,1166.84412
-61,76,1127,-60.464035,77.4975662,1127.84424
-122,76,1166,-121.122459,80.6321411,1166.47949
-121,7,1121,-120.122589,11.6367531,1121.47974
-185,-80,1188,-184.11824,-75.3655014,1188.47168
-456,235,-648,-455.021881,237.179596,-647.791992
-480,219,-564,-479.021881,221.177414,-563.791992
-450,299,-565,-449.022034,301.178711,-564.79126
-450,299,-565,-450.937347,302.879486,-564.651611
-419,219,-566,-419.937256,222.879044,-565.651367
-456,235,-648,-456.937439,238.88179,-647.651855
-1204,120,80,-1204.86768,121.987183,80.4971237
-1197,241,228,-1197.86865,242.991287,228.495392
-1111,120,241,-1111.86865,121.990547,241.4953
-1082,230,314,-1082.06079,232.060562,314.998138
-900,120,254,-900.060547,122.063133,254.998154
-1111,120,241,-1111.06055,122.058357,241.998154
-1515,120,306,-1514.79053,121.021339,306.977814
-1312,212,337,-1311.79053,213.020081,337.977814
-1282,120,256,-1281.79041,121.016624,256.977783
-1197,241,228,-1196.08752,241.965332,228.409088
-1204,120,80,-1203.08472,120.966293,80.4027863
-1282,120,256,-1281.08765,120.959442,256.409271
-1365,120,635,-1364.02319,120.482574,635.214111
-1256,209,462,-1255.02051,209.480804,462.201355
-1317,120,413,-1316.02429,120.479019,413.219025
-1312,212,337,-1311.52649,213.739212,336.119232
-1515,120,306,-1514.52441,121.741714,305.120331
-1317,120,413,-1316.52441,121.740501,412.120331
-973,120,587,-972.574219,121.120102,586.095215
-1110,212,436,-1109.55762,213.117096,435.10318
-1175,120,486,-1174.55762,121.120491,485.10318
-1256,209,462,-1256.61914,209.526749,461.214722
-1365,120,635,-1365.61328,120.522728,634.210144
-1175,120,486,-1175.61914,120.528664,485.214722
-1099,265,376,-1099.93628,271.340118,375.648773
-1126,299,425,-1126.93445,305.345459,424.643921
-1100,220,407,-1100.93628,226.33844,406.648773
-1126,299,425,-1126.92639,302.490265,424.623444
-1110,212,436,-1110.92639,215.490494,435.623444
-1100,220,407,-1100.92639,223.489685,406.623444
-1082,230,314,-1082.99023,233.272995,313.860596
-1094,265,319,-1094.99011,268.271942,318.860046
-1084,220,349,-1084.98914,223.274918,348.852997
-1094,265,319,-1094.99609,269.868683,318.911713
-1099,265,376,-1099.99609,269.865723,375.911713
-1084,220,349,-1084.995,224.866211,348.90033
-1125,265,257,-1125.88721,268.410614,257.461212
-1094,265,319,-1094.88806,268.41095,319.459717
-1082,230,314,-1082.88647,233.40947,314.462708
-1197,241,228,-1197.30566,247.991135,228.952103
-1195,287,238,-1195.30859,293.989716,238.951172
-1125,265,257,-1125.30273,271.987183,257.953064
-1269,286,273,-1268.57056,292.888245,273.903046
-1195,287,238,-1194.57043,293.889954,238.90303
-1197,241,228,-1196.57031,247.887009,228.902969
-1312,212,337,-1311.09277,218.252914,337.420563
-1293,300,330,-1292.08777,306.257843,330.409546
-1269,286,273,-1268.0885,292.251038,273.411163
-1271,327,383,-1270.0437,331.658173,382.707611
-1293,300,330,-1292.0437,304.659546,329.707611
-1312,212,337,-1311.03711,216.665512,336.730133
-1256,209,462,-1255.26501,211.657486,461.32193
-1225,328,432,-1224.2666,330.658966,431.320221
-1271,327,383,-1270.2666,329.658356,382.320221
-1110,212,436,-1110.56506,216.257629,435.174957
-1126,299,425,-1126.56812,303.25827,424.177063
-1170,315,451,-1170.56799,319.262421,450.176971
-1170,315,451,-1169.73633,318.58847,450.0354
-1225,328,432,-1224.73718,331.590149,431.035156
-1256,209,462,-1255.73242,212.597046,461.036469
-1256,209,462,-1255.91016,212.729813,461.004059
-1175,120,486,-1174.89954,123.73629,485.005066
-1170,315,451,-1169.89954,318.728638,450.005066
-1175,120,486,-1175.47461,124.726997,485.119812
-1110,212,436,-1110.47473,216.722931,435.119873
-1170,315,451,-1170.47388,319.732239,450.119415
-1082,230,314,-1082.83691,239.654633,314.547333
-1111,120,241,-1111.83069,129.666275,241.556702
-1125,265,257,-1125.84241,274.652466,257.538818
-1111,120,241,-1111.34375,125.419327,241.938995
-1197,241,228,-1197.34375,246.41835,228.938995
-1125,265,257,-1125.34375,270.42395,257.939026
-1197,241,228,-1196.52637,248.92569,228.880692
-1282,120,256,-1281.52637,127.918251,256.880676
-1269,286,273,-1268.52795,293.914886,273.881561
-1282,120,256,-1281.11328,124.362617,256.462189
-1312,212,337,-1311.11292,216.352432,337.461456
-1269,286,273,-1268.11292,290.34964,273.461548
-1312,212,337,-1311.03198,214.115311,336.749146
-1317,120,413,-1316.03198,122.121628,412.749146
-1271,327,383,-1270.03027,329.109894,382.755829
-1317,120,413,-1316.17249,125.484856,412.438568
-1256,209,462,-1255.1615,214.490463,461.455109
-1271,327,383,-1270.17224,332.489716,382.438934
-1110,212,436,-1110.92871,216.331726,435.629211
-1084,120,412,-1084.92859,124.327499,411.628906
-1100,220,407,-1100.92676,224.332962,406.624359
-1069,120,354,-1069.99512,129.603333,353.901306
-1082,230,314,-1082.995,239.609985,313.90033
-1084,220,349,-1084.995,229.607086,348.90033
-1084,220,349,-1084.9646,224.995621,348.736298
-1099,265,376,-1099.9646,269.994049,375.736298
-1100,220,407,-1100.9646,224.994476,406.736298
-1173,120,326,-1172.73718,247.189819,325.035156
-1069,120,354,-1068.73718,247.124039,353.035156
-1084,220,349,-1083.73242,347.199921,348.036469
-1084,120,412,-1084.84998,122.904839,412.526703
-1110,212,436,-1110.84998,214.905487,436.526703
-973,120,587,-973.848999,122.900017,587.528259
-1082,230,314,-1082.50623,231.700912,313.137604
-1069,120,354,-1069.50623,121.698074,353.137604
-900,120,254,-900.505859,121.694061,253.13739
-1179,355,336,-1179.99512,356.003967,335.901306
-1099,265,376,-1099.99609,266.002655,375.911713
-1094,265,319,-1094.99707,266.003571,318.923523
-1179,355,336,-1179.99902,355.848389,336.042023
-1126,299,425,-1126.99902,299.850281,425.044128
-1099,265,376,-1099.99902,265.849945,376.044006
-1179,355,336,-1179.88855,355.993958,336.458771
-1094,265,319,-1094.88965,265.994202,319.456604
-1125,265,257,-1125.88733,265.99411,257.46109
1927,204,129,1926.11877,205.415909,128.527313
1943,224,60,1942.11072,225.416565,59.5426445
1756,338,188,1755.1134,339.415436,187.53746
914,0,-37,913.488708,1.13137078,-37.8594017
860,-20,14,859.487305,-18.8688316,13.1414299
1053,-60,-61,1052.48743,-58.8694267,-61.8586197
931,0,394,930.732544,0.92805022,394.963562
1023,0,419,1022.73297,0.928665459,419.963684
1023,-40,379,1022.73297,-39.0713425,379.963684
-1638,356,-305,-1638.95581,358.554535,-304.706024
-1500,130,-296,-1500.95581,132.552795,-295.706024
-1505,100,-368,-1505.95581,102.553467,-367.706024
-1490,107,-229,-1490.99792,107.923035,-229.062714
-1500,130,-296,-1500.99805,130.921341,-296.062439
-1638,356,-305,-1638.99792,356.913635,-305.062744
-1473,50,-184,-1473.97571,56.458107,-183.78093
-1490,107,-229,-1490.97534,113.458694,-228.779419
-1472,368,-6,-1472.97437,374.410675,-5.77508879
-1490,107,-229,-1490.86975,108.985794,-228.506516
-1638,356,-305,-1638.86853,357.990845,-304.504486
-1472,368,-6,-1472.86694,369.992249,-5.50159359
-1473,48,-405,-1473.94604,51.063633,-405.323944
-1472,459,-850,-1472.94897,462.053131,-850.315186
-1505,100,-368,-1505.94604,103.066849,-368.323883
-1505,100,-368,-1505.93237,101.78244,-368.361481
-1472,459,-850,-1472.93616,460.765289,-850.351318
-1638,356,-305,-1638.93042,357.776306,-305.366272
2054,239,64,2054.04297,252.525681,63.000927
1943,224,60,1943.04321,237.512634,59.0009346
1916,120,63,1916.04309,133.499496,62.0009308
380,288,-526,379.957245,325.824432,-526.999084
399,274,-526,398.957245,311.835663,-526.999084
420,288,-527,419.955841,325.838837,-527.999023
-1617,-84,-219,-1617.04199,-74.1557007,-218.000885
-1617,35,-202,-1617.04199,44.836998,-201.000885
-1473,-16,-208,-1473.04199,-6.17212486,-207.000885
-1473,-22,-381,-1473.08789,-20.1717205,-381.996124
-1617,28,-388,-1617.07629,29.8293304,-388.99707
-1617,-90,-343,-1617.0896,-88.171875,-343.995972
-1473,43,-205,-1472.95728,69.381897,-204.000916
-1473,-16,-208,-1472.95728,10.3987207,-207.000916
-1617,35,-202,-1616.95801,61.3845444,-201.000885
-1617,-84,-219,-1616.84473,-82.8806305,-218.012131
-1473,-16,-208,-1472.84473,-14.8831882,-207.012131
-1473,-80,-240,-1472.84473,-78.8810272,-239.012131
-1473,-80,-343,-1472.9552,-77.5755463,-343.998993
-1473,-22,-381,-1472.9552,-19.5759754,-381.998993
-1617,-90,-343,-1616.95593,-87.5746536,-343.999023
-1473,-22,-381,-1472.95654,-6.93198347,-381.999054
-1473,40,-385,-1472.95654,55.0651741,-385.999054
-1617,28,-388,-1616.95801,43.0484695,-388.999115
-1617,-90,-343,-1617.07629,-87.6329651,-343.99707
-1617,28,-388,-1617.07617,30.3717651,-388.99707
-2330,-90,-288,-2330.07617,-87.6078033,-288.99707
-1617,35,-202,-1617.09863,44.0493851,-201.004883
-1617,-84,-219,-1617.09863,-74.9579391,-218.004883
-2330,-90,-288,-2330.09863,-81.0059814,-287.004883
-1473,50,-184,-1473.04297,51.9668694,-184.999069
-1422,107,-229,-1422.04297,108.965965,-229.999054
-1490,107,-229,-1490.04297,108.965965,-229.999054
-1415,100,-368,-1415.04199,101.721115,-367.000885
-1473,48,-405,-1473.04199,49.7220688,-404.000885
-1505,100,-368,-1505.04199,101.721115,-367.000885
-386,376,-1554,-386.999054,380.05722,-1554.04297
-403,495,-1554,-403.999054,499.049713,-1554.04297
-397,444,-1409,-397.999054,448.04068,-1409.04297
-225,438,-1409,-224.003876,440.678741,-1409.08789
-218,488,-1554,-217.003876,490.671692,-1554.08789
-263,370,-1554,-262.003876,372.676666,-1554.08789
-400,503,-1409,-400.999023,518.058716,-1408.95593
-397,444,-1409,-397.999023,459.075531,-1408.95593
-403,495,-1554,-403.999115,510.032501,-1553.95801
-386,376,-1554,-386.986847,378.100494,-1553.83838
-397,444,-1409,-397.98703,446.101227,-1408.83948
-365,380,-1409,-365.986969,382.103424,-1408.83911
-262,380,-1409,-261.000885,381.427002,-1408.95801
-225,438,-1409,-224.000885,439.426697,-1408.95801
-263,370,-1554,-262.000885,371.42981,-1553.95801
-225,438,-1409,-224.000885,448.608978,-1408.95801
-220,500,-1409,-219.000885,510.618103,-1408.95801
-218,488,-1554,-217.000885,498.634796,-1553.95801
-263,370,-1554,-262.002869,372.782562,-1554.07544
-218,488,-1554,-217.002853,490.778625,-1554.07544
-317,370,-2267,-316.002838,372.783325,-2267.0752
-403,495,-1554,-403.994904,500.889984,-1554.10059
-386,376,-1554,-386.995941,381.882568,-1554.08972
-317,370,-2267,-317.995941,375.834625,-2267.08984
-421,510,-1409,-420.000885,510.534821,-1409.04199
-376,567,-1358,-375.000885,567.533936,-1358.04199
-376,567,-1409,-375.000885,567.533936,-1409.04199
-237,560,-1351,-237.999069,562.159424,-1351.04297
-200,508,-1409,-200.999069,510.1604,-1409.04297
-237,560,-1409,-237.999069,562.159424,-1409.04297
601,0,637,600.218018,2.30937386,637.623291
589,92,661,588.211609,94.3125305,661.615173
664,24,726,663.214722,26.3082848,726.619141
579,179,687,578.572327,181.962555,687.903931
589,92,661,588.574402,94.9586792,661.904907
547,100,644,546.57428,102.958237,644.904846
411,165,659,410.852997,168.625122,659.989136
579,179,687,578.867188,182.631165,687.991089
487,100,644,486.860596,103.628548,644.990234
589,92,661,588.2948,94.012764,661.708984
579,179,687,578.299866,181.010971,687.713989
635,165,737,634.299866,167.006851,737.713989
664,24,726,663.247375,29.0302048,726.658447
589,92,661,588.247437,97.0282822,661.658508
635,165,737,634.247192,170.021225,737.658203
487,100,644,486.957245,101.485313,644.999084
579,179,687,578.955872,180.485519,687.999023
547,100,644,546.955078,101.485184,644.998962
547,0,644,547.123779,4.52964735,644.99231
589,92,661,589.131714,96.5317688,661.991272
601,0,637,601.130859,4.5278306,637.991333
358,160,785,358.928192,162.7771,785.37207
411,165,659,411.928192,167.77504,659.372009
360,100,702,360.92627,102.778221,702.376831
664,24,726,663.011536,30.0117607,725.848572
635,165,737,634.011536,171.012497,736.848572
609,180,885,608.011597,186.005371,884.848206
513,225,799,512.955872,233.687302,798.000977
533,225,799,532.955872,233.687302,798.000977
523,291,789,522.955872,299.682434,788.000977
523,291,789,522.955872,294.21875,789.999023
533,225,779,532.955872,228.223633,779.999023
513,225,779,512.955872,228.223633,779.999023
513,225,779,513.999023,228.247665,778.955872
513,225,799,513.999023,228.247665,798.955872
523,291,789,523.999023,294.242798,788.955872
533,225,799,532.000977,233.662857,798.955872
533,225,779,532.000977,233.662857,778.955872
523,291,789,522.000977,299.65799,788.955872
1160,0,-570,1159.28284,1.82334805,-570.696899
993,121,-517,992.286377,122.825523,-517.7005
1005,0,-414,1004.29791,1.82532108,-414.712067
929,110,-357,928.017334,110.551407,-356.814636
1055,0,-167,1054.02039,0.549606085,-166.799118
1005,0,-414,1004.02032,0.550995469,-413.799438
805,0,-857,804.111633,0.33339721,-856.540894
832,92,-615,831.114685,92.3370743,-614.535034
935,0,-605,934.114014,0.334108055,-604.536316
993,121,-517,992.847412,122.238495,-516.011719
1160,0,-570,1159.84668,1.23689914,-569.011841
935,0,-605,934.846985,1.24309266,-604.01178
474,0,-584,474.043976,1.65810537,-583.000977
706,89,-512,706.042053,90.659729,-511.000885
743,0,-597,743.043518,1.6582396,-596.000977
832,92,-615,832.969788,93.445343,-614.756104
805,0,-857,805.969482,1.44289076,-856.754883
743,0,-597,743.970947,1.44545233,-596.760742
649,0,-149,649.979309,0.825698197,-148.797638
781,92,-352,781.97937,92.8266068,-351.797943
704,0,-412,704.979309,0.826892734,-411.797638
706,89,-512,706.585938,90.010376,-512.810303
474,0,-584,474.599518,1.01169014,-584.800354
704,0,-412,704.594604,1.01295733,-412.804016
854,185,-358,854.230774,188.945984,-358.972992
789,185,-374,789.230469,188.946533,-374.973022
823,100,-346,823.232117,103.945503,-346.972687
789,185,-374,789.188477,187.281799,-374.982056
781,92,-352,781.177734,94.2790756,-352.98407
823,100,-346,823.189453,102.277817,-346.981873
929,110,-357,928.809692,116.234673,-357.98172
921,185,-370,920.809692,191.238327,-370.98172
883,100,-346,882.809998,106.235962,-346.981781
921,185,-370,920.821045,189.046112,-370.983856
854,185,-358,853.821045,189.050247,-358.983856
883,100,-346,882.821045,104.050972,-346.983856
982,185,-424,981.338745,188.573654,-424.750153
921,185,-370,920.338013,188.569153,-370.749512
929,110,-357,928.337952,113.567093,-357.749451
993,121,-517,992.000977,127.764297,-517.042969
983,185,-512,982.000977,191.766327,-512.042969
982,185,-424,981.000916,191.765121,-424.042267
919,185,-585,918.247437,188.236755,-584.341492
983,185,-512,982.252014,188.23822,-511.336304
993,121,-517,992.247192,124.239433,-516.341797
832,92,-615,831.777161,102.638184,-614.025146
832,185,-604,831.792969,195.648376,-603.021667
919,185,-585,918.792969,195.649445,-584.021667
763,185,-571,763.425476,189.790298,-570.095032
832,185,-604,832.424438,189.799789,-603.094543
832,92,-615,832.424805,96.8106766,-614.094727
706,89,-512,706.850159,96.1269608,-511.47348
721,185,-503,721.850098,192.120285,-502.473389
763,185,-571,763.849609,192.122665,-570.472595
781,92,-352,781.660156,97.7131348,-352.751068
789,185,-374,789.654297,190.7099,-374.756165
730,185,-425,730.660217,190.7099,-425.751038
730,185,-425,730.99408,195.464676,-425.108612
721,185,-503,721.993164,195.459137,-503.116486
706,89,-512,706.993103,99.4501114,-512.117065
706,89,-512,706.993103,92.656868,-512.117065
704,0,-412,704.993286,3.65268087,-412.115662
730,185,-425,730.99408,188.662292,-425.108368
704,0,-412,704.732483,6.76250172,-412.680725
781,92,-352,781.724915,98.7720413,-352.688751
730,185,-425,730.727783,191.767761,-425.68576
929,110,-357,928.293152,121.587326,-357.707336
1005,0,-414,1004.29724,11.578517,-414.711426
982,185,-424,981.297913,196.595993,-424.712036
1005,0,-414,1004.00092,10.528616,-414.042267
993,121,-517,992.000977,131.530533,-517.042969
982,185,-424,981.000916,195.537872,-424.042694
993,121,-517,992.254944,126.779007,-516.333008
935,0,-605,934.264709,5.76198578,-604.322266
919,185,-585,918.264709,190.775253,-584.322266
935,0,-605,934.792969,6.38407612,-604.021667
832,92,-615,831.792969,98.3892365,-614.021667
919,185,-585,918.794128,191.397842,-584.021423
832,92,-615,832.362549,96.5832291,-614.068054
743,0,-597,743.362427,4.58967781,-596.067993
763,185,-571,763.362427,189.591843,-570.067993
743,0,-597,743.844116,5.18312597,-596.463867
706,89,-512,706.848206,94.1744843,-511.470337
763,185,-571,763.84436,190.170624,-570.464233
781,92,-352,781.172729,98.5498047,-352.984955
823,0,-330,823.177734,6.55515957,-330.98407
823,100,-346,823.17804,106.549759,-346.984009
883,0,-330,882.809692,4.86940813,-330.98172
929,110,-357,928.804871,114.860931,-357.980774
883,100,-346,882.809692,104.860641,-346.98172
883,100,-346,882.956543,104.353073,-346.999054
854,185,-358,853.956543,189.343277,-358.999054
823,100,-346,822.956543,104.353073,-346.999054
883,0,-438,882.956543,10.4066429,-438.999054
888,100,-451,887.956543,110.41188,-451.999054
817,100,-451,816.956543,110.41188,-451.999054
883,0,-438,882.956543,10.4066429,-438.999054
817,100,-451,816.956543,110.41188,-451.999054
823,0,-438,822.956543,10.4066429,-438.999054
817,100,-451,816.000916,124.728104,-451.042267
823,0,-330,822.000916,24.7036304,-330.042267
823,0,-438,822.000916,24.7036304,-438.042267
883,0,-438,883.999084,30.9606743,-437.957245
883,100,-346,883.999023,130.921341,-345.955841
888,100,-451,888.999023,130.928314,-450.955841
1055,0,-167,1055.6875,1.4242121,-167.726181
929,110,-357,929.685669,111.420135,-357.727905
883,0,-330,883.685608,1.42305577,-330.727936
781,92,-352,780.265259,94.4877548,-352.678345
649,0,-149,648.26532,2.48698711,-149.678406
823,0,-330,822.268433,2.48478508,-330.681763
4058,210,-9,4058.10083,211.533371,-8.00509644
3208,330,164,3208.09863,331.522552,164.995087
3775,410,164,3775.09888,411.530151,164.995087
3208,330,-2780,3208.08789,331.02002,-2780.99609
4058,210,-2607,4058.08643,211.030792,-2607.99609
3775,410,-2780,3775.09692,411.027618,-2780.99512
4058,210,-2607,4057.95605,211.631927,-2607.99902
4341,410,-2780,4340.95508,411.626373,-2780.99878
3775,410,-2780,3774.95508,411.626373,-2780.99878
4058,210,-2607,4057.95605,211.631927,-2607.99902
4908,410,-2780,4907.95508,411.626373,-2780.99878
4341,410,-2780,4340.95508,411.626373,-2780.99878
2933,210,-1958,2932.08545,211.985367,-1958.40442
3208,330,-2780,3207.08179,331.988007,-2780.39575
2925,410,-2290,2924.09473,411.984924,-2290.4248
3208,330,164,3207.16699,332.144623,164.553207
3088,210,-133,3087.16821,212.140305,-132.444916
2974,270,-241,2973.18262,272.134247,-240.42392
5254,10,-2580,5253.89209,11.7711058,-2580.99414
4058,210,-2607,4057.91187,211.787445,-2607.99609
3208,10,-2380,3207.90137,11.7937489,-2380.99512
2581,139,-518,2581.19531,142.047211,-518.980713
2470,199,-565,2470.20044,202.05426,-565.979675
2470,99,-525,2470.2002,102.050781,-525.979675
2470,199,-565,2470.33887,201.035202,-565.940796
2366,119,-572,2366.34961,121.041466,-572.93689
2470,99,-525,2470.34961,101.037201,-525.936829
4087,265,-1219,4087.86743,274.100372,-1219.49707
4060,301,-1273,4060.85498,310.100586,-1273.51843
4027,265,-1324,4027.86353,274.105652,-1324.50391
4707,1071,-1745,4706.70605,1077.71252,-1744.04419
4681,439,-1869,4680.70312,445.692688,-1868.04517
4475,439,-1928,4474.71582,445.675903,-1927.04126
4707,1071,-1745,4706.73633,1073.66174,-1744.0354
4475,439,-1928,4474.72949,441.634155,-1927.03735
4391,1071,-1829,4390.73633,1073.67908,-1828.0354
3980,209,-1518,3980.98145,210.108963,-1517.80835
4118,439,-1720,4118.98242,440.110931,-1719.81335
4012,173,-1788,4012.98438,174.114624,-1787.82422
3944,85,-1634,3944.98145,87.669014,-1633.80859
3980,209,-1518,3980.9812,211.670868,-1517.80762
4012,173,-1788,4012.98242,175.668701,-1787.81335
4341,-150,-2147,4340.22266,-145.097076,-2146.37109
3845,-190,-2750,3844.22241,-185.070312,-2749.37134
4328,56,-2067,4327.22266,60.8979073,-2066.37109
3845,-190,-2750,3845.96948,-183.161911,-2750.24438
4017,-150,-2022,4017.97437,-143.154068,-2022.22461
4079,47,-1919,4079.97339,53.8530273,-1919.22815
4017,-150,-2022,4016.73633,-148.508911,-2021.0354
3466,-150,-2169,3465.72266,-148.512039,-2168.03931
4079,47,-1919,4078.72949,48.4913254,-1918.03735
4912,57,-1145,4911.12305,59.0512466,-1145.48022
4989,47,-1270,4988.12842,49.050415,-1270.49023
4963,211,-1382,4962.12305,213.054489,-1382.48035
4832,201,-1156,4831.13574,202.85289,-1156.50281
4912,57,-1145,4911.13525,58.8530197,-1145.50195
4963,211,-1382,4962.13525,212.855927,-1382.50208
4963,211,-1382,4962.13574,214.829483,-1382.50281
4834,439,-1306,4833.13135,442.83551,-1306.49536
4832,201,-1156,4831.13525,204.822479,-1156.50195
5067,-150,-1250,5066.92383,-139.314667,-1250.99707
5562,-190,-1282,5561.92383,-179.284775,-1282.99707
4989,47,-1270,4988.92285,57.6593437,-1270.99695
4979,-150,-1105,4978.0083,-146.083084,-1104.87146
4912,57,-1145,4911.00684,60.9141312,-1144.8833
5016,-150,-822,5015.00977,-146.09169,-821.860596
4770,-150,-936,4770.41113,-143.851624,-936.911499
5016,-150,-822,5016.41162,-143.859818,-822.911316
4743,18,-988,4743.42383,24.1549549,-988.90564
4475,-190,-124,4474.07031,-188.943054,-124.368111
4713,-150,-817,4712.06494,-148.955963,-817.354492
4628,-2,-944,4627.06348,-0.957467675,-944.350037
4308,-150,-887,4308.97363,-146.128464,-887.227356
4475,-190,-124,4475.97559,-186.147049,-124.219116
4323,18,-944,4323.9707,21.8770695,-944.239746
4606,184,-2001,4605.48145,186.542557,-2000.14502
4832,183,-1870,4831.49658,185.549179,-1869.13599
4822,-6,-1967,4821.49707,-3.46036553,-1966.13574
4693,-17,-2045,4692.49658,-14.0703583,-2044.13599
4606,184,-2001,4605.49121,186.926285,-2000.13916
4822,-6,-1967,4821.50293,-3.0715096,-1966.13232
4606,184,-2001,4605.49121,187.589981,-2000.13916
4681,439,-1869,4680.48633,442.585693,-1868.14209
4832,183,-1870,4831.49609,186.60202,-1869.13635
4883,-150,-2017,4883.3623,-144.833588,-2016.06799
4822,-6,-1967,4822.36816,-0.822271943,-1966.07031
5351,-190,-2211,5351.36328,-184.878006,-2210.06836
4708,-150,-2118,4707.00879,-145.060669,-2117.86792
4649,-150,-2530,4648.01074,-145.076401,-2529.85449
4693,-17,-2045,4692.00879,-12.0540676,-2044.8678
4649,-150,-2530,4649.86816,-144.946686,-2529.50391
4441,-150,-2160,4441.8623,-144.963104,-2159.49365
4451,24,-2085,4451.86426,29.0231323,-2084.49707
3994,-150,-1080,3994.93652,-145.440613,-1079.64941
4017,10,-1018,4017.93652,14.5712833,-1017.64941
4084,103,-1124,4084.9314,107.57486,-1123.63611
3809,-8,-1350,3809.08789,-3.21087575,-1350.99609
3859,-150,-1313,3859.0979,-145.214218,-1313.99512
3944,97,-1362,3944.07593,101.795517,-1362.99707
3792,62,-1441,3792.60156,62.7816582,-1441.79858
3809,-8,-1350,3809.60938,-7.21953535,-1350.79285
3944,97,-1362,3944.60938,97.7772598,-1362.79272
4109,219,-1210,4109.75195,220.226379,-1210.65906
4134,196,-1167,4134.75146,197.225342,-1167.65942
4181,245,-1142,4181.74414,246.226746,-1142.66785
4007,245,-1444,4007.94897,248.525024,-1444.31531
4008,187,-1394,4008.95093,190.522232,-1394.30908
4030,219,-1347,4030.948,222.52124,-1347.31787
3994,-150,-1080,3994.53418,-133.401184,-1079.15466
4084,103,-1124,4084.52637,119.628433,-1123.14978
4041,-152,-1110,4041.52734,-135.398346,-1109.15039
4109,533,-1333,4109.61035,538.111328,-1332.20789
4112,483,-1348,4112.61426,488.108246,-1347.21094
4043,471,-1298,4043.61353,476.104889,-1297.21033
4112,483,-1348,4112.63379,484.895935,-1347.22656
4096,446,-1359,4096.63428,447.89679,-1358.22693
4043,471,-1298,4043.63379,472.896301,-1297.22656
4096,446,-1359,4096.66797,447.368317,-1358.25586
4050,389,-1346,4050.67822,390.367645,-1345.26526
4043,471,-1298,4043.66821,472.369293,-1297.2561
4050,389,-1346,4050.65869,390.581024,-1345.24768
3956,362,-1276,3956.65869,363.581238,-1275.24768
4043,471,-1298,4043.65942,472.576294,-1297.24829
4028,366,-1389,4028.84033,374.991211,-1388.45801
4025,327,-1391,4025.83398,335.995056,-1390.44824
3956,362,-1276,3956.84253,370.999298,-1275.46143
3956,362,-1276,3956.9834,363.018127,-1276.18042
3960,355,-1216,3960.98535,356.019318,-1216.16943
4049,473,-1267,4049.9873,474.019958,-1267.15833
3956,362,-1276,3956.98804,362.449768,-1276.15186
4049,473,-1267,4049.98828,473.447266,-1267.15247
4043,471,-1298,4043.98828,471.446747,-1298.15186
4096,446,-1359,4096.94727,448.13327,-1359.31995
4112,483,-1348,4112.94629,485.134216,-1348.32312
4075,490,-1475,4075.948,492.136292,-1475.31812
4075,490,-1475,4075.87207,490.483124,-1475.48926
4050,389,-1346,4050.87671,389.483887,-1346.48083
4096,446,-1359,4096.87158,446.48407,-1359.48999
4075,490,-1475,4075.9707,492.724426,-1475.23999
4028,366,-1389,4028.96973,368.72821,-1389.2439
4050,389,-1346,4050.96973,391.728027,-1346.24414
4028,366,-1389,4028.96851,388.634064,-1389.24805
4007,245,-1444,4007.9646,267.649414,-1444.26355
4025,327,-1391,4025.96948,349.646912,-1391.24487
4075,490,-1475,4075.99902,493.74826,-1474.95703
4032,366,-1505,4032.99902,369.742188,-1504.95605
4028,366,-1389,4028.99902,369.739258,-1388.95996
4032,366,-1505,4032.99902,373.464691,-1504.95801
4007,245,-1444,4007.99902,252.473816,-1443.95801
4028,366,-1389,4028.99805,373.472565,-1388.93945
4025,327,-1391,4025.92944,329.662292,-1391.36877
4027,265,-1324,4027.93433,267.660156,-1324.3562
4060,301,-1273,4060.93115,303.658325,-1273.36426
4025,327,-1391,4025.9873,331.492737,-1391.15771
4007,245,-1444,4007.9873,249.482834,-1444.15808
4027,265,-1324,4027.98633,269.487183,-1324.16345
4087,265,-1219,4087.60962,274.971954,-1219.7926
4181,245,-1142,4181.61426,254.972565,-1142.78894
4144,327,-1185,4144.60938,336.972809,-1185.79285
4060,301,-1273,4060.76294,303.499451,-1273.64624
4087,265,-1219,4087.77271,267.497711,-1219.63452
4144,327,-1185,4144.76855,329.497223,-1185.63953
4144,366,-1188,4144.46289,369.301056,-1188.88623
4181,245,-1142,4181.45898,248.29776,-1142.88818
4247,366,-1133,4247.4668,369.298462,-1133.88428
4144,366,-1188,4144.46484,368.736237,-1188.88538
4247,366,-1133,4247.45508,368.733337,-1133.89026
4242,490,-1186,4242.45898,492.738617,-1186.88831
4144,327,-1185,4144.69678,343.926819,-1185.71716
4181,245,-1142,4181.69775,261.910309,-1142.71631
4144,366,-1188,4144.7002,382.931793,-1188.71387
4118,389,-1228,4118.65918,391.786804,-1228.75171
4144,366,-1188,4144.67871,368.787445,-1188.73438
4242,490,-1186,4242.67969,492.788666,-1186.7334
4152,446,-1262,4152.84277,446.865417,-1262.53809
4118,389,-1228,4118.84424,389.865814,-1228.53589
4242,490,-1186,4242.84277,490.864868,-1186.53821
4242,490,-1186,4242.73242,492.111328,-1186.68066
4150,483,-1281,4150.73242,485.114197,-1281.68054
4152,446,-1262,4152.71582,448.115967,-1262.69824
4049,473,-1267,4049.62793,474.05484,-1267.77808
3960,355,-1216,3960.61816,356.058136,-1216.78601
4011,362,-1181,4011.61816,363.058655,-1181.78601
4073,471,-1246,4073.60938,471.758881,-1246.79285
4049,473,-1267,4049.60156,473.759674,-1267.79871
4011,362,-1181,4011.61328,362.756195,-1181.78979
4011,362,-1181,4010.95605,378.927856,-1181.99902
4144,327,-1185,4143.95605,343.919373,-1185.99902
4144,366,-1188,4143.95605,382.917389,-1188.99902
4073,471,-1246,4072.67603,473.065247,-1246.94604
4011,362,-1181,4010.67603,364.067657,-1181.94604
4118,389,-1228,4117.67676,391.069305,-1228.94629
4073,471,-1246,4072.67676,472.704346,-1246.94629
4118,389,-1228,4117.67578,390.706848,-1228.94592
4152,446,-1262,4151.6792,447.70871,-1262.94714
4073,471,-1246,4072.63672,472.301849,-1246.93164
4152,446,-1262,4151.64941,447.301453,-1262.93652
4150,483,-1281,4149.64941,484.300934,-1281.93652
4073,471,-1246,4072.60938,476.297455,-1246.92053
4150,483,-1281,4149.60449,488.290894,-1281.91846
4136,533,-1286,4135.60938,538.290283,-1286.92053
4242,490,-1186,4242.23975,492.409637,-1186.97083
4247,366,-1133,4247.23926,368.406952,-1133.97095
4475,439,-1108,4475.23926,441.398865,-1108.97095
4232,225,-1081,4232.70898,229.36911,-1081.70508
4247,366,-1133,4247.69629,370.369049,-1133.71765
4181,245,-1142,4181.69922,249.365433,-1142.71484
4232,225,-1081,4232.71191,226.825119,-1081.70215
4181,245,-1142,4181.71191,246.825699,-1142.70215
4134,196,-1167,4134.69775,197.825516,-1167.71619
4118,439,-1720,4118.96289,440.647461,-1719.73022
4032,366,-1505,4032.9646,367.636444,-1504.7373
4075,490,-1475,4075.9646,491.639282,-1474.73633
4007,245,-1444,4007.96265,251.970779,-1444.27002
3980,209,-1518,3980.9646,215.962662,-1518.26306
4008,187,-1394,4008.9646,193.971634,-1394.26331
3980,209,-1518,3980.97656,212.48671,-1518.21521
4007,245,-1444,4007.97681,248.486023,-1444.21411
4032,366,-1505,4032.97827,369.480347,-1505.20654
4140,611,-1259,4140.46289,615.415527,-1259.88635
4242,490,-1186,4242.46484,494.427521,-1186.88525
4244,1071,-1282,4244.44141,1075.36487,-1282.89709
4159,1071,-1428,4159.99902,1077.72998,-1427.95801
4075,490,-1475,4075.99902,496.758881,-1474.95605
4087,611,-1350,4087.99902,617.755615,-1349.95593
4087,611,-1350,4087.86108,613.9328,-1350.5083
4140,611,-1259,4140.85791,613.930542,-1259.51355
4244,1071,-1282,4244.86426,1073.89893,-1282.50293
4087,611,-1350,4087.85498,614.62561,-1350.51831
4244,1071,-1282,4244.86377,1074.64221,-1282.50366
4159,1071,-1428,4159.86426,1074.63538,-1428.50293
4113,558,-1304,4113.84961,622.392334,-1304.52734
4140,611,-1259,4140.85791,675.307983,-1259.51367
4087,611,-1350,4087.85498,675.421448,-1350.51843
4118,215,-1870,4118.73438,218.084244,-1869.32129
4268,439,-1872,4268.74414,442.08548,-1871.33203
4223,263,-1950,4223.7334,266.085846,-1949.32031
4223,263,-1950,4223.26172,264.249268,-1949.03491
4268,439,-1872,4268.26172,440.251343,-1871.03491
4475,439,-1928,4475.26172,440.249817,-1927.03491
4223,263,-1950,4223.23975,264.782806,-1949.02917
4475,439,-1928,4475.23926,440.787109,-1927.02905
4345,215,-2001,4345.23975,216.790222,-2000.02917
4268,439,-1872,4268.48828,444.604797,-1871.12732
4244,1071,-1745,4244.48828,1076.58789,-1744.12732
4391,1071,-1829,4391.48828,1076.60461,-1828.12732
4268,439,-1872,4268.26221,450.545319,-1871.03503
4391,1071,-1829,4391.26172,1082.48389,-1828.03491
4475,439,-1928,4475.25781,450.530548,-1927.03381
4345,215,-2001,4345.04102,218.541672,-2000.00085
4475,439,-1928,4475.04102,442.544006,-1927.00085
4475,184,-2018,4475.04248,187.545639,-2017.00098
4475,439,-1928,4474.71582,441.202209,-1927.04126
4681,439,-1869,4680.71289,441.200317,-1868.04211
4606,184,-2001,4605.70605,186.195877,-2000.04419
4475,184,-2018,4474.86035,186.281616,-2017.00989
4475,439,-1928,4474.86035,441.274689,-1927.00989
4606,184,-2001,4605.86719,186.282364,-2000.00891
4880,439,-1513,4879.01953,441.58609,-1513.19666
4834,439,-1306,4833.02051,441.588898,-1306.20056
4963,211,-1382,4962.01758,213.578079,-1382.18628
4880,439,-1513,4879.02148,447.446655,-1513.20593
4791,1071,-1428,4790.02539,1079.41833,-1428.22314
4834,439,-1306,4833.02148,447.442139,-1306.20605
4834,439,-1306,4833.30273,442.360474,-1306.7168
4682,439,-1156,4681.29248,442.367096,-1156.70667
4832,201,-1156,4831.28271,204.361679,-1156.69678
4834,439,-1306,4833.13184,443.785156,-1306.49609
4791,1071,-1428,4790.12256,1075.72607,-1428.47961
4707,1071,-1282,4706.13135,1075.74207,-1282.49524
4834,439,-1306,4833.28711,450.501465,-1306.70117
4707,1071,-1282,4706.30176,1082.52954,-1282.71582
4682,439,-1156,4681.28516,450.497162,-1156.69922
4832,201,-1156,4831.38623,203.962814,-1156.78943
4682,439,-1156,4681.38623,441.953857,-1156.78943
4728,201,-1076,4727.38477,203.960434,-1076.78833
4728,201,-1076,4727.75977,205.242508,-1076.9707
4682,439,-1156,4681.77588,443.249115,-1156.97449
4475,439,-1108,4474.77686,443.242615,-1108.97473
4728,201,-1076,4727.77588,203.118332,-1076.97449
4475,439,-1108,4474.78613,441.114655,-1108.97681
4606,136,-1025,4605.79395,138.112137,-1025.97852
4682,439,-1156,4681.49658,446.764313,-1156.86401
4707,1071,-1282,4706.49658,1078.77417,-1282.86401
4560,1071,-1197,4559.49121,1078.7677,-1197.86084
4682,439,-1156,4681.77637,452.987335,-1156.97461
4560,1071,-1197,4559.75879,1084.95764,-1197.97046
4475,439,-1108,4474.75977,452.986176,-1108.9707
4606,136,-1025,4605.67676,137.488556,-1025.94629
4475,439,-1108,4474.67578,440.494598,-1108.94592
4475,202,-1008,4474.67627,203.492798,-1008.94611
4475,202,-1008,4475.23926,203.796783,-1008.97083
4475,439,-1108,4475.22266,440.799683,-1108.97485
4247,366,-1133,4247.22363,367.793701,-1133.97461
4475,202,-1008,4475.27539,206.517365,-1008.96124
4247,366,-1133,4247.28223,370.513916,-1133.95923
4345,136,-1025,4345.27539,140.514633,-1025.9613
4475,439,-1108,4474.95605,445.847626,-1108.99902
4560,1071,-1197,4559.95605,1077.88611,-1197.99902
4391,1071,-1197,4390.95605,1077.88611,-1197.99902
4475,439,-1108,4475.28271,452.834351,-1108.95911
4391,1071,-1197,4391.27539,1084.75037,-1197.9613
4242,490,-1186,4242.29248,503.790405,-1186.95618
4345,136,-1025,4345.18652,138.578308,-1025.98242
4247,366,-1133,4247.1748,368.56665,-1133.9845
4232,225,-1081,4232.17529,227.570709,-1081.98438
4242,490,-1186,4242.48633,500.006073,-1186.87366
4391,1071,-1197,4391.50195,1080.9502,-1197.86487
4244,1071,-1282,4244.50195,1080.95874,-1282.86487
3980,209,-1518,3980.96069,212.054382,-1517.72266
4032,366,-1505,4032.95874,369.057617,-1504.71582
4118,439,-1720,4118.96094,442.051697,-1719.72327
4075,490,-1475,4075.99902,496.701416,-1475.04297
4159,1071,-1428,4159.99902,1077.65869,-1428.04297
4159,1071,-1598,4159.99902,1077.65869,-1598.04297
4075,490,-1475,4075.97852,502.244171,-1474.79395
4159,1071,-1598,4159.97852,1083.26318,-1597.79395
4118,439,-1720,4118.97852,451.253326,-1719.79395
4118,439,-1720,4118.7168,441.764099,-1719.30273
4268,439,-1872,4268.71191,441.767242,-1871.29785
4118,215,-1870,4118.70312,217.769501,-1869.28894
4012,173,-1788,4012.7168,175.623657,-1787.30273
4118,439,-1720,4118.71094,441.629608,-1719.29675
4118,215,-1870,4118.71387,217.624252,-1869.2998
4118,439,-1720,4118.86377,443.237244,-1719.49622
4159,1071,-1598,4159.86084,1075.2406,-1597.49121
4244,1071,-1745,4244.85791,1075.24548,-1744.48633
4118,439,-1720,4118.71484,448.145691,-1719.30078
4244,1071,-1745,4244.71582,1080.177,-1744.30176
4268,439,-1872,4268.70508,448.149994,-1871.29089
4173,86,-2107,4173.91406,90.264267,-2106.59448
4079,47,-1919,4079.91382,51.2614403,-1918.59399
4118,215,-1870,4118.9209,219.261795,-1869.61023
4118,215,-1870,4118.78906,215.775757,-1869.38574
4223,263,-1950,4223.80078,263.77713,-1949.40112
4173,86,-2107,4173.7915,86.7787781,-2106.38892
4173,86,-2107,4173.04395,86.3248978,-2106.00098
4223,263,-1950,4223.06104,263.325409,-1949.00195
4345,215,-2001,4345.04395,215.322327,-2000.00098
4328,56,-2067,4327.67676,58.4625244,-2066.05371
4173,86,-2107,4172.68555,88.461792,-2106.05078
4345,215,-2001,4344.67578,217.454529,-2000.05408
4451,24,-2085,4451.04297,26.307169,-2084.00098
4328,56,-2067,4328.04395,58.3080864,-2066.00098
4345,215,-2001,4345.04395,217.315628,-2000.00098
4451,24,-2085,4451.04004,25.1710949,-2084.00098
4345,215,-2001,4345.04297,216.177017,-2000.00098
4475,184,-2018,4475.04346,185.173737,-2017.00098
4573,49,-2127,4573.40332,52.0796928,-2126.08496
4451,24,-2085,4451.40332,27.0794773,-2084.08496
4475,184,-2018,4475.41211,187.076401,-2017.08887
4573,49,-2127,4572.854,50.2845459,-2126.01074
4475,184,-2018,4474.86084,185.290497,-2017.00977
4606,184,-2001,4605.86719,185.287933,-2000.00891
4693,-17,-2045,4692.26611,-15.7133293,-2044.3208
4573,49,-2127,4572.2666,50.2868271,-2126.32031
4606,184,-2001,4605.26562,185.292618,-2000.32129
4983,37,-1924,4982.86035,39.6738472,-1923.00989
4822,-6,-1967,4821.8833,-3.32443261,-1966.00684
4832,183,-1870,4831.86035,185.681091,-1869.00989
4989,47,-1270,4988.37012,49.0771027,-1270.77661
5101,69,-1380,5100.35498,71.0805664,-1380.76416
4963,211,-1382,4962.35498,213.075546,-1382.76416
4912,57,-1145,4911.13574,59.9111748,-1145.50293
4832,201,-1156,4831.1416,203.91214,-1156.5127
4840,88,-1059,4839.14404,90.9101639,-1059.5166
4840,88,-1059,4839.375,88.7773819,-1059.78052
4832,201,-1156,4831.39258,201.780594,-1156.79419
4728,201,-1076,4727.37988,201.77977,-1076.78442
4840,88,-1059,4839.64844,89.7161255,-1059.93616
4728,201,-1076,4727.64941,202.712814,-1076.93652
4743,18,-988,4742.64844,19.7123337,-988.936157
4628,-2,-944,4627.70605,0.340206653,-944.955811
4743,18,-988,4742.7168,20.3414173,-988.959045
4728,201,-1076,4727.71582,203.34697,-1076.95874
4606,136,-1025,4605.90137,138.436081,-1025.99512
4628,-2,-944,4627.90088,0.431203485,-944.995056
4728,201,-1076,4727.90137,203.438431,-1076.99512
4475,64,-862,4474.35254,65.9704132,-862.762024
4628,-2,-944,4627.33984,-0.028841624,-944.751099
4606,136,-1025,4605.34082,137.971756,-1025.75195
4475,202,-1008,4474.44238,203.662125,-1008.83002
4475,64,-862,4474.44141,65.6649551,-862.829285
4606,136,-1025,4605.44531,137.66571,-1025.83203
4475,64,-862,4475.55127,65.1519623,-862.83429
4475,202,-1008,4475.55078,203.151443,-1008.83447
4345,136,-1025,4345.55078,137.150131,-1025.83459
4323,18,-944,4323.60547,18.957262,-944.795532
4475,64,-862,4475.61328,64.9536285,-862.789856
4345,136,-1025,4345.61377,136.9617,-1025.78931
4323,18,-944,4322.95605,19.3326359,-944.999023
4345,136,-1025,4344.95605,137.33371,-1025.99902
4232,225,-1081,4231.95605,226.33606,-1081.99902
4236,18,-975,4236.30811,21.0925388,-975.951294
4323,18,-944,4323.31641,21.0925388,-944.948547
4232,225,-1081,4232.31934,228.095886,-1081.94763
4105,86,-1004,4104.95605,86.9382553,-1004.99902
4236,18,-975,4235.95508,18.9348431,-975.998962
4232,225,-1081,4231.95605,225.936356,-1081.99902
4105,86,-1004,4105.96191,88.3563232,-1004.27246
4134,196,-1167,4134.96289,198.355225,-1167.26953
4084,103,-1124,4084.96582,105.356712,-1124.25879
3944,97,-1362,3944.58594,97.97612,-1362.8103
4008,187,-1394,4008.56934,187.976654,-1394.82202
3792,62,-1441,3792.56934,62.9741631,-1441.82202
3980,209,-1518,3980.823,210.097458,-1517.43201
3944,85,-1634,3944.83398,86.1000366,-1633.44824
3792,62,-1441,3792.83008,63.0984268,-1440.44238
4012,173,-1788,4012.69751,175.423019,-1787.28345
4118,215,-1870,4118.69727,217.425247,-1869.2832
4079,47,-1919,4079.69751,49.4208946,-1918.28345
3880,27,-1900,3880.18555,28.7327709,-1899.01746
4012,173,-1788,4012.17603,174.729309,-1787.01562
4079,47,-1919,4079.19043,48.7324333,-1918.01831
4012,173,-1788,4012.99707,173.956116,-1788.07556
3880,27,-1900,3880.9978,27.9593487,-1900.06055
3944,85,-1634,3944.99683,85.9587936,-1634.07544
4212,-150,-921,4211.51855,-144.007736,-921.876465
4236,18,-975,4235.53223,23.9981117,-975.883789
4146,10,-925,4145.53125,15.9983568,-925.88324
3944,85,-1634,3944.61353,91.74543,-1633.21033
3831,-150,-1581,3831.61353,-143.255005,-1580.21033
3792,-4,-1529,3792.61353,2.74421191,-1528.21033
3944,85,-1634,3944.81934,87.061821,-1633.42676
3792,-4,-1529,3792.81885,-1.9381628,-1528.42603
3792,62,-1441,3792.81885,64.0607376,-1440.42603
3829,-35,-1806,3829.87646,-30.1150627,-1806.48145
3859,-150,-1713,3859.86768,-145.124725,-1713.49658
3944,85,-1634,3944.86377,89.8828506,-1634.50366
3880,27,-1900,3880.99902,28.935091,-1900.04297
3829,-35,-1806,3829.99902,-33.0663185,-1806.04297
3944,85,-1634,3944.99805,86.9300156,-1634.06055
4441,-150,-2160,4441.11572,-146.287979,-2159.00684
4341,-150,-2147,4341.13184,-146.290741,-2146.00879
4328,56,-2067,4328.13184,59.7147369,-2066.00879
4451,24,-2085,4451.04102,25.4039726,-2084.00098
4441,-150,-2160,4441.04346,-148.595169,-2159.00098
4328,56,-2067,4328.04395,57.4023819,-2066.00098
4822,-6,-1967,4821.48633,-4.89706659,-1966.14209
4883,-150,-2017,4882.49658,-148.896957,-2016.13599
4708,-150,-2118,4707.47656,-148.90123,-2117.14795
4822,-6,-1967,4821.50293,-3.14793706,-1966.13232
4708,-150,-2118,4707.50977,-147.151306,-2117.12842
4693,-17,-2045,4692.49658,-14.1486368,-2044.13599
4912,57,-1145,4911.14697,61.263401,-1145.52185
4979,-150,-1105,4978.13525,-145.73288,-1105.50195
5067,-150,-1250,5066.13818,-145.724579,-1250.5072
4912,57,-1145,4911.12305,58.8862572,-1145.48047
5067,-150,-1250,5066.13525,-148.123184,-1250.5022
4989,47,-1270,4988.13525,48.8873978,-1270.50195
4628,-2,-944,4627.09473,-0.607534528,-944.4245
4713,-150,-817,4712.09473,-148.610367,-817.424805
4770,-150,-936,4769.08887,-148.610367,-936.411804
4628,-2,-944,4627.69141,-0.227555946,-944.951172
4770,-150,-936,4769.68896,-148.236374,-936.950378
4743,18,-988,4742.69141,19.7703323,-988.951172
4212,-150,-921,4212.31348,-146.071365,-921.949585
4308,-150,-887,4308.31445,-146.072113,-887.949219
4323,18,-944,4323.31641,21.9309006,-944.948608
4236,18,-975,4236.32324,21.9471397,-975.946228
4212,-150,-921,4212.33936,-146.049942,-921.940552
4323,18,-944,4323.31152,21.9419765,-944.950195
3859,-150,-1713,3859.97852,-147.12854,-1712.79395
3831,-150,-1581,3831.97949,-147.126038,-1580.79858
3944,85,-1634,3944.97437,87.8783875,-1633.77539
3822,-170,-614,3821.38501,-164.567337,-614.788513
4212,-150,-921,4211.38574,-144.549316,-921.789062
4146,10,-925,4145.38525,15.458396,-925.788696
3822,-170,-614,3822.94019,-166.311813,-613.659363
4017,10,-1018,4017.93652,13.7059879,-1017.64941
3994,-150,-1080,3994.93652,-146.295776,-1079.64941
3859,-150,-1713,3859.75122,-148.40567,-1713.66003
3829,-35,-1806,3829.75781,-33.4047012,-1806.65247
3466,-150,-2169,3466.75122,-148.401001,-2169.65991
3405,-189,-1468,3405.30786,-186.105072,-1467.04858
3073,-190,-1362,3073.30786,-187.112274,-1361.04858
3408,-112,-1442,3408.30786,-109.103088,-1441.04858
3792,-4,-1529,3792.28345,1.51584256,-1528.04102
3831,-150,-1581,3831.26978,-144.486542,-1580.03711
3405,-189,-1468,3405.26221,-183.499405,-1467.03503
3792,-4,-1529,3792.30884,-1.09449196,-1528.04895
3405,-189,-1468,3405.31738,-186.095306,-1467.05176
3408,-112,-1442,3408.30786,-109.094475,-1441.04858
3416,-115,-1359,3416.07617,-112.678925,-1359.99707
3073,-190,-1362,3073.08789,-187.673935,-1362.99609
3419,-189,-1334,3419.07544,-186.677048,-1334.99707
3809,-8,-1350,3809.10645,-4.55020571,-1350.99426
3416,-115,-1359,3416.11523,-111.55616,-1359.99329
3419,-189,-1334,3419.10693,-185.557205,-1334.99426
3859,-150,-1313,3859.06152,-147.103073,-1313.99805
3809,-8,-1350,3809.06006,-5.10342073,-1350.99817
3419,-189,-1334,3419.06006,-186.092972,-1334.99817
4880,439,-1513,4879.02832,445.335236,-1512.76379
4707,1071,-1745,4706.0293,1077.28113,-1744.75977
4791,1071,-1428,4790.02637,1077.30151,-1427.77197
4880,439,-1513,4879.12061,451.125732,-1512.52393
4681,439,-1869,4680.11621,451.068512,-1868.53223
4707,1071,-1745,4706.11621,1083.01245,-1744.53223
4832,183,-1870,4831.11621,185.850876,-1869.53223
4681,439,-1869,4680.12305,441.848389,-1868.51953
4880,439,-1513,4879.11963,441.863281,-1512.52576
4832,183,-1870,4831.03516,190.704315,-1869.73718
4880,439,-1513,4879.03027,446.688873,-1512.75586
4963,211,-1382,4962.03076,218.668472,-1381.75391
4963,211,-1382,4962.0332,212.429108,-1381.74451
5101,69,-1380,5100.03027,70.4279785,-1379.75586
4983,37,-1924,4982.0293,38.4336014,-1923.75977
5131,-190,-1671,5130.02148,-187.12146,-1670.79395
4983,37,-1924,4982.02148,39.871357,-1923.79395
5101,69,-1380,5100.02344,71.8759537,-1379.78479
5562,-190,-1282,5561.33984,-189.235397,-1281.2489
5131,-190,-1671,5130.3208,-189.240829,-1670.26611
5101,69,-1380,5100.31543,69.7612305,-1379.27112
4084,103,-1124,4084.50342,129.503296,-1123.13599
4162,-153,-1183,4162.52197,-126.568214,-1182.14709
4041,-152,-1110,4041.50781,-125.546127,-1109.13855
4084,103,-1124,4084.52148,122.339386,-1123.14685
4309,-155,-1272,4309.52637,-135.751648,-1271.14978
4162,-153,-1183,4162.51758,-133.696075,-1182.14441
-196,178,2215,-196.947311,179.49321,2215.32031
-186,178,2244,-186.945297,179.49263,2244.32617
-174,160,2245,-174.947556,161.492355,2245.31958
-268,178,2277,-267.5448,179.581467,2276.10962
-276,160,2286,-275.536774,161.581787,2285.11377
-240,178,2291,-239.540985,179.581467,2290.11157
-206,160,2297,-206.170197,161.184143,2296.01465
-211,178,2286,-211.169815,179.184494,2285.01465
-240,178,2291,-240.185272,179.184036,2290.01733
-211,178,2286,-211.750031,179.817535,2285.33862
-206,160,2297,-206.750046,161.817505,2296.33862
-194,178,2267,-194.749832,179.817535,2266.33838
-174,160,2245,-174.946396,161.482193,2244.677
-186,178,2244,-186.946564,179.482437,2243.67749
-194,178,2267,-194.946396,179.482544,2266.677
-218,160,2184,-218.608246,162.024094,2184.7937
-221,178,2196,-221.608246,180.02446,2196.7937
-196,178,2215,-196.608246,180.024918,2215.7937
-221,178,2196,-221.042267,180.325928,2196.99902
-218,160,2184,-218.042267,162.326035,2184.99902
-245,178,2196,-245.042267,180.325928,2196.99902
-283,160,2216,-282.334991,162.548477,2216.74683
-273,178,2221,-272.344452,180.54805,2221.75513
-245,178,2196,-244.334442,180.548538,2196.74634
-273,178,2221,-272.004883,180.421616,2221.09863
-283,160,2216,-282.004913,162.421677,2216.09888
-276,178,2249,-275.004913,180.421555,2249.09888
-276,160,2286,-275.040955,162.636292,2285.7168
-268,178,2277,-267.040955,180.636246,2276.7168
-276,178,2249,-275.040955,180.635742,2248.7168
