1674,1110,3081,1674.03711,1113.08789,3081.99927
1302,1109,3093,1302.03674,1112.09106,3093.99927
1302,1435,3214,1302.03674,1438.09863,3214.99927
1102,1108,3099,1102.1521,1110.41321,3099.98828
603,1095,3181,603.164062,1097.4314,3181.98633
1102,1441,3233,1102.1521,1443.39917,3233.98828
520,1433,2628,519.923523,1436.36694,2627.00293
1102,1108,2722,1101.92358,1111.34399,2721.00293
1102,1428,2593,1101.92358,1431.34412,2592.00293
2750,1142,2635,2750.23926,1147.63538,2635.97095
2589,1142,2677,2589.23926,1147.61914,2677.97095
2526,1541,2756,2526.23926,1546.64172,2756.97095
1302,1109,2724,1302.03735,1110.05432,2723.00073
1640,1110,2728,1640.0426,1111.04688,2727.00098
1505,1415,2570,1505.03369,1416.05151,2569.00073
1302,1109,2724,1301.91174,1111.64478,2723.00391
1505,1415,2570,1504.91174,1417.64417,2569.00391
1302,1423,2582,1301.91174,1425.63855,2581.00391
2009,1257,2152,2008.00085,1257.50427,2152.03979
1951,1317,1868,1950.00098,1317.49988,1868.04236
1902,1381,2051,1901.00098,1381.50085,2051.04297
1640,1110,2728,1639.24133,1111.45251,2727.34863
1702,1382,2379,1701.24719,1383.4408,2378.3418
1505,1415,2570,1504.25586,1416.44678,2569.33203
542,1110,2647,542.131409,1124.3501,2646.00879
1102,1108,2722,1102.11621,1122.48535,2721.00684
520,1433,2628,520.115967,1447.26648,2627.00684
2312,1160,2509,2311.84131,1166.91479,2508.0127
2511,1142,2480,2510.82397,1148.91772,2479.01562
2357,1295,2477,2356.84131,1301.91455,2476.0127
2511,1142,2480,2510.80347,1146.79968,2479.01953
2750,1142,2437,2749.8125,1146.80725,2436.01782
2357,1295,2477,2356.8125,1299.78894,2476.01782
2219,1342,1784,2219.97827,1353.25391,1783.79297
2299,1246,2226,2299.97852,1257.20935,2225.79395
2235,1515,1764,2235.97827,1526.26562,1763.79297
2299,1246,2226,2299.97827,1251.32275,2225.79297
2357,1295,2477,2357.97827,1300.32312,2476.79297
2235,1515,1764,2235.97827,1520.34485,1763.79297
2299,1246,2226,2299.98828,1248.36292,2225.84741
2312,1160,2509,2312.98633,1162.36975,2508.83545
2357,1295,2477,2357.98535,1297.36646,2476.82959
2145,1158,2770,2145.55103,1171.03979,2770.83447
1674,1110,3081,1674.55164,1123.08142,3081.83398
1778,1296,3033,1778.55127,1309.09766,3033.83423
1778,1296,3033,1778.34985,1334.08936,3033.93677
1302,1435,3214,1302.33899,1473.12573,3214.94067
2526,1541,2756,2526.33643,1578.68347,2756.94165
2145,1158,2770,2145.46338,1160.34497,2770.88599
1778,1296,3033,1778.4668,1298.34607,3033.88428
2526,1541,2756,2526.46729,1543.35571,2756.88403
2402,1153,2749,2402.0752,1185.3158,2749.99707
2145,1158,2770,2145.07617,1190.37708,2770.99707
2526,1541,2756,2526.07471,1573.24243,2756.99707
2589,1142,2677,2589.35059,1149.03735,2677.93652
2402,1153,2749,2402.33887,1160.02734,2749.94067
2526,1541,2756,2526.33887,1548.03162,2756.94067
25,1520,3506,25.0253239,1523.41919,3506.99951
869,1631,3522,869.034424,1634.35449,3522.99927
851,1429,3482,851.017517,1432.37354,3482.99976
82,1367,3494,82.0405579,1376.39282,3494.99902
25,1520,3506,25.0403328,1529.36243,3506.99902
274,1367,3491,274.034698,1376.42993,3491.99927
25,1520,3506,25.0391273,1538.78186,3506.99902
851,1429,3482,851.038086,1447.68274,3482.99927
274,1367,3491,274.032928,1385.75781,3491.99927
1287,1429,3362,1287.24316,1435.87817,3362.96997
851,1429,3482,851.25,1435.85022,3482.96802
869,1631,3522,869.253906,1637.85742,3522.96704
1287,1429,3362,1287.30762,1437.22717,3362.95142
869,1631,3522,869.307617,1639.22571,3522.95142
1293,1568,3375,1293.30774,1576.23486,3375.95142
1302,1435,3214,1302.99414,1454.37244,3214.10742
1287,1429,3362,1287.995,1448.36792,3362.09912
1293,1568,3375,1293.995,1587.34973,3375.09937
-430,1606,1306,-430.996948,1616.19629,1305.922
-399,1463,1168,-399.996948,1473.20337,1167.922
-399,1565,966,-399.996948,1575.18909,965.921936
-433,1717,992,-433.981689,1717.91455,991.80957
-430,1606,1306,-430.98172,1606.91162,1305.80969
-399,1667,966,-399.981781,1667.91357,965.809998
-866,1775,966,-866.152039,1777.02185,966.988342
-433,1717,992,-433.138947,1719.02661,992.990295
-399,1667,966,-399.14505,1669.02759,966.98938
281,1413,1124,280.706024,1413.9519,1123.04419
667,1355,1045,666.706055,1355.94031,1044.04419
457,1571,966,456.705963,1571.94592,965.04425
667,1355,1045,666.955872,1358.22363,1044.00098
1044,1571,966,1043.95593,1574.22241,965.000977
457,1571,966,456.957245,1574.22253,965.000916
667,1355,1045,667.087769,1356.0304,1044.00391
1078,1348,1085,1078.08777,1349.03577,1084.00391
1044,1571,966,1044.08716,1572.03992,965.003845
1078,1348,1085,1078.22327,1350.25403,1084.02527
1466,1342,1176,1466.22266,1344.24878,1175.02515
1044,1571,966,1044.21484,1573.25769,965.023376
1044,1571,966,1044.34961,1574.77332,965.06311
1466,1342,1176,1466.3512,1345.78833,1175.06372
1515,1537,1150,1515.34961,1540.77844,1149.06311
1466,1342,1176,1466.52637,1347.82764,1175.14978
1885,1363,1428,1885.52637,1368.81531,1427.14978
1515,1537,1150,1515.52185,1542.83606,1149.14697
1885,1363,1428,1885.55078,1370.07812,1427.16541
1917,1558,1415,1917.55078,1565.09509,1414.16541
1515,1537,1150,1515.55103,1544.13513,1149.16553
1885,1363,1428,1885.7345,1368.80908,1427.32141
2235,1515,1764,2235.73315,1520.79956,1763.31995
1917,1558,1415,1917.73401,1563.79578,1414.32092
1885,1363,1428,1885.71582,1370.36328,1427.30176
2219,1342,1784,2219.7168,1349.36792,1783.30273
2235,1515,1764,2235.71509,1522.37878,1763.30103
-1333,1571,966,-1333.99915,1575.30872,966.041077
-1360,1571,68,-1360.99902,1575.28833,68.0428009
-1522,2043,-172,-1522.99902,2047.29358,-171.956665
-1333,1571,966,-1333.99902,1575.39417,966.043579
-1522,2043,-172,-1522.99902,2047.44189,-171.956665
-1508,2070,843,-1508.99902,2074.40625,843.043213
-1352,1571,350,-1352.99902,1596.41589,349.955841
-1347,1437,523,-1347.99902,1462.43457,522.955872
-1347,1438,350,-1347.99902,1463.41919,349.955841
-430,1606,1306,-430.998993,1612.3114,1305.9552
-403,1450,1396,-403.999054,1456.30847,1395.95654
-399,1463,1168,-399.999023,1469.302,1167.95593
-403,1450,1396,-403.644867,1457.37756,1395.23572
-462,1606,1413,-462.644867,1613.38391,1412.23572
-582,1606,1512,-582.644592,1613.38196,1511.23547
-403,1450,1396,-403.956451,1453.05688,1395.70813
-430,1606,1306,-430.95694,1609.05933,1305.70972
-462,1606,1413,-462.95639,1609.05664,1412.70801
-739,1450,1614,-739.999023,1454.9552,1613.95593
-791,1640,2316,-791.999023,1644.99072,2315.95605
-749,1449,2332,-749.999023,1453.99658,2331.95605
-542,1062,4674,-542.998962,1069.00098,4673.95508
-511,1081,3953,-511.998993,1088.04089,3952.95532
-571,1318,4672,-571.998962,1325.00391,4671.95508
-511,1081,3953,-511.999054,1084.64209,3953.04272
-599,1404,3895,-599.99939,1407.65967,3895.03369
-571,1318,4672,-571.999023,1321.67627,4672.04199
603,1095,3181,603.145386,1098.23804,3181.98926
103,1090,3262,103.170059,1093.25024,3262.98535
691,1429,3270,691.152161,1432.23352,3270.98828
-495,1244,3184,-495.976593,1246.31177,3184.2146
-791,1640,2316,-791.979309,1642.28845,2316.20215
-547,1458,3204,-547.978333,1460.30017,3204.20703
-495,1244,3184,-495.995941,1246.27991,3183.91016
-547,1458,3204,-547.995056,1460.29272,3203.90088
-599,1404,3895,-599.996033,1406.24829,3894.91113
-749,1449,2332,-749.970459,1452.93945,2332.24121
-791,1640,2316,-791.970337,1643.93372,2316.24121
-495,1244,3184,-495.972565,1247.97485,3184.23242
-167,995,5393,-166.000885,997.918457,5392.95801
-127,1076,5461,-126.000084,1078.91956,5460.9873
-36,1281,4684,-35.0000839,1283.92407,4683.9873
-84,1075,4671,-83.0039597,1078.02332,4671.08887
-167,995,5393,-166.003876,998.028137,5393.08789
-36,1281,4684,-35.0040016,1284.01294,4684.08936
-47,1094,3906,-46.0010109,1098.43799,3906.04492
-84,1075,4671,-83.0010147,1079.47021,4671.04492
-36,1281,4684,-35.0010109,1285.45911,4684.04492
-47,1094,3906,-46.0030022,1098.02112,3906.07739
-36,1281,4684,-35.0030975,1285.04993,4684.07861
82,1367,3494,82.9978561,1371.01172,3494.06543
-462,1089,3190,-462.995026,1094.68433,3189.90039
-495,1244,3184,-495.994934,1249.67273,3183.89966
-599,1404,3895,-599.995117,1409.62024,3894.90137
-511,1081,3953,-511.997986,1085.42249,3952.93677
-462,1089,3190,-462.997955,1093.45581,3189.93652
-599,1404,3895,-599.997986,1408.43298,3894.9375
-571,1318,4672,-571.994995,1320.52014,4672.09961
-410,1077,5478,-410.993866,1079.53186,5478.11035
-394,996,5399,-394.994965,998.523987,5399.1001
-571,1318,4672,-571.982239,1324.85938,4672.1875
-394,996,5399,-394.983612,1002.83899,5399.17969
-542,1062,4674,-542.982239,1068.8717,4674.1875
542,1110,2647,541.891907,1130.33069,2646.00586
520,1433,2628,519.901306,1453.2915,2627.00488
139,1325,2669,138.901306,1345.37427,2668.00488
542,1110,2647,541.867737,1115.85815,2646.00879
139,1325,2669,138.891907,1330.90503,2668.00586
138,1104,2695,137.883286,1109.90173,2694.00684
138,1104,2695,137.484985,1115.47607,2694.14282
139,1325,2669,138.489487,1336.50073,2668.14014
-198,1239,2873,-198.494385,1250.50952,2872.13086
-198,1097,2885,-198.493622,1110.77234,2884.13037
138,1104,2695,137.494476,1117.81128,2694.13721
-198,1239,2873,-198.514542,1252.74976,2872.14258
-198,1097,2885,-198.726379,1121.70374,2884.31274
-198,1239,2873,-198.726379,1263.69104,2872.31274
-495,1244,3184,-495.726105,1268.64258,3183.3125
-462,1089,3190,-462.7547,1094.47522,3189.34399
-198,1097,2885,-198.749374,1102.46362,2884.33789
-495,1244,3184,-495.750214,1249.47266,3183.33887
1302,1435,3214,1302.99414,1456.86926,3214.10742
1293,1568,3375,1293.995,1589.89392,3375.09912
1311,1603,3219,1311.995,1624.85974,3219.09937
1676,1467,3074,1676.33923,1487.63086,3074.94067
1302,1435,3214,1302.3468,1455.56921,3214.93774
1311,1603,3219,1311.36255,1623.56409,3219.93188
603,1095,3181,603.075745,1100.04822,3181.99707
691,1429,3270,691.075684,1434.02551,3270.99707
1082,1440,3235,1082.07556,1445.00452,3235.99707
603,1095,3181,603.098328,1098.73157,3181.99512
1082,1440,3235,1082.09802,1443.73596,3235.99512
1082,1427,3231,1082.09802,1430.73608,3231.99512
-1333,1838,966,-1333.80896,1839.59094,965.41217
-1508,2070,843,-1508.81372,2071.59277,842.418945
-2000,2108,1444,-2000.80872,2109.573,1443.41211
2750,1303,2437,2750.90088,1303.54614,2437.43359
2750,1404,2635,2750.90112,1404.54956,2635.43335
3702,1993,1797,3702.9021,1993.52747,1797.43127
2750,1404,2635,2750.8833,1405.75598,2635.46875
3128,2049,2949,3128.87158,2050.76416,2949.48999
3702,1993,1797,3702.87207,1994.76746,1797.48926
2526,1541,2756,2526.3894,1542.53503,2756.9209
1302,1435,3214,1302.3894,1436.4989,3214.9209
1659,1845,3360,1659.40259,1846.4939,3360.91528
1637,2052,399,1637.93274,2053.32422,399.360535
1127,1571,747,1127.93433,1572.33032,747.356079
1044,1571,966,1044.93616,1572.33435,966.35144
3128,2049,2949,3128.15796,2050.42993,2949.9873
2750,1404,2635,2750.17529,1405.44165,2635.98438
2526,1541,2756,2526.16943,1542.44141,2756.98535
3128,2049,2949,3128.34766,2050.91357,2949.9375
2526,1541,2756,2526.36255,1542.922,2756.93188
1659,1845,3360,1659.3728,1846.91541,3360.92773
1515,1537,1150,1515.30823,1538.12512,1149.04871
3141,2041,1279,3141.30786,2042.12305,1278.04858
2381,2187,908,2381.30762,2188.13745,907.048523
1044,1571,-589,1044.9823,1573.2677,-589.186951
1100,1571,-269,1100.98352,1573.26794,-269.180756
1187,1851,-616,1187.98425,1853.27075,-616.176331
939,1571,-704,939.733521,1573.36023,-704.679626
1044,1571,-589,1044.73352,1573.35632,-589.679565
1187,1851,-616,1187.73352,1853.3595,-616.679565
939,1571,-704,939.813782,1573.50159,-704.580994
1187,1851,-616,1187.8186,1853.49402,-616.574158
1067,1847,-784,1067.81384,1849.49365,-784.581055
2357,1295,2477,2357.88354,1295.65417,2476.53174
2546,1649,2097,2546.8833,1649.65466,2096.53125
2235,1515,1764,2235.88574,1515.65576,1763.53589
1100,1571,-269,1100.97437,1571.59619,-269.224548
1637,2052,399,1637.97559,2052.60229,398.780396
1574,2068,68,1574.97546,2068.59912,67.7798462
1100,1571,-269,1100.94617,1573.17224,-269.323669
1574,2068,68,1574.94702,2070.18262,67.678833
1187,1851,-616,1187.94592,1853.18054,-616.324097
1659,1845,3360,1659.66699,1846.39612,3360.74487
1302,1435,3214,1302.6582,1436.39685,3214.75269
1293,1568,3375,1293.66699,1569.3949,3375.74487
869,1631,3522,869.275391,1634.94263,3522.96118
1659,1845,3360,1659.26172,1848.9646,3360.96509
1293,1568,3375,1293.28223,1571.95996,3375.95923
1147,1228,3237,1147.94897,1230.39612,3237.31519
1153,1222,3205,1153.95093,1224.39673,3205.30933
1120,1188,3238,1120.95093,1190.39551,3238.30933
-429,1685,456,-429.999054,1688.70728,455.956543
-417,1617,462,-417.999054,1620.70312,461.956543
-417,1617,378,-417.999054,1620.70312,377.956543
-429,1685,456,-429.999054,1688.70728,455.956543
-417,1617,378,-417.999054,1620.70312,377.956543
-429,1685,378,-429.999054,1688.70728,377.956543
-583,1685,456,-583.042969,1692.53589,455.000946
-595,1617,462,-595.042969,1624.53589,461.000946
-417,1617,462,-417.043274,1624.53589,461.000946
-583,1685,456,-583.042969,1692.53589,455.000946
-417,1617,462,-417.043274,1624.53589,461.000946
-429,1685,456,-429.043274,1692.53589,455.000946
-595,1617,377,-594.000916,1623.07129,376.957245
-595,1617,462,-594.000916,1623.07129,461.957245
-583,1685,456,-582.000916,1691.07556,455.957245
-595,1617,377,-594.000916,1623.07129,376.957245
-583,1685,456,-582.000916,1691.07556,455.957245
-583,1685,377,-582.000916,1691.07556,376.957245
-154,1617,379,-153.0009,1624.7063,378.957581
-154,1617,462,-153.0009,1624.7063,461.957581
-142,1685,456,-141.0009,1692.71057,455.957581
-154,1617,379,-153.0009,1624.7063,378.957581
-142,1685,456,-141.0009,1692.71057,455.957581
-142,1685,379,-141.0009,1692.71057,378.957581
12,1685,456,11.0009375,1692.8269,455.956726
24,1617,462,23.0009384,1624.82275,461.956696
24,1617,379,23.0009384,1624.82275,378.956696
12,1685,456,11.0009375,1692.8269,455.956726
24,1617,379,23.0009384,1624.82275,378.956696
12,1685,379,11.0009375,1692.8269,378.956726
-154,1617,462,-154.043274,1624.53589,461.000946
24,1617,462,23.9558182,1624.53552,461.000977
12,1685,456,11.9558172,1692.53552,455.000977
-154,1617,462,-154.043274,1624.53589,461.000946
12,1685,456,11.9558172,1692.53552,455.000977
-142,1685,456,-142.043274,1692.53589,455.000946
-169,1571,966,-169.042267,1643.56006,965.000916
-171,1670,964,-171.042267,1742.53296,963.000916
-200,1670,964,-200.042267,1742.53296,963.000916
-169,1571,966,-169.042267,1643.56006,965.000916
-200,1670,964,-200.042267,1742.53296,963.000916
-203,1571,966,-203.042267,1643.56006,965.000916
-169,1571,933,-169.999069,1631.55676,932.956909
-171,1670,935,-171.999069,1730.52954,934.956909
-171,1670,964,-171.999069,1730.52954,963.956909
-169,1571,933,-169.999069,1631.55676,932.956909
-171,1670,964,-171.999069,1730.52954,963.956909
-169,1571,966,-169.999069,1631.55676,965.956909
-203,1571,933,-203.042267,1623.47913,933.999084
-200,1670,935,-200.042267,1722.45203,935.999084
-171,1670,935,-171.042267,1722.45203,935.999084
-203,1571,933,-203.042267,1623.47913,933.999084
-171,1670,935,-171.042267,1722.45203,935.999084
-169,1571,933,-169.042267,1623.47913,933.999084
-203,1571,966,-202.000885,1588.52515,965.957947
-200,1670,964,-199.000885,1687.57349,963.957947
-200,1670,935,-199.000885,1687.57349,934.957947
-203,1571,966,-202.000885,1588.52515,965.957947
-200,1670,935,-199.000885,1687.57349,934.957947
-203,1571,933,-202.000885,1588.52515,932.957947
-403,1571,966,-402.000885,1637.60718,965.957947
-401,1670,964,-400.000885,1736.57996,963.957947
-401,1670,935,-400.000885,1736.57996,934.957947
-403,1571,966,-402.000885,1637.60718,965.957947
-401,1670,935,-400.000885,1736.57996,934.957947
-403,1571,933,-402.000885,1637.60718,932.957947
-369,1571,966,-369.042267,1643.56006,965.000916
-372,1670,964,-372.042267,1742.53296,963.000916
-401,1670,964,-401.042267,1742.53296,963.000916
-369,1571,966,-369.042267,1643.56006,965.000916
-401,1670,964,-401.042267,1742.53296,963.000916
-403,1571,966,-403.042267,1643.56006,965.000916
-403,1571,933,-403.042267,1623.47913,933.999084
-401,1670,935,-401.042267,1722.45203,935.999084
-372,1670,935,-372.042267,1722.45203,935.999084
-403,1571,933,-403.042267,1623.47913,933.999084
-372,1670,935,-372.042267,1722.45203,935.999084
-369,1571,933,-369.042267,1623.47913,933.999084
-369,1571,933,-369.999054,1612.9054,932.956543
-372,1670,935,-372.999054,1711.95386,934.956543
-372,1670,964,-372.999054,1711.95386,963.956543
-369,1571,933,-369.999054,1612.9054,932.956543
-372,1670,964,-372.999054,1711.95386,963.956543
-369,1571,966,-369.999054,1612.9054,965.956543
-397,1670,938,-396.000885,1671.06458,937.957947
-397,1670,960,-396.000885,1671.06458,959.957947
-386,1686,949,-385.000885,1687.0647,948.957947
-375,1670,938,-375.042267,1671.20642,938.999084
-397,1670,938,-397.042267,1671.20642,938.999084
-386,1686,949,-386.042267,1687.20667,949.999084
-375,1670,960,-375.998993,1671.33167,959.955139
-375,1670,938,-375.998993,1671.33167,937.955139
-386,1686,949,-386.998993,1687.33179,948.955139
-397,1670,960,-397.042267,1671.1897,959.000916
-375,1670,960,-375.042267,1671.1897,959.000916
-386,1686,949,-386.042267,1687.18994,948.000916
-197,1670,960,-197.042267,1671.1897,959.000916
-175,1670,960,-175.042267,1671.1897,959.000916
-186,1686,949,-186.042267,1687.18994,948.000916
-175,1670,960,-175.999039,1671.67407,959.956177
-175,1670,938,-175.999039,1671.67407,937.956177
-186,1686,949,-186.999023,1687.67419,948.955872
-175,1670,938,-175.042267,1671.20642,938.999084
-197,1670,938,-197.042267,1671.20642,938.999084
-186,1686,949,-186.042267,1687.20667,949.999084
-197,1670,938,-196.000885,1670.72217,937.957947
-197,1670,960,-196.000885,1670.72217,959.957947
-186,1686,949,-185.000885,1686.72229,948.957947
517,1617,464,516.956543,1704.50647,463.000946
-1114,1617,464,-1114.04297,1704.50647,463.000946
-1115,1447,466,-1115.04297,1534.29858,465.000946
517,1617,464,516.956543,1704.50647,463.000946
-1115,1447,466,-1115.04297,1534.29858,465.000946
522,1447,466,521.956543,1534.29858,465.000946
669,1450,-952,668.000977,1452.79822,-952.042969
620,1617,-954,619.000977,1619.80725,-954.042969
620,1617,192,619.000916,1619.8075,191.95723
669,1450,-952,668.000977,1452.79822,-952.042969
620,1617,192,619.000916,1619.8075,191.95723
669,1450,207,668.000916,1452.79846,206.95723
