-1243,552,349,-1243.99902,553.368652,348.955841
-1243,552,149,-1243.99902,553.368652,148.955826
-1302,642,221,-1302.99902,643.368042,220.955826
-1395,380,236,-1394.2793,385.525146,235.306763
-1394,40,326,-1393.27051,45.5033989,325.31604
-1243,552,349,-1242.27344,557.539734,348.312927
-1243,552,149,-1242.40137,561.362427,149.800949
-1382,55,173,-1381.39087,64.3658371,173.79306
-1395,380,236,-1394.39172,389.372894,236.793716
-2706,1051,-279,-2705.00098,1067.16089,-279.042267
-2716,952,-579,-2715.00098,968.126526,-579.042969
-2714,947,-299,-2713.00098,963.160828,-299.042267
-2476,880,-634,-2476.99902,884.423218,-633.958008
-2565,1283,-962,-2565.99902,1287.44116,-961.959961
-2497,1066,-287,-2497.99902,1070.41394,-286.955841
-2884,918,78,-2883.08447,925.124084,78.4022293
-2706,1051,-279,-2705.08838,1058.12524,-278.588989
-2714,947,-299,-2713.08936,954.125061,-298.586823
-2335,624,128,-2335.98926,627.170227,128.145294
-2497,1066,-287,-2497.99121,1069.21265,-286.867737
-2382,848,149,-2382.98926,851.181458,149.145706
-2335,624,128,-2335.94434,648.831238,128.328949
-2497,910,-307,-2497.948,934.803467,-306.681732
-2497,1066,-287,-2497.948,1090.85449,-286.681732
1226,29,26,1225.04749,31.0047035,25.695509
1335,-202,77,1334.04749,-199.990173,76.6955109
1473,-202,-351,1472.04456,-199.979004,-351.295044
1226,29,26,1225.04578,30.2521553,25.7009068
1473,-202,-351,1472.04395,-200.765808,-351.293091
1372,43,-453,1371.0448,44.2406082,-453.295837
1893,-202,16,1893.87549,-199.766068,16.4831314
1817,-202,157,1817.87256,-199.764359,157.488312
1888,-122,106,1888.87939,-119.766808,106.475967
2089,-117,154,2088.57031,-114.746132,154.902954
1893,-202,16,1892.5697,-199.747879,16.9026794
1945,-116,86,1944.56934,-113.749504,86.9024887
1909,-117,158,1909.42603,-115.527184,157.095291
1817,-202,157,1817.4259,-200.524353,156.095245
2051,-117,224,2051.42578,-115.530327,223.095184
1257,14,-147,1257.42615,79.0065994,-147.904648
1909,-117,158,1909.42578,-51.7146378,157.095184
2051,-117,224,2051.41724,-51.651577,223.091217
1280,43,-223,1279.57031,65.1805801,-222.097031
2089,-117,154,2088.56934,-94.8186798,154.902512
1945,-116,86,1944.56738,-93.8332367,86.9015579
-272,-2800,-380,-271.958679,-2798.1438,-380.999084
-269,-2909,-317,-268.96875,-2907.14429,-317.999451
291,-2909,-311,291.03125,-2907.1438,-311.999481
-272,-2800,-380,-272.043274,-2798.97461,-380.999054
291,-2909,-311,290.956543,-2907.97461,-311.999054
288,-2800,-380,287.956543,-2798.97461,-380.999054
-423,-3200,1786,-422.961761,-3197.89233,1785.00073
-372,-3435,1960,-371.955658,-3432.90112,1959.0011
394,-3435,1980,394.039307,-3432.91284,1979.00085
-423,-3200,1786,-422.965729,-3198.68652,1785.00061
394,-3435,1980,394.020172,-3433.69189,1979.00024
340,-3200,1795,340.035278,-3198.68945,1794.00073
-272,-2800,-380,-272.97879,-2792.34058,-380.204865
-414,-2800,316,-414.979828,-2792.39062,315.800171
-269,-2909,-317,-269.979736,-2901.34058,-317.200287
394,-3435,1980,394.952484,-3385.60327,1979.69543
711,-3400,2934,711.946045,-3350.45361,2933.67603
340,-3200,1795,340.952484,-3150.64893,1794.69543
-400,-2200,-2695,-400.883698,-2198.5459,-2695.46777
-179,-2553,-2446,-179.882721,-2551.54541,-2446.46973
-161,-2441,-2695,-161.896774,-2439.54395,-2695.44238
-400,-2200,-2695,-400.998901,-2197.76782,-2695.04443
-272,-2520,-1198,-272.998871,-2517.76245,-1198.04468
-179,-2553,-2446,-179.997894,-2550.76099,-2446.06348
446,-2553,-2446,446.994995,-2551.1355,-2445.90015
358,-2520,-1278,358.994934,-2518.1062,-1277.90039
688,-2200,-2400,688.994995,-2198.14526,-2399.90039
464,-2441,-2695,464.938263,-2439.6958,-2695.3457
446,-2553,-2446,446.938873,-2551.69531,-2446.34424
688,-2200,-2695,688.945923,-2198.69751,-2695.32422
446,-2553,-2446,446.999084,-2550.75757,-2446.04199
688,-2200,-2400,688.998962,-2197.7627,-2400.04297
688,-2200,-2695,688.998962,-2197.7627,-2695.04297
711,600,2934,711.969482,642.998108,2933.75488
364,-555,1608,364.971832,-512.648315,1607.7644
324,-875,1470,324.971954,-832.738708,1469.76489
711,600,2934,711.970947,634.320923,2933.76074
400,600,1600,400.97467,634.5896,1599.77637
364,-555,1608,364.97467,-520.007019,1607.77637
324,-875,1470,324.9487,-859.336914,1469.68384
340,-2848,1795,340.949585,-2832.1853,1794.68652
711,-3200,2934,711.946045,-3183.84619,2933.67603
-420,-2848,1795,-420.960449,-2787.08057,1795.27832
-400,-1000,2000,-400.960693,-937.814941,2000.27759
-89,-3200,2934,-89.9610519,-3139.71411,2934.27637
383,16,-920,383.997009,18.9207535,-920.077148
471,518,-1141,471.997009,520.910278,-1141.0769
400,606,-2400,400.997009,608.842224,-2400.07715
400,600,1600,400.999084,615.769348,1600.04224
400,-26,792,400.999084,-9.93270111,792.042603
364,-555,1608,364.999115,-539.327393,1608.04187
298,-1069,-101,298.997986,-1037.99695,-100.936584
383,16,-920,383.997009,46.7491455,-919.922852
474,-1119,-2695,474.998016,-1087.76086,-2694.9375
364,-555,1608,364.999115,-542.64325,1607.95801
400,-26,792,400.999115,-13.710144,791.957947
364,-555,611,364.999115,-542.64325,610.957947
400,-26,792,400.998138,3.25861979,791.939026
298,-1069,-101,298.998047,-1039.28088,-101.062225
364,-555,611,364.998047,-525.589539,610.937561
298,-1069,-101,298.999115,-1062.65845,-101.041527
324,-875,648,324.999115,-868.719604,647.957947
364,-555,611,364.999115,-548.744873,610.957947
358,-2200,-1278,358.997009,-2175.79761,-1277.92285
288,-2248,-380,288.996979,-2224.29858,-379.922424
298,-1069,-101,298.996979,-1044.78149,-100.922592
358,-2200,-1278,358.997131,-2114.87231,-1277.92432
298,-1069,-101,298.997986,-984.543335,-100.936584
474,-1119,-2695,474.997009,-1034.5282,-2694.92285
-352,627,-1527,-352.96048,632.183044,-1527.27832
-450,497,-1121,-450.96048,502.208984,-1121.27832
-396,0,-1052,-396.96048,5.19397402,-1052.27832
-326,-1119,-2695,-326.998993,-1102.771,-2694.95532
-400,800,-2400,-400.998993,816.006592,-2399.95532
-352,627,-1527,-352.998993,642.87915,-1526.9552
-716,-2051,25,-716.725769,-2043.07935,25.6879196
-522,-1048,383,-522.731506,-1040.05273,383.681763
-414,-2051,347,-414.735199,-2043.11389,347.677795
-414,-2051,347,-414.997925,-2039.46924,346.935638
-522,-1048,383,-522.997986,-1036.61182,382.936584
-420,-2848,1795,-420.997986,-2836.17847,1794.93665
2855,328,756,2855.99023,330.042023,756.137817
2946,373,89,2946.99219,375.046051,89.1240692
2764,-234,268,2764.99121,-231.97374,268.131226
2764,-234,268,2764.38477,-229.823776,267.076996
2303,335,-75,2303.38232,339.173584,-75.9240265
2176,-115,-7,2176.37402,-110.820297,-7.9273963
2764,-234,268,2764.26611,-232.194504,267.036072
2946,373,89,2946.26465,374.818115,88.0356598
2303,335,-75,2303.26465,336.791809,-75.9642715
1372,43,-453,1372.79907,68.4039536,-453.601166
1409,604,-445,1409.79919,629.445862,-445.601013
1019,120,-936,1019.80078,145.342621,-936.598938
1409,604,-445,1409.79907,637.270752,-445.601135
1004,692,-998,1004.80896,725.189392,-998.58783
1019,120,-936,1019.80878,153.305222,-936.587891
1019,120,-936,1018.95587,129.828659,-936.999023
1004,692,-998,1003.95587,701.857605,-998.999023
383,16,-920,382.957245,25.8075256,-920.999084
1004,692,-998,1004.39551,693.338989,-998.918335
471,518,-1141,471.388916,519.335632,-1141.92126
383,16,-920,383.398468,17.3286686,-920.917175
2303,335,-75,2303.51074,337.960358,-75.8596268
1952,-202,-112,1952.51074,-199.011383,-112.859634
2176,-115,-7,2176.49902,-112.019699,-7.86655378
1473,-202,-351,1473.44165,-194.999496,-351.897186
1952,-202,-112,1952.43457,-195.033432,-112.900635
1372,43,-453,1372.44055,50.0077019,-453.897705
1409,604,-445,1409.33044,608.565247,-445.943817
1952,-202,-112,1952.34302,-197.443344,-112.939323
2303,335,-75,2303.34351,339.592377,-75.9391403
1372,43,-453,1372.50586,70.5030212,-453.862579
1952,-202,-112,1952.48828,-174.233978,-112.872635
1409,604,-445,1409.48828,631.129944,-445.872589
400,-26,792,400.494019,-21.9384212,792.869446
400,512,960,400.486542,516.059814,960.873657
522,479,881,522.489014,483.063934,881.872253
400,-26,792,400.218567,-20.1292915,792.975769
888,520,757,888.223633,525.984436,757.97467
893,0,683,893.214111,5.92539454,683.976807
400,-26,792,400.341431,-23.5074959,792.93988
522,479,881,522.3396,481.509674,881.940552
888,520,757,888.34967,522.529419,757.936829
1733,-202,274,1732.55566,-103.388847,274.895844
1335,-202,77,1334.56543,-103.330177,77.9006119
1226,29,26,1225.5697,127.868095,26.9026699
893,0,683,893.883728,21.0726357,683.467957
888,520,757,888.883362,541.030334,757.468689
1226,29,26,1226.88672,50.2508087,26.4622879
888,520,757,888.795166,523.980164,757.606384
1290,525,217,1290.79907,529,217.601227
1226,29,26,1226.79614,33.0050812,26.6050911
1226,29,26,1225.51855,32.9845963,26.8764553
1882,538,514,1881.53247,541.932068,514.883972
1966,-119,382,1965.52686,-115.027794,382.880981
1226,29,26,1225.56555,32.6444206,26.9006634
1290,525,217,1289.55371,528.656982,217.894882
1882,538,514,1881.57434,541.69342,514.904846
1882,538,514,1881.68762,540.792847,514.949951
2451,-234,512,2450.68872,-231.167725,512.950317
1966,-119,382,1965.69238,-116.174484,382.951508
1882,538,514,1881.65918,540.47229,514.940125
2319,329,616,2318.64844,331.445496,616.936157
2451,-234,512,2450.64941,-231.593338,512.936523
2451,-234,512,2450.02026,-215.726028,512.200195
2523,260,965,2522.02026,278.181091,965.200195
2582,-281,1092,2581.02026,-262.742676,1092.2002
2451,-234,512,2450.11328,-231.155975,512.462158
2319,329,616,2318.11475,331.860138,616.464966
2523,260,965,2522.11597,262.854767,965.467285
-2436,124,-554,-2436.24316,131.981049,-554.969971
-2476,880,-634,-2476.24316,888.036865,-634.969971
-2860,986,-554,-2860.24316,993.993103,-554.969849
-2036,81,-852,-2036.61816,89.4730148,-852.78595
-2036,676,-963,-2036.61816,684.40802,-963.78595
-2436,124,-554,-2436.61816,132.484818,-554.78595
-2036,676,-963,-2036.63916,683.740601,-963.769043
-2476,880,-634,-2476.63281,887.730164,-634.774231
-2436,124,-554,-2436.63867,131.679764,-554.769348
-1556,0,-1212,-1556.61816,5.18095398,-1212.78601
-2036,676,-963,-2036.61829,681.215698,-963.78595
-2036,81,-852,-2036.61401,86.1723938,-852.789246
-1556,0,-1212,-1556.53418,18.9426842,-1212.84534
-1598,840,-1254,-1598.53418,858.775208,-1254.84534
-2036,676,-963,-2036.53442,694.858215,-963.845215
-396,0,-1052,-395.867737,6.80599403,-1052.99121
-450,497,-1121,-449.867035,503.837585,-1121.99109
-616,654,-1163,-615.867188,660.864075,-1163.99109
-396,0,-1052,-395.664612,33.5572777,-1052.94202
-616,654,-1163,-615.660706,687.648438,-1163.94067
-836,0,-1212,-835.660034,33.5312157,-1212.94043
-616,654,-1163,-615.681763,685.03949,-1163.948
-946,753,-1281,-945.678833,784.161133,-1281.94702
-836,0,-1212,-835.676331,30.9778767,-1212.94617
-836,0,-1212,-836.042969,10.164238,-1212.99902
-946,753,-1281,-946.042969,763.16333,-1281.99902
-1556,0,-1212,-1556.04297,10.164238,-1212.99902
-946,753,-1281,-946.043152,773.305054,-1281.99902
-1598,840,-1254,-1598.04346,860.284302,-1254.99902
-1556,0,-1212,-1556.04297,20.1371555,-1212.99902
-1360,80,920,-1360.88647,83.1472092,920.462769
-1759,363,426,-1759.88782,366.168793,426.460175
-1483,546,1109,-1483.8833,549.141113,1109.46875
-1360,80,920,-1359.86731,116.053246,920.99115
-626,822,846,-625.867188,858.24176,846.991089
-400,-50,785,-399.867279,-13.5417337,785.99115
-1360,80,920,-1359.62183,82.4792175,920.92572
-1483,546,1109,-1482.63635,548.472534,1109.93152
-626,822,846,-625.621216,824.503113,846.925476
-626,822,846,-626.677795,827.053711,846.735229
-400,500,954,-400.678741,505.063293,954.734314
-400,-50,785,-400.677948,-44.9447746,785.735107
-400,500,954,-400.984009,502.099274,954.178101
-626,822,846,-626.9823,824.095764,846.187195
-400,800,2000,-400.983826,802.10321,2000.17908
-2228,100,76,-2227.85132,111.481163,76.988884
-2382,848,149,-2381.86523,859.618469,149.990875
-1879,721,66,-1878.85071,732.6521,66.9887924
-3180,266,-994,-3179.41211,288.745453,-994.808777
-3140,1184,-1034,-3139.41211,1206.63928,-1034.80884
-3850,1130,-1557,-3849.4126,1152.64893,-1557.8092
-2860,986,-554,-2859.15527,1003.349,-554.535034
-3140,1184,-1034,-3139.15479,1201.2041,-1034.53418
-3180,266,-994,-3179.15039,283.350525,-994.527344
-3874,401,-1559,-3874.0437,442.134003,-1559.99902
-3869,1130,-1584,-3869.04297,1171.1333,-1584.99902
-4686,401,-1523,-4686.04395,441.795868,-1523.99902
-2884,918,78,-2884.16016,925.707092,78.9870682
-2382,848,149,-2382.15332,855.677673,149.988159
-2228,100,76,-2228.16016,107.729691,76.9870758
-3179,218,-115,-3179.20898,222.919403,-114.022087
-2884,918,78,-2884.21704,922.841431,78.9761505
-2228,100,76,-2228.20801,104.848846,76.9781189
-3179,218,-115,-3179.38867,227.019821,-114.078629
-3385,730,-148,-3385.39062,739.108582,-147.079453
-2884,918,78,-2884.38867,927.015442,78.9212875
-3537,266,-835,-3537.90503,268.801178,-834.574707
-3615,723,-755,-3615.90479,725.77771,-754.574219
-3179,218,-115,-3179.90869,220.790649,-114.582779
-3615,723,-755,-3615.93726,726.299561,-754.651367
-3385,730,-148,-3385.93628,733.289124,-147.648758
-3179,218,-115,-3179.93799,221.295975,-114.65374
-3896,359,-1195,-3896.74341,364.339508,-1194.33118
-3615,723,-755,-3615.7439,728.371094,-754.331726
-3537,266,-835,-3537.75122,271.354309,-834.339966
-3896,359,-1195,-3896.7915,363.330353,-1194.38892
-3960,1015,-1131,-3960.79126,1019.35168,-1130.38867
-3615,723,-755,-3615.79443,727.322815,-754.3927
