96,-148,2282,95.5391006,-145.336273,2281.11255
639,-65,1964,638.53125,-62.3588066,1963.1167
419,397,1867,418.536774,399.665161,1866.11377
96,-148,2282,95.3279266,-141.544495,2281.25952
419,397,1867,418.31955,403.421539,1866.26721
-76,727,2254,-76.6701813,733.416138,2253.25781
833,-14,1596,832.210144,-12.6035099,1595.38672
652,412,1559,651.210144,413.396454,1558.38672
419,397,1867,418.206207,398.405762,1866.39185
833,-14,1596,832.150513,-11.6132536,1595.47241
419,397,1867,418.13739,399.382812,1866.49414
639,-65,1964,638.147278,-62.6136284,1963.47766
395,-376,4043,394.178925,-373.167603,4043.5708
-202,-376,3210,-202.819946,-373.151276,3210.57227
-365,96,3272,-365.822083,98.8303375,3272.56934
-365,96,3272,-365.981842,99.0380936,3271.8103
-202,-376,3210,-202.981659,-372.956482,3209.80957
-297,188,2789,-297.981934,191.021469,2788.81079
-202,-376,3210,-202.981659,-372.956482,3209.80957
-134,-284,2727,-134.981705,-280.972992,2726.80981
-297,188,2789,-297.981934,191.021469,2788.81079
-134,-284,2727,-134.86142,-278.004547,2726.49219
96,-148,2282,95.1322937,-142.048752,2281.50293
-76,727,2254,-76.8665695,732.880371,2253.50098
-297,188,2789,-297.827118,194.59169,2788.43799
-134,-284,2727,-134.835236,-277.408539,2726.4502
-76,727,2254,-76.825798,733.598206,2253.43604
-1803,541,-2683,-1803.48865,546.263428,-2682.12769
-2242,575,-2916,-2242.48047,580.266235,-2915.12305
-2268,918,-2874,-2268.48755,923.288208,-2873.12695
-1803,541,-2683,-1803.4248,554.108032,-2682.09473
-2268,918,-2874,-2268.42896,931.060913,-2873.09668
-1823,890,-2660,-1823.42468,903.066162,-2659.09473
-1547,440,-2390,-1547.77258,452.85437,-2389.36523
-1803,541,-2683,-1803.77307,553.875793,-2682.36572
-1823,890,-2660,-1823.77283,902.874023,-2659.36548
-1547,440,-2390,-1547.88452,444.942535,-2389.53369
-1823,890,-2660,-1823.88513,894.953491,-2659.53467
-1586,796,-2266,-1586.8833,800.935547,-2265.53125
-1354,440,-1928,-1354.9209,443.858856,-1927.61023
-1547,440,-2390,-1547.92542,443.844208,-2389.62109
-1586,796,-2266,-1586.92542,799.830688,-2265.62109
-2930,613,-3346,-2930.50293,618.950745,-3345.13574
-2994,956,-3285,-2994.5022,961.938904,-3284.13525
-2268,918,-2874,-2268.5022,923.923523,-2873.13525
-2930,613,-3346,-2930.53467,617.731018,-3345.15503
-2268,918,-2874,-2268.53442,922.785522,-2873.15479
-2242,575,-2916,-2242.54077,579.758728,-2915.15894
-3346,711,-4703,-3346.96973,713.037659,-4702.75586
-3534,1054,-4739,-3534.97046,1056.04285,-4738.75879
-3389,1113,-4023,-3389.97437,1115.06226,-4022.77539
-3346,711,-4703,-3346.98926,713.06781,-4702.854
-3389,1113,-4023,-3389.98828,1115.08142,-4022.84741
-3263,770,-4036,-3263.98926,772.07489,-4035.85449
-3389,1113,-4023,-3389.90479,1116.77795,-4022.57422
-2994,956,-3285,-2994.9043,959.788147,-3284.57324
-2930,613,-3346,-2930.90405,616.80603,-3345.57275
-3389,1113,-4023,-3389.93628,1115.65149,-4022.64893
-2930,613,-3346,-2930.93164,615.691528,-3345.63672
-3263,770,-4036,-3263.93652,772.662598,-4035.64941
-923,307,-443,-923.779541,322.60376,-442.373657
-919,597,-400,-919.780273,612.569214,-399.374573
-733,506,-176,-733.780579,521.599915,-175.374954
-923,307,-443,-923.779541,312.197388,-442.373657
-733,506,-176,-733.779602,511.174316,-175.373734
-737,216,-226,-737.77948,221.198914,-225.373581
-733,506,-176,-733.471863,510.828461,-175.118332
-443,486,-27,-443.470337,490.86142,-26.1175137
-447,196,-84,-447.470276,200.859177,-83.117485
-733,506,-176,-733.444214,513.545227,-175.10408
-447,196,-84,-447.44931,203.527252,-83.1066284
-737,216,-226,-737.444092,223.529343,-225.104019
-923,307,-443,-923.997925,308.641663,-443.063324
-913,335,-774,-913.998047,336.629181,-774.062134
-1028,625,-684,-1028.99805,626.626404,-684.061707
-923,307,-443,-923.936768,330.961456,-442.650055
-1028,625,-684,-1028.93616,648.893372,-683.648438
-919,597,-400,-919.936157,620.906494,-399.648499
-447,196,-84,-446.880127,200.533386,-83.0072174
-443,486,-27,-442.88031,490.518402,-26.0071888
-59,422,-85,-58.8816643,426.521881,-84.0070267
-447,196,-84,-446.850922,200.365219,-83.0111771
-59,422,-85,-58.8523827,426.355835,-84.0109558
-62,132,-156,-61.8447151,136.358978,-155.012131
547,66,185,546.000916,70.5439453,185.042328
498,386,252,497.000946,390.571411,252.043335
516,336,824,515.000977,340.593445,824.043579
547,66,185,546.000916,72.4573517,185.042679
516,336,824,515.000977,342.469543,824.04364
579,44,783,578.000977,50.4667587,783.043762
547,66,185,546.130432,67.641243,185.49379
412,132,-13,411.130371,133.638214,-12.5062943
365,435,99,364.132355,436.633728,99.4971771
547,66,185,546.200012,68.4868546,185.600006
365,435,99,364.207703,437.506927,99.6101151
498,386,252,497.208649,388.503174,252.611359
412,132,-13,411.604279,133.950974,-12.0816298
166,132,-121,165.594757,133.956131,-120.085793
137,418,0,136.60022,419.949921,0.916610837
412,132,-13,411.628418,134.650803,-12.0716
137,418,0,136.62645,420.637177,0.927609503
365,435,99,364.622314,437.645447,99.9259338
166,132,-121,165.839279,137.734695,-120.013
-62,132,-156,-62.153511,137.735092,-155.011856
-59,422,-85,-59.1481552,427.720459,-84.0110397
166,132,-121,165.593185,133.142517,-120.086494
-59,422,-85,-59.3948631,423.13858,-84.0812607
137,418,0,136.591171,419.136627,0.91260922
579,44,783,578.122498,49.5234108,783.479553
516,336,824,515.122559,341.538818,824.479675
686,453,1197,685.122742,458.55069,1197.47998
579,44,783,578.094543,48.0542946,783.424438
686,453,1197,685.094849,457.044403,1197.42505
751,52,1154,750.094788,56.0548592,1154.42493
751,52,1154,750.004822,60.4127922,1153.90198
686,453,1197,685.004822,461.407196,1196.90198
652,412,1559,651.004883,420.422485,1558.90137
751,52,1154,750.006714,54.1052856,1154.1156
652,412,1559,651.006714,414.118164,1559.1156
833,-14,1596,832.006836,-11.8996048,1596.1167
-1354,440,-1928,-1354.93652,446.653168,-1927.64941
-1319,883,-1610,-1319.93616,889.621399,-1609.64844
-1218,440,-1568,-1218.93774,446.64212,-1567.65271
-1218,440,-1568,-1218.88391,446.855255,-1567.53235
-1319,883,-1610,-1319.88403,889.816772,-1609.53259
-1161,904,-1309,-1161.8833,910.818909,-1308.53125
-1218,440,-1568,-1218.89636,443.931335,-1567.55676
-1161,904,-1309,-1161.9021,907.962219,-1308.56848
-1117,440,-1366,-1117.90479,443.929138,-1365.57422
-1117,440,-1366,-1117.9646,450.844513,-1365.73633
-1161,904,-1309,-1161.9646,914.857117,-1308.73633
-1069,794,-1030,-1069.9646,804.83075,-1029.73633
-1117,440,-1366,-1117.97046,452.219543,-1365.75879
-1069,794,-1030,-1069.97449,806.219849,-1029.77563
-1050,440,-1085,-1050.97046,452.191742,-1084.75879
-1050,440,-1085,-1050.99609,455.445312,-1084.91174
-1069,794,-1030,-1069.99609,809.521545,-1029.91174
-1028,625,-684,-1028.99609,640.478149,-683.911743
-1050,440,-1085,-1050.96484,441.419617,-1084.73718
-1028,625,-684,-1028.96472,626.420532,-683.736755
-913,335,-774,-913.9646,336.431427,-773.736328
-2315,653,-3542,-2314.2832,659.257202,-3542.69727
-1988,575,-3179,-1987.28345,581.246277,-3179.69751
-1891,1141,-3263,-1890.28418,1147.2384,-3263.69824
-2217,1277,-3626,-2216.30176,1279.44885,-3626.71582
-2315,653,-3542,-2314.30225,655.478821,-3542.71631
-1891,1141,-3263,-1890.30005,1143.44885,-3263.71411
-2217,1277,-3626,-2216.23608,1280.14075,-3626.64526
-2719,1385,-4255,-2718.23633,1388.18164,-4255.64551
-2816,792,-4170,-2815.2478,795.192749,-4170.65869
-2217,1277,-3626,-2216.24146,1282.41919,-3626.65161
-2816,792,-4170,-2815.24805,797.437134,-4170.65918
-2315,653,-3542,-2314.2478,658.392456,-3542.65894
-2719,1385,-4255,-2718.07715,1391.97058,-4255.38477
-2970,1356,-4860,-2969.07397,1362.94263,-4860.37744
-3068,711,-4776,-3067.07397,717.993164,-4776.37744
-2719,1385,-4255,-2718.07031,1391.06079,-4255.36816
-3068,711,-4776,-3067.06348,717.016418,-4776.35059
-2816,792,-4170,-2815.06836,798.011353,-4170.36328
-28,1010,-3003,-28.3414669,1017.25323,-3003.9397
-339,1867,-3011,-339.342316,1874.30444,-3011.93945
-663,729,-2734,-663.349854,736.199341,-2734.93677
-339,1867,-3011,-339.298157,1870.91626,-3011.95435
-1136,889,-2612,-1136.31641,892.942749,-2612.94849
-663,729,-2734,-663.307617,732.979309,-2734.95142
-339,1867,-3011,-338.775391,1869.10364,-3011.97437
-1099,1253,-2823,-1098.77612,1255.10608,-2823.97461
-1136,889,-2612,-1135.77612,891.104614,-2612.97461
-1891,1141,-3263,-1890.42639,1147.16089,-3263.81909
-1988,575,-3179,-1987.44165,581.136353,-3179.82959
-1420,1107,-2927,-1419.42578,1113.1156,-2927.8186
-1420,1107,-2927,-1419.50378,1109.87048,-2927.86816
-1278,979,-2769,-1277.49658,981.867859,-2769.86401
-1099,1253,-2823,-1098.5033,1255.85925,-2823.86792
-1136,889,-2612,-1135.42603,891.128296,-2612.81885
-1099,1253,-2823,-1098.44165,1255.13428,-2823.82959
-1278,979,-2769,-1277.44434,981.125,-2769.8313
-1136,889,-2612,-1136.35022,893.176453,-2612.93652
-918,360,-2528,-918.350098,364.16925,-2528.93652
-663,729,-2734,-663.350037,733.184875,-2734.93652
1267,285,1403,1267.63281,286.173126,1403.77417
1715,959,1451,1715.63293,960.180786,1451.77417
1322,-14,1168,1322.63293,-12.8252773,1168.77417
1715,959,1451,1714.8678,963.002869,1451.99121
1466,-21,1184,1465.8678,-17.0204506,1184.99121
1322,-14,1168,1321.8678,-10.0248575,1168.99121
1098,-14,1563,1098.88391,-11.1323566,1563.46765
1222,488,1612,1222.88391,490.844666,1612.46765
1267,285,1403,1267.88428,287.862823,1403.46692
884,-65,2089,884.945923,-62.5701942,2089.32422
1008,361,2138,1008.94592,363.442413,2138.32422
1222,488,1612,1222.94849,490.468323,1612.31677
884,-65,2089,884.93158,-62.9835701,2089.36353
1222,488,1612,1222.93616,490.088257,1612.35156
1098,-14,1563,1098.93127,-11.943512,1563.36401
521,-148,2518,521.785278,-145.397156,2518.61914
1008,361,2138,1008.78827,363.560272,2138.61523
884,-65,2089,884.788208,-62.4235306,2089.61523
1267,285,1403,1267.84216,287.518188,1403.53906
1222,488,1612,1222.84412,490.523071,1612.53613
1363,630,1490,1363.84412,632.533508,1490.53613
1267,285,1403,1267.42383,288.051636,1403.90564
1363,630,1490,1363.4115,633.045105,1490.91138
1715,959,1451,1715.41211,962.047668,1451.91113
1466,-21,1184,1466.52637,-18.2806816,1184.85022
1715,959,1451,1715.51172,961.747803,1451.85901
1733,583,1279,1733.52148,585.735779,1279.85315
1771,94,955,1771.69629,97.5785217,955.717712
1466,-21,1184,1466.69678,-17.4381084,1184.71729
1733,583,1279,1733.69678,586.559204,1279.71729
2129,323,986,2129.29199,323.661255,986.95636
1771,94,955,1771.3092,94.6745987,955.950989
1733,583,1279,1733.29297,583.670227,1279.95605
2578,-70,669,2578.84448,-55.998291,669.535522
2901,-809,34,2901.84229,-795.083923,34.538826
2459,-809,758,2459.84448,-795.129822,758.535522
935,-809,-2933,934.955872,-782.766907,-2933.99902
635,555,-2993,634.955872,580.783325,-2993.99902
-28,1010,-3003,-28.0425262,1035.56531,-3003.99902
-28,1010,-3003,-28.3673477,1021.65521,-3003.92993
-663,729,-2734,-663.377747,740.680969,-2734.92578
-918,-809,-2528,-918.377747,-797.398193,-2528.92578
935,-809,-2933,934.771484,-799.139709,-2933.97339
-28,1010,-3003,-28.2224274,1019.7124,-3003.97485
-918,-809,-2528,-918.226562,-799.306885,-2528.97388
2607,464,644,2607.90991,508.373138,644.414673
2901,1001,34,2901.90796,1045.49841,34.4187889
2578,-70,669,2578.90527,-25.5295849,669.424805
1780,-809,953,1780.61816,-804.420532,953.785889
2129,323,986,2129.60938,327.566986,986.792725
2607,464,644,2607.60547,468.555145,644.795715
1466,-21,1184,1466.55103,48.0952492,1184.83447
1780,-809,953,1780.55078,-740.619873,953.834595
1431,-809,1191,1431.55078,-740.440247,1191.83459
-3534,1054,-4739,-3534.97632,1055.9126,-4738.78418
-3486,1658,-3437,-3486.97437,1659.93396,-3436.77539
-3389,1113,-4023,-3389.97534,1114.91467,-4022.78027
-3486,1658,-3437,-3486.92969,1659.28479,-3436.63184
-2994,956,-3285,-2994.92993,957.291199,-3284.63232
-3389,1113,-4023,-3389.92578,1114.29651,-4022.62207
-2994,956,-3285,-2994.85547,957.363708,-3284.48218
-3486,1658,-3437,-3486.85547,1659.34839,-3436.48218
-2570,1421,-2179,-2570.84473,1422.34961,-2178.46484
-1586,796,-2266,-1586.93164,797.650818,-2265.63672
-1823,890,-2660,-1823.92957,891.660156,-2659.63135
-2022,1426,-2069,-2022.92578,1427.64685,-2068.62207
-1354,813,-1928,-1354.8092,814.500916,-1927.41248
-1586,796,-2266,-1586.80945,797.49585,-2265.41284
-2022,1426,-2069,-2022.80615,1427.49646,-2068.40845
-2438,553,-3503,-2437.30176,554.207581,-3503.71582
-2816,792,-4170,-2815.29883,793.228699,-4170.71289
-2905,702,-4143,-2904.29883,703.22876,-4143.71289
-2315,653,-3542,-2314.37012,654.441101,-3542.77661
-2039,495,-3126,-2038.36023,496.443146,-3126.76855
-1988,575,-3179,-1987.36023,576.443115,-3179.76855
-2807,553,-3385,-2807.61816,553.527649,-3384.21411
-2242,575,-2916,-2242.61865,575.531067,-2915.21436
-2191,495,-2969,-2191.61426,495.528534,-2968.21094
-1988,575,-3179,-1987.63672,575.450195,-3179.93164
-2039,495,-3126,-2038.63672,495.451508,-3126.93164
-1496,461,-2878,-1495.63611,461.462708,-2878.9314
-1988,575,-3179,-1987.65137,575.478027,-3179.93726
-1496,461,-2878,-1495.63672,461.471466,-2878.93164
-1420,541,-2927,-1419.65137,541.470093,-2927.93726
-2191,495,-2969,-2191.53516,495.386688,-2968.15527
-2242,575,-2916,-2242.52734,575.384399,-2915.15039
-1803,541,-2683,-1803.53516,541.392944,-2682.15527
-1420,541,-2927,-1419.5957,542.291992,-2927.91455
-1496,461,-2878,-1495.60254,462.293518,-2878.91748
-1136,360,-2612,-1135.59729,361.298279,-2612.91528
-1436,885,245,-1436.34375,885.642761,245.939056
-2011,1493,536,-2011.32324,1493.64478,536.946289
-433,1519,1103,-433.322235,1519.61536,1103.94666
-1069,794,-1030,-1069.97449,795.828308,-1030.22412
-2011,1493,536,-2011.97485,1494.8302,535.777161
-1436,885,245,-1436.97742,886.828735,244.788681
-1069,794,-1030,-1069.97437,795.236938,-1030.22461
-1436,885,245,-1436.97546,886.242554,244.779846
-1028,625,-684,-1028.97437,626.23584,-684.224548
686,453,1197,685.001892,455.229065,1197.06104
459,903,1340,458.001923,905.239136,1340.06152
471,903,1522,470.001953,905.235352,1522.06238
686,453,1197,685.008606,454.380859,1196.86914
471,903,1522,470.008881,904.395569,1521.86707
652,412,1559,651.008606,413.380981,1558.86914
516,336,824,515.235474,337.83905,824.644592
266,769,974,265.234161,770.849854,974.643005
459,903,1340,458.234406,904.842651,1340.64331
516,336,824,515.16925,336.968964,824.556641
459,903,1340,458.174561,903.980652,1340.56445
686,453,1197,685.169739,453.972137,1197.55737
498,386,252,497.014099,389.628571,251.832672
340,769,564,339.01593,772.650574,563.822266
266,769,974,265.01593,772.652466,973.822266
498,386,252,497.000946,388.102631,251.956528
266,769,974,265.000946,771.101379,973.956543
516,336,824,515.000977,338.091187,823.955872
498,386,252,497.16153,388.404236,252.544937
365,435,99,364.1586,437.409698,99.5404053
260,840,393,259.154388,842.406616,393.533783
498,386,252,497.021027,387.729675,252.203964
260,840,393,259.020935,841.719788,393.203491
340,769,564,339.023071,770.722046,564.213562
365,435,99,364.740204,436.718903,99.9656448
144,349,-30,143.740204,350.709534,-29.034338
260,840,393,259.73819,841.728333,393.965118
144,349,-30,143.740204,349.713562,-29.034338
-129,835,287,-129.26181,835.722046,287.965118
260,840,393,259.75531,840.727844,393.969574
144,349,-30,143.464264,349.799713,-29.1556149
-59,422,-85,-59.5352554,422.804169,-84.1553116
-129,835,287,-129.533722,835.796753,287.845612
-443,486,-27,-443.257782,487.294159,-26.0337982
-658,901,187,-658.265625,902.2901,187.964066
-129,835,287,-129.262024,836.296509,287.965057
-443,486,-27,-443.013062,487.692291,-26.0000858
-129,835,287,-129.027161,836.688965,287.999542
-59,422,-85,-59.0125427,423.691437,-84.0000839
-919,597,-400,-919.911804,598.190918,-399.589386
-862,846,158,-862.909851,847.196228,158.414795
-733,506,-176,-733.910889,507.194885,-175.587357
-862,846,158,-862.041992,847.672668,158.999115
-658,901,187,-658.041992,902.672913,187.999084
-443,486,-27,-443.013062,487.665436,-26.0000858
-433,1519,1103,-433.983734,1519.40479,1102.82043
266,769,974,265.015106,769.396667,973.826843
340,769,564,339.014893,769.400208,563.828064
-433,1519,1103,-433.736084,1520.37695,1103.67688
459,903,1340,458.262909,904.368774,1340.67578
266,769,974,265.263306,770.364746,974.676208
615,-14,163,614.000854,-12.2630787,163.041321
547,66,185,546.000854,67.737442,185.040909
621,-14,768,620.000977,-12.2705574,768.043335
457,52,-68,456.069122,54.0165901,-67.6346741
412,132,-13,411.06842,134.018082,-12.6364632
547,66,185,546.070862,68.0198898,185.36969
457,52,-68,456.073212,53.6437531,-67.6244202
547,66,185,546.075806,67.6438293,185.381897
615,-14,163,614.075745,-12.3567524,163.381714
192,52,-194,191.601227,52.4764366,-193.082962
166,132,-121,165.593231,132.475525,-120.086472
412,132,-13,411.604248,132.473663,-12.0816431
192,52,-194,191.566025,53.0537567,-193.099075
412,132,-13,411.571014,133.05043,-12.0966892
457,52,-68,456.560089,53.0517693,-67.1019592
-57,52,-230,-57.1537209,53.2007256,-229.011887
-62,132,-156,-62.1536026,133.200714,-155.011871
166,132,-121,165.838348,133.200409,-120.013153
-57,52,-230,-57.1465683,53.1155396,-229.010803
166,132,-121,165.851013,133.115692,-120.011162
192,52,-194,191.850983,53.1144524,-193.011169
-427,116,-169,-426.958313,116.529808,-168.00087
-62,132,-156,-61.957222,132.524719,-155.000916
-57,52,-230,-56.9579391,52.5237694,-229.000885
-852,227,-500,-852.936218,228.266632,-499.64859
-737,216,-226,-737.932373,217.267059,-225.638504
-692,136,-297,-692.936401,137.267502,-296.649078
-833,255,-838,-833.994995,255.752151,-838.09906
-913,335,-774,-913.995117,335.750793,-774.098694
-923,307,-443,-923.99408,307.744568,-443.108398
-833,255,-838,-833.99408,255.674057,-838.108093
-923,307,-443,-923.99408,307.67218,-443.108643
-852,227,-500,-852.99115,227.672745,-500.132477
-1221,360,-1772,-1221.93652,361.686768,-1771.64941
-1354,440,-1928,-1354.93616,441.685852,-1927.64844
-1218,440,-1568,-1218.93628,441.684052,-1567.6488
547,66,185,546.000854,66.6126709,185.041321
579,44,783,578.000977,44.614994,783.043579
621,-14,768,620.000916,-13.3838053,768.042664
621,-14,768,620.094299,-12.7741165,768.423889
579,44,783,578.094299,45.2250671,783.423889
751,52,1154,750.094788,53.2174873,1154.42493
621,-14,768,620.089233,-11.8523531,768.412903
751,52,1154,750.088501,54.1427078,1154.41125
788,-14,1135,787.088562,-11.8572226,1135.41138
788,-14,1135,787.004822,-13.1825733,1135.0979
751,52,1154,750.004822,52.8179474,1154.09766
833,-14,1596,832.003906,-13.1731567,1596.08777
652,412,1559,651.208435,414.895325,1558.38892
200,860,1769,199.208633,862.879456,1768.38867
419,397,1867,418.215302,399.894287,1866.38013
200,860,1769,199.194641,861.841492,1768.40723
-76,727,2254,-76.8074188,728.818115,2253.41016
419,397,1867,418.195007,398.849792,1866.40674
652,412,1559,651.339844,415.782654,1558.2489
471,903,1522,470.346405,906.783142,1521.24316
200,860,1769,199.34697,863.798218,1768.24268
699,-809,-1117,699.858276,-804.485474,-1117.51318
728,-360,-1168,728.85614,-355.444489,-1168.51672
712,-360,-1195,712.848999,-355.445557,-1195.52832
699,-809,-1117,699.863708,-798.201233,-1117.50391
712,-360,-1195,712.863708,-349.187927,-1195.50391
653,-809,-1196,653.857849,-798.196899,-1196.51367
791,-809,-1117,790.955872,-798.635437,-1117.99902
760,-360,-1168,759.955872,-349.620483,-1168.99902
728,-360,-1168,727.955872,-349.620483,-1168.99902
791,-809,-1117,790.955872,-798.635437,-1117.99902
728,-360,-1168,727.955872,-349.620483,-1168.99902
699,-809,-1117,698.955872,-798.635437,-1117.99902
776,-360,-1195,775.135132,-351.745636,-1195.50195
760,-360,-1168,759.135132,-351.746674,-1168.50195
791,-809,-1117,790.135132,-800.803467,-1117.50195
837,-809,-1196,836.135132,-802.365479,-1196.50195
776,-360,-1195,775.135132,-353.391083,-1195.50195
791,-809,-1117,790.135132,-802.370789,-1117.50195
791,-809,-1276,790.127319,-804.624817,-1275.51172
760,-360,-1223,759.127319,-355.598083,-1222.51172
776,-360,-1195,775.126282,-355.599121,-1194.51367
791,-809,-1276,790.128418,-800.725281,-1275.50977
776,-360,-1195,775.126648,-351.696594,-1194.51294
837,-809,-1196,836.127319,-800.726318,-1195.51172
699,-809,-1276,698.955872,-803.666199,-1275.00098
728,-360,-1223,727.955872,-354.649933,-1222.00098
760,-360,-1223,759.955872,-354.649933,-1222.00098
699,-809,-1276,698.955872,-803.666199,-1275.00098
760,-360,-1223,759.955872,-354.649933,-1222.00098
791,-809,-1276,790.955872,-803.666199,-1275.00098
653,-809,-1196,653.863892,-797.262085,-1195.49634
712,-360,-1195,712.863892,-348.283752,-1194.49634
728,-360,-1223,728.863892,-348.281647,-1222.49634
653,-809,-1196,653.863892,-796.905579,-1195.49634
728,-360,-1223,728.863708,-347.903778,-1222.49609
699,-809,-1276,699.863892,-796.916321,-1275.49634
