219,0,1039,218.354111,2.62280726,1039.76343
182,0,1008,181.353683,2.62042475,1008.76306
175,39,1025,174.354111,41.6218414,1025.76343
175,39,1025,174.911713,42.0849419,1024.00391
149,0,1045,148.911713,3.08509707,1044.00391
219,0,1039,218.911713,3.08524466,1038.00391
182,0,1008,181.055038,1.67602551,1007.67285
198,0,963,197.055176,1.67681766,962.672424
174,29,990,173.055054,30.6754284,989.672791
198,0,963,198.279053,2.22926235,963.960266
157,0,975,157.279007,2.22981572,975.960266
174,29,990,174.279022,31.2301502,990.960266
157,0,975,156.955826,8.79067802,975.999023
129,28,978,128.95723,36.7937164,978.999084
132,75,984,131.955826,83.7954483,984.999023
157,0,975,156.494476,2.13807964,975.862793
102,0,943,101.497726,2.13819909,943.864685
129,28,978,128.495804,30.1385365,978.863586
102,0,943,102.933601,2.89335179,942.641724
126,0,1006,126.933556,2.89313126,1005.6416
129,28,978,129.934357,30.8929386,977.643677
126,0,1006,126.998901,16.6355724,1006.04675
132,75,984,132.999039,91.6408539,984.043823
129,28,978,129.9991,44.6351624,978.042419
126,0,1006,126.914604,10.764905,1006.40424
114,15,1038,114.911682,25.7644463,1038.41089
125,55,1026,125.911613,65.7670059,1026.41101
126,0,1006,126.725182,1.28126264,1006.68848
89,0,1045,89.7252579,1.28227377,1045.68848
114,15,1038,114.72612,16.2816315,1038.6875
89,0,1045,88.9558182,2.22465611,1044.00098
149,0,1045,148.955826,2.22465611,1044.00098
114,15,1038,113.955818,17.2244148,1037.00098
149,0,1045,149.060455,2.90929604,1044.00183
125,55,1026,125.061943,57.9107513,1025.00195
114,15,1038,114.062279,17.9091415,1037.00195
182,0,1008,181.003876,6.38231611,1008.08789
174,29,990,173.003998,35.3803558,990.089294
175,39,1025,174.003952,45.3803368,1025.08875
132,75,984,131.600266,80.6648102,984.916626
174,29,990,173.600266,34.6667328,990.916626
157,0,975,156.600403,5.66735744,975.916687
126,0,1006,126.988792,31.6232872,1006.14929
125,55,1026,125.988792,86.6309967,1026.14929
132,75,984,132.9879,106.632095,984.15509
149,0,1045,149.493637,17.9349117,1044.13037
124,91,1022,124.495186,108.938812,1021.13123
125,55,1026,125.495338,72.9369431,1025.13135
145,245,1011,144.005966,269.105774,1011.10907
154,104,1014,153.005981,128.092438,1014.10919
144,236,997,143.005905,260.108185,997.108459
154,104,1014,153.081146,110.66909,1013.60541
174,29,990,173.079041,35.6688194,989.610352
144,236,997,143.081131,242.671204,996.605469
174,29,990,173.779572,45.0449562,990.975403
132,75,984,131.779572,91.0522385,984.975403
144,236,997,143.779572,252.084,997.975403
154,104,1014,153.006912,106.23806,1014.11737
175,39,1025,174.007065,41.2404938,1025.11865
174,29,990,173.00592,31.2425709,990.108643
144,236,997,143.891357,249.463348,997.99408
132,75,984,131.891266,88.4551239,984.994019
127,234,995,126.883278,247.465103,995.993164
124,91,1022,124.977707,194.448074,1022.20996
127,233,1015,127.977692,336.583191,1015.20996
132,75,984,132.977676,178.433731,984.209961
124,91,1022,123.807556,112.059853,1021.01874
145,245,1011,144.803635,266.092285,1010.01947
127,233,1015,126.80764,254.087143,1014.01868
145,245,1011,144.747482,269.412384,1010.03241
124,91,1022,123.743996,115.435669,1021.03333
154,104,1014,153.747253,128.445404,1013.03247
149,0,1045,148.66478,2.59554911,1044.05786
175,39,1025,174.676682,41.5967369,1024.05371
154,104,1014,153.675797,106.595467,1013.05402
149,0,1045,148.852997,2.74504447,1044.01086
154,104,1014,153.852997,106.741211,1013.01086
124,91,1022,123.860588,93.7417145,1021.00977
57,11,687,57.3364105,12.5431662,687.941711
74,11,681,74.3364182,12.5431662,681.941711
75,0,674,75.3362808,1.54344058,674.941711
93,11,730,92.0930405,13.3169661,729.578796
98,0,735,97.0926437,2.31712461,734.579651
101,11,713,100.092949,13.3166122,712.578979
105,0,693,104.007874,1.29857111,693.125183
99,11,696,98.0078506,12.2988186,696.125
101,11,713,100.007851,12.2987576,713.125
99,11,696,98.3628006,12.9405394,696.770691
105,0,693,104.34938,1.94037378,693.759399
87,11,686,86.3558426,12.9409142,686.764893
75,0,674,74.6325836,2.09109616,674.930054
74,11,681,73.6316528,13.0912199,681.929688
87,11,686,86.6308823,13.0909901,686.929382
38,0,700,38.7783661,0.791647375,700.627808
45,11,702,45.7785149,11.7917213,702.627625
57,11,687,57.778614,11.7918968,687.627502
45,11,702,45.9999161,12.6806326,701.987061
38,0,700,38.9999161,1.68086183,699.987061
45,11,716,45.9999161,12.6806326,715.987061
57,0,739,57.7261658,2.09014082,738.3125
60,11,732,60.7261658,13.0903749,731.3125
45,11,716,45.726181,13.0910025,715.3125
60,11,732,60.1237564,13.1341438,731.00769
57,0,739,57.1155739,2.13414955,738.006714
76,11,734,76.115593,13.1342545,733.006714
98,0,735,97.7795715,2.87996292,734.024597
93,11,730,92.7755737,13.8799458,729.025513
76,11,734,75.7795715,13.8794365,733.024597
-95,11,1005,-94.6618805,13.7239227,1005.9411
-78,11,999,-77.6618805,13.7239227,999.941101
-77,0,992,-76.6617355,2.72419715,992.94104
-58,11,1048,-58.9070473,13.4153233,1047.57898
-53,0,1053,-53.9068108,2.41548228,1052.57849
-50,11,1031,-50.9068184,13.4149694,1030.57849
-41,4,1036,-41.9386902,5.29489517,1036.34473
-46,0,1011,-46.939415,1.29501724,1011.34277
-50,11,1031,-50.9386826,12.2950773,1031.34473
-46,0,1011,-46.9839668,1.94231045,1011.17834
-53,11,1014,-53.9839211,12.9423027,1014.17859
-50,11,1031,-50.9839211,12.9424667,1031.17859
-53,11,1014,-53.6691971,12.8805552,1014.74304
-46,0,1011,-46.6693001,1.88049006,1011.74298
-64,11,1004,-64.6691818,12.8805552,1004.74304
-77,0,992,-77.3414536,2.29438114,992.93988
-78,11,999,-78.333374,13.294446,999.942749
-64,11,1004,-64.333374,13.294446,1004.94275
-113,0,1018,-112.19825,1.76285124,1018.59766
-106,11,1020,-105.193199,12.762805,1020.59082
-95,11,1005,-94.1982498,12.7622261,1005.59766
-106,11,1020,-105.000084,11.9510336,1019.98706
-113,0,1018,-112.000084,0.951269865,1017.98706
-106,11,1034,-105.000084,11.9510336,1033.98706
-94,0,1057,-93.2540665,1.50289953,1056.33398
-91,11,1051,-90.2540665,12.5028734,1050.33398
-106,11,1034,-105.254066,12.5031214,1033.33398
-91,11,1051,-90.8752518,12.072237,1050.00781
-94,0,1057,-93.8832779,1.0722661,1056.00684
-75,11,1053,-74.8762207,12.072114,1052.00769
-53,0,1053,-53.2829056,2.25415373,1052.04089
-58,11,1048,-58.2825012,13.2541904,1047.04077
-75,11,1053,-75.2829742,13.2541904,1052.04089
-219,0,-159,-218.355484,1.94555151,-159.764587
-182,0,-128,-181.357422,1.94318759,-128.76622
-175,39,-145,-174.355499,40.9445839,-145.764603
-175,39,-145,-174.911362,40.5291786,-144.003937
-149,0,-165,-148.911362,1.52933478,-164.003937
-219,0,-159,-218.911194,1.52948236,-158.003952
-182,0,-128,-181.056473,1.75178289,-127.668709
-198,0,-83,-197.059006,1.75257504,-82.6615829
-174,29,-110,-173.05896,30.7511864,-109.661705
-198,0,-83,-198.289047,1.23567069,-83.9573135
-157,0,-95,-157.289124,1.23622406,-95.9572906
-174,29,-110,-174.289001,30.2365437,-110.957314
-157,0,-95,-156.956528,9.723176,-95.999054
-129,28,-98,-128.956345,37.725605,-98.9990463
-132,75,-104,-131.956528,84.7275772,-104.999054
-157,0,-95,-156.497635,1.11996281,-95.8646545
-102,0,-63,-101.500847,1.12005973,-63.8665123
-129,28,-98,-128.497635,29.1203156,-98.8646545
-102,0,-63,-102.932129,2.95547318,-62.6378746
-126,0,-126,-126.932358,2.95525241,-125.638466
-129,28,-98,-129.930893,30.9549675,-97.6347122
-126,0,-126,-126.999023,20.9467983,-126.044159
-132,75,-104,-132.998993,95.9516373,-104.04483
-129,28,-98,-129.999039,48.9459419,-98.0438156
-126,0,-126,-126.914619,5.94313431,-126.404312
-114,15,-158,-114.916595,20.94244,-158.39978
-125,55,-146,-125.916611,60.9451141,-146.39978
-126,0,-126,-126.730286,1.42510355,-126.683136
-89,0,-165,-89.7178192,1.42604578,-165.696228
-114,15,-158,-114.71804,16.4254494,-158.695999
-89,0,-165,-89.0415268,3.27431011,-164.00087
-149,0,-165,-149.042267,3.27423787,-164.0009
-114,15,-158,-114.041527,18.2740326,-157.00087
-149,0,-165,-149.061401,3.45281935,-164.001892
-125,55,-146,-125.060562,58.4543266,-145.001846
-114,15,-158,-114.062164,18.4527664,-157.001938
-182,0,-128,-181.003845,5.92249441,-128.087585
-174,29,-110,-173.004868,34.9203949,-110.098511
-175,39,-145,-174.003952,44.920517,-145.088669
-132,75,-104,-131.607224,80.1690826,-104.919632
-174,29,-110,-173.607224,34.1708946,-110.919632
-157,0,-95,-156.607224,5.17155123,-95.919632
-126,0,-126,-126.988922,32.0587997,-126.14843
-125,55,-146,-125.989861,87.0656586,-146.141937
-132,75,-104,-132.989792,107.067612,-104.142441
-149,0,-165,-149.500519,14.9949055,-164.134277
-124,91,-142,-124.495689,105.998711,-141.1315
-125,55,-146,-125.495689,69.9968414,-145.1315
-145,245,-131,-144.006851,255.267731,-131.116852
-154,104,-134,-153.005981,114.254517,-134.109131
-144,236,-117,-143.00502,246.26976,-117.100067
-154,104,-134,-153.077255,110.79319,-133.614594
-174,29,-110,-173.078415,35.7933044,-109.611824
-144,236,-117,-143.078079,242.795563,-116.612625
-174,29,-110,-173.790497,48.0434189,-110.977798
-132,75,-104,-131.790497,94.0511856,-104.977806
-144,236,-117,-143.790634,255.083069,-117.977837
-154,104,-134,-153.006851,107.988297,-134.116791
-175,39,-145,-174.006851,42.9907608,-145.116852
-174,29,-110,-173.006821,32.9928627,-110.116524
-144,236,-117,-143.899261,255.935913,-117.994911
-132,75,-104,-131.899261,94.928215,-104.994911
-127,234,-115,-126.899605,253.937988,-115.994942
-124,91,-142,-124.977821,201.020569,-142.209427
-127,233,-135,-127.977829,343.157196,-135.209396
-132,75,-104,-132.978668,185.007706,-104.205406
-124,91,-142,-123.805779,119.926529,-141.019043
-145,245,-131,-144.820709,273.957916,-130.016205
-127,233,-135,-126.805779,261.953491,-134.019043
-145,245,-131,-144.746078,271.158539,-130.032776
-124,91,-142,-123.767693,117.183083,-141.027359
-154,104,-134,-153.752228,130.19281,-133.031189
-149,0,-165,-148.663879,4.27980518,-164.058182
-175,39,-145,-174.663666,43.2807541,-144.058258
-154,104,-134,-153.663025,108.279663,-133.058487
-149,0,-165,-148.858231,3.82196856,-164.010101
-154,104,-134,-153.858765,107.81813,-133.010025
-124,91,-142,-123.865623,94.8184204,-141.009079
57,11,-193,57.3382759,12.5756502,-192.05896
74,11,-199,74.3382874,12.5755882,-198.05896
75,0,-206,75.3382645,1.57595515,-205.05896
93,11,-150,92.0931702,12.5640621,-150.421494
98,0,-145,97.0932541,1.56424344,-145.421677
101,11,-167,100.093163,12.5637083,-167.421478
105,0,-187,104.006882,0.917303205,-186.882889
99,11,-184,98.0068512,11.9175501,-183.883148
101,11,-167,100.006851,11.9174891,-166.883148
99,11,-184,98.3628006,12.598321,-183.229309
105,0,-187,104.362801,1.59824932,-186.229309
87,11,-194,86.3628159,12.5986958,-193.229294
75,0,-206,74.6486664,2.07678461,-205.063751
74,11,-199,73.6486435,13.0769081,-198.063766
87,11,-194,86.6487045,13.0766783,-193.063736
38,0,-180,38.7771721,2.31498432,-179.370712
45,11,-178,45.7768631,13.3150434,-177.370331
57,11,-193,57.7768631,13.3152199,-192.370331
45,11,-178,45.9999123,12.6806259,-178.013062
38,0,-180,38.9999123,1.6808548,-180.013062
45,11,-164,45.9999123,12.6806259,-164.013062
57,0,-141,57.7220268,0.749677956,-141.691864
60,11,-148,60.7224197,11.7499123,-148.691452
45,11,-164,45.7224197,11.7505388,-164.691452
60,11,-148,60.1174812,13.1821041,-148.993073
57,0,-141,57.1191597,2.1821785,-141.992874
76,11,-146,76.1174393,13.1822138,-146.993073
98,0,-145,97.7687759,2.15807915,-145.9729
93,11,-150,92.7679443,13.1580772,-150.972702
76,11,-146,75.7682037,13.1576319,-146.972763
-95,11,125,-94.6747437,13.7563915,125.945625
-78,11,119,-77.6747437,13.7563448,119.945625
-77,0,112,-76.6747437,2.75671172,112.945625
-58,11,168,-58.9066238,12.6624126,167.578064
-53,0,173,-53.9066238,1.66259372,172.578064
-50,11,151,-50.9066238,12.6620588,150.578064
-41,4,156,-41.938179,5.60623693,156.346146
-46,0,131,-46.9382706,1.60632586,131.345901
-50,11,151,-50.938118,12.6064081,151.346313
-46,0,131,-46.9848824,2.27258968,131.173218
-53,11,134,-53.9848824,13.2725887,134.173218
-50,11,151,-50.9849129,13.2727594,151.17305
-53,11,134,-53.6702766,12.9616528,134.742111
-46,0,131,-46.6712379,1.96154463,131.741241
-64,11,124,-64.6791763,12.9615812,124.733963
-77,0,112,-77.3373947,1.88588703,112.94136
-78,11,119,-78.3373642,12.8859949,119.941368
-64,11,124,-64.3373642,12.8859949,124.941368
-113,0,138,-112.19133,1.45588732,138.588257
-106,11,140,-105.191582,12.4557829,140.588608
-95,11,125,-94.1921387,12.455204,125.589371
-106,11,140,-105.000092,11.9510336,139.986481
-113,0,138,-112.000092,0.95125562,137.986481
-106,11,154,-105.000092,11.9510336,153.986481
-94,0,177,-93.2510529,1.16130888,176.337372
-91,11,171,-90.2511063,12.1612835,170.337311
-106,11,154,-105.251106,12.1615314,153.337311
-91,11,171,-90.8806152,12.0146933,170.007156
-94,0,177,-93.8809662,1.0147227,176.007111
-75,11,173,-74.8808365,12.0144787,172.007126
-53,0,173,-53.2777138,2.75184107,172.039337
-58,11,168,-58.2779236,13.751894,167.039398
-75,11,173,-75.2764359,13.7518158,172.038971
-240,120,-800,-240.826172,187.637665,-799.436584
-240,175,-798,-240.826172,242.66571,-797.436584
-203,175,-744,-203.82634,242.655304,-743.436829
-183,0,-706,-183.754532,2.16697431,-706.65625
-151,0,-743,-151.754532,2.16817069,-743.65625
-168,39,-750,-168.754501,41.1692238,-750.65625
-168,39,-750,-167.003876,40.987278,-750.087891
-189,0,-776,-188.003952,1.98813534,-776.088806
-183,0,-706,-182.003876,1.9889822,-706.087952
-151,0,-743,-150.64859,2.85606933,-743.936218
-107,0,-726,-106.64135,2.85506248,-726.933472
-134,29,-751,-133.64859,31.8547535,-751.936218
-107,0,-726,-107.964211,0.675116122,-725.734863
-118,0,-768,-118.964058,0.674452782,-767.734314
-134,29,-751,-134.965012,29.6737957,-750.737793
-118,0,-768,-118.999069,8.94204426,-767.956909
-122,28,-796,-122.999069,36.943943,-795.956909
-128,75,-793,-128.999069,83.9444199,-792.956909
-118,0,-768,-118.871597,1.04328704,-768.490173
-87,0,-823,-87.8715973,1.04328704,-823.490173
-122,28,-796,-122.87159,29.0430737,-796.490234
-87,0,-823,-86.6408768,2.0065074,-822.066711
-149,0,-799,-148.64859,2.0062089,-798.063782
-122,28,-796,-121.640747,30.0069962,-795.066772
-149,0,-799,-149.042526,20.4251556,-798.000916
-128,75,-793,-128.042267,95.4326477,-792.000916
-122,28,-796,-122.042526,48.4243011,-795.000916
-149,0,-799,-149.408844,7.51984596,-798.087402
-181,15,-811,-181.409485,22.5193882,-810.087708
-169,55,-800,-169.408844,62.5219421,-799.087402
-149,0,-799,-149.677948,1.55711877,-798.264893
-189,0,-836,-189.677811,1.5587554,-835.264771
-181,15,-811,-181.67775,16.5577374,-810.264709
-189,0,-836,-188.000885,2.37401962,-836.041992
-189,0,-776,-188.000885,2.37401962,-776.041992
-181,15,-811,-180.000885,17.3737564,-811.041992
-189,0,-776,-188.003876,3.38878536,-775.912048
-169,55,-800,-168.003876,58.3895874,-799.912048
-181,15,-811,-180.003876,18.3890228,-810.912048
-151,0,-743,-151.097656,6.16085911,-743.995178
-134,29,-751,-134.097656,35.1601181,-751.995178
-168,39,-750,-168.097733,45.1578217,-750.995178
-128,75,-793,-128.912018,78.2440872,-793.410095
-134,29,-751,-134.911972,32.2428169,-751.410156
-118,0,-768,-118.906822,3.24528265,-768.421509
-149,0,-799,-149.145111,30.7911053,-798.01062
-169,55,-800,-169.152588,85.7968826,-799.011719
-128,75,-793,-128.14534,105.789642,-792.01062
-189,0,-776,-188.171219,18.5611401,-775.44043
-166,91,-801,-165.165634,109.568741,-800.448792
-169,55,-800,-168.177231,73.5652237,-799.431641
-155,245,-779,-155.169235,262.293488,-779.985535
-158,104,-771,-158.170456,121.278015,-771.985352
-140,236,-781,-140.169159,253.296097,-781.985535
-158,104,-771,-157.617645,110.635521,-771.924011
-134,29,-751,-133.609924,35.6460876,-751.920776
-140,236,-781,-139.61676,242.624466,-781.923645
-134,29,-751,-134.980728,40.7429428,-751.195312
-128,75,-793,-128.977707,86.7452393,-793.209961
-140,236,-781,-140.980728,247.730286,-781.195312
-158,104,-771,-158.114777,105.630951,-771.993347
-168,39,-750,-168.124634,40.6313591,-750.992188
-134,29,-751,-134.13089,30.6325054,-751.991394
-140,236,-781,-140.998993,251.809189,-781.044861
-128,75,-793,-128.998993,90.790947,-793.044861
-139,234,-798,-139.998993,249.805573,-798.044739
-166,91,-801,-166.219299,175.341827,-800.024353
-159,233,-798,-159.218506,317.473999,-797.02417
-128,75,-793,-128.209442,159.330444,-792.022217
-166,91,-801,-165.01683,111.750008,-801.182678
-155,245,-779,-154.017044,265.735046,-779.183838
-159,233,-798,-158.016922,253.740555,-798.183167
-155,245,-779,-154.028244,275.10144,-779.235962
-166,91,-801,-165.028046,121.159721,-801.235168
-158,104,-771,-157.028152,134.16243,-771.235596
-189,0,-776,-188.071167,2.00127101,-776.370483
-168,39,-750,-167.068085,40.9987488,-750.362671
-158,104,-771,-157.07103,105.9981,-771.370117
-189,0,-776,-188.008911,2.93401814,-776.133179
-158,104,-771,-157.008881,106.930153,-771.132935
-166,91,-801,-165.008926,93.9304962,-801.133301
43,76,-1074,42.2918434,98.1021347,-1073.29395
44,192,-1069,43.2923317,214.063553,-1068.29346
50,192,-1063,49.2919655,214.063553,-1062.29382
43,76,-1074,42.2629013,103.908142,-1073.32422
50,192,-1063,49.2629013,219.993286,-1062.32422
55,76,-1061,54.263237,103.905083,-1060.32385
37,76,-1059,37.9205818,135.839828,-1058.6095
41,192,-1062,41.9205933,251.768219,-1061.6095
44,192,-1069,44.9206009,251.765381,-1068.6095
37,76,-1059,37.9290237,131.139572,-1058.63
44,192,-1069,44.9266129,247.078857,-1068.62402
43,76,-1074,43.9292717,131.139572,-1073.63062
55,76,-1061,54.875248,100.164314,-1061.99219
50,192,-1063,49.882515,216.216568,-1063.99304
41,192,-1062,40.882515,216.222137,-1062.99304
55,76,-1061,54.875248,100.164314,-1061.99219
41,192,-1062,40.882515,216.222137,-1062.99304
37,76,-1059,36.882515,100.175468,-1059.99304
143,23,-978,142.900696,39.2322388,-977.004944
147,47,-976,146.911713,63.2315102,-975.003906
182,47,-973,181.912399,63.2270622,-972.003845
143,23,-978,142.936584,32.8332748,-977.002014
182,47,-973,181.936584,56.8356934,-972.002014
187,23,-975,186.936584,32.8395767,-974.002014
147,47,-976,146.891357,52.8562164,-975.00592
155,76,-971,154.891357,81.8535767,-970.00592
173,76,-969,172.891357,81.8540192,-968.00592
147,47,-976,146.901306,55.5244331,-975.004883
173,76,-969,172.911407,84.5256271,-968.003967
182,47,-973,181.901306,55.5274544,-972.004883
155,76,-971,154.883804,91.8575134,-970.006775
159,142,-968,158.883286,157.86026,-967.006836
168,142,-967,167.891357,157.858673,-966.00592
155,76,-971,154.883804,91.8575134,-970.006775
168,142,-967,167.891357,157.858673,-966.00592
173,76,-969,172.883804,91.8559265,-968.006775
159,23,-942,159.915512,34.8204269,-942.402283
160,47,-946,160.915695,58.8179321,-946.401855
147,47,-976,147.915054,58.8179321,-976.403259
159,23,-942,159.912003,27.3677769,-942.410156
147,47,-976,147.911972,51.3685989,-976.410095
143,23,-978,143.912048,27.3719273,-978.410034
160,47,-946,160.928207,54.3134613,-946.372009
161,76,-956,161.928268,83.3154678,-956.371887
155,76,-971,155.928223,83.3143082,-971.372009
160,47,-946,160.915482,50.921936,-946.402344
155,76,-971,155.915009,79.9228973,-971.40332
147,47,-976,147.915054,50.9222717,-976.40332
161,76,-956,161.915024,92.8652802,-956.40332
162,142,-961,162.9151,158.856293,-961.403198
159,142,-968,159.915268,158.854889,-968.402832
161,76,-956,161.928619,105.299118,-956.371033
159,142,-968,159.928192,171.283157,-968.37207
155,76,-971,155.928375,105.299118,-971.371643
187,23,-975,186.221786,28.8896999,-975.627991
182,47,-973,181.221832,52.8923531,-973.628052
160,47,-946,159.221878,52.896019,-946.628113
187,23,-975,186.234406,36.819397,-975.643311
160,47,-946,159.234039,60.8230896,-946.642883
159,23,-942,158.234299,36.8234215,-942.643188
182,47,-973,181.262955,56.5276985,-973.675842
173,76,-969,172.262955,85.529335,-969.675842
161,76,-956,160.263687,85.5279617,-956.676636
182,47,-973,181.221832,53.7303963,-973.628052
161,76,-956,160.221786,82.7321091,-956.627991
160,47,-946,159.221878,53.7323456,-946.628113
173,76,-969,172.286423,111.109619,-969.700562
168,142,-967,167.286057,177.086716,-967.700195
162,142,-961,161.286057,177.086716,-961.700195
173,76,-969,172.262909,91.8666916,-969.675781
162,142,-961,161.262955,157.863159,-961.675842
161,76,-956,160.262909,91.8712463,-956.675781
65,47,-1057,64.882515,50.3571472,-1057.99304
55,76,-1061,54.8832741,79.3552017,-1061.99316
37,76,-1059,36.8745193,79.3537903,-1059.99207
65,47,-1057,64.882515,54.6731186,-1057.99304
37,76,-1059,36.882515,83.6737976,-1059.99304
30,47,-1053,29.8745193,54.6738167,-1053.99207
69,23,-1055,68.882515,29.6323891,-1055.99304
65,47,-1057,64.882515,53.6304512,-1057.99304
30,47,-1053,29.8745193,53.6244202,-1053.99207
69,23,-1055,68.9005051,40.0549355,-1055.995
30,47,-1053,29.9005051,64.0523911,-1053.995
26,23,-1051,25.9005051,40.0531273,-1051.995
30,47,-1053,30.9286404,52.585537,-1052.62903
37,76,-1059,37.9285927,81.5882111,-1058.62891
43,76,-1074,43.9288788,81.5900955,-1073.62964
30,47,-1053,30.9435959,52.1506271,-1052.66895
43,76,-1074,43.9435921,81.1506042,-1073.66895
41,47,-1084,41.9436874,52.1482201,-1083.66919
26,23,-1051,26.9435863,29.1412888,-1050.66895
30,47,-1053,30.9435978,53.139843,-1052.66895
41,47,-1084,41.9435844,53.1419868,-1083.66895
26,23,-1051,26.9335594,30.9837132,-1050.6416
41,47,-1084,41.933754,54.9857979,-1083.64209
40,23,-1088,40.9335556,30.9827747,-1087.6416
41,47,-1084,40.2629013,50.7347755,-1083.32422
43,76,-1074,42.2629013,79.7347412,-1073.32422
55,76,-1061,54.2631226,79.7343979,-1060.32397
41,47,-1084,40.2549362,50.776619,-1083.33301
55,76,-1061,54.2549362,79.7762909,-1060.33301
65,47,-1057,64.2549362,50.7784805,-1056.33301
40,23,-1088,39.2550468,33.1697578,-1087.33289
41,47,-1084,40.2549362,57.165947,-1083.33301
65,47,-1057,64.2551575,57.1721001,-1056.33276
40,23,-1088,39.2549362,36.8375854,-1087.33301
65,47,-1057,64.2444,60.8412094,-1056.34497
69,23,-1055,68.2441864,36.8401985,-1054.34521
-823,11,-193,-822.655457,13.6595106,-192.061234
-806,11,-199,-805.654419,13.6594486,-198.061615
-805,0,-206,-804.654785,2.65984607,-205.061478
-787,11,-150,-787.902466,13.1769772,-150.430756
-782,0,-145,-782.901917,2.17707705,-145.4319
-779,11,-167,-779.902161,13.1766233,-167.431396
-775,0,-187,-775.994019,1.17079175,-186.891205
-781,11,-184,-781.99408,12.1710081,-183.891357
-779,11,-167,-779.994141,12.1710081,-166.891907
-781,11,-184,-781.63916,12.2276964,-183.230927
-775,0,-187,-775.637817,1.22759366,-186.229813
-793,11,-194,-793.637695,12.2280092,-193.229721
-805,0,-206,-805.354492,1.51840401,-205.064941
-806,11,-199,-806.354492,12.518528,-198.064941
-793,11,-194,-793.354492,12.5182981,-193.064941
-842,0,-180,-841.218933,1.3277092,-179.375565
-835,11,-178,-834.223877,12.3277245,-177.369431
-823,11,-193,-822.218933,12.3279591,-192.375565
-835,11,-178,-834.000916,11.9059572,-178.042267
-842,0,-180,-841.000916,0.906179726,-180.042267
-835,11,-164,-834.000916,11.9059572,-164.042267
-823,0,-141,-822.264893,2.34080267,-141.677933
-820,11,-148,-819.264893,13.3410368,-148.677948
-835,11,-164,-834.266785,13.3417206,-164.679993
-820,11,-148,-819.880859,13.3957205,-148.992874
-823,0,-141,-822.880859,2.3957808,-141.992874
-804,11,-146,-803.880859,13.3958302,-146.992874
-782,0,-145,-782.230469,1.84251451,-145.973053
-787,11,-150,-787.230469,12.8424969,-150.973053
-804,11,-146,-804.230774,12.8421154,-146.973007
-737,0,147,-737.859863,14.2067957,146.489487
-727,0,130,-727.856812,14.2108116,129.484406
-735,177,117,-735.864685,191.177307,116.497726
-737,0,147,-737.85199,11.4778099,146.476456
-735,177,117,-735.854065,188.490585,116.479836
-743,177,130,-743.85199,188.492126,129.476456
-754,0,137,-753.492188,10.5749683,136.138535
-737,0,147,-736.492188,10.5777655,146.138535
-743,177,130,-742.492188,187.559784,129.138535
-754,0,137,-753.524414,13.7631378,136.120331
-743,177,130,-742.524414,190.770569,129.120331
-756,177,123,-755.520569,190.769623,122.122421
-756,177,123,-755.123413,190.048447,123.481232
-748,301,134,-747.13031,314.033569,134.493591
-743,301,125,-742.123413,314.033569,125.481186
-756,177,123,-755.147827,188.698364,123.523201
-743,301,125,-742.147827,312.717163,125.523254
-748,177,110,-747.147827,188.697098,110.523247
-748,177,110,-748.479492,183.020355,110.877525
-743,301,125,-743.480408,307.016205,125.877045
-734,301,130,-734.487793,307.018005,130.872955
-748,177,110,-748.479919,189.575241,110.877312
-734,301,130,-734.473145,313.579773,130.880981
-735,177,117,-735.479736,189.57663,117.877411
-1026,0,-25,-1026.04297,15.6745787,-25.9990749
-1006,0,-25,-1006.04297,15.6745787,-25.9990749
-1003,148,-34,-1003.04297,163.670029,-34.999073
-1026,0,-25,-1026.04297,15.6745787,-25.9990749
-1003,148,-34,-1003.04297,163.670029,-34.999073
-1018,148,-34,-1018.04297,163.670029,-34.999073
-1026,0,-45,-1025.00098,27.7945175,-45.0425262
-1026,0,-25,-1025.00098,27.7945175,-25.0425262
-1018,148,-34,-1017.00092,175.761734,-34.0425262
-1026,0,-45,-1025.00098,27.7945175,-45.0425262
-1018,148,-34,-1017.00092,175.761734,-34.0425262
-1018,148,-49,-1017.00092,175.761734,-49.0425262
-1018,148,-49,-1018.0127,154.40744,-48.0000839
-1026,230,-34,-1026.0127,236.408798,-33.0000839
-1016,230,-34,-1016.0127,236.408798,-33.0000839
-1018,148,-49,-1018.0127,154.40744,-48.0000839
-1016,230,-34,-1016.0127,236.408798,-33.0000839
-1003,148,-49,-1003.0127,154.40744,-48.0000839
-1003,148,-49,-1003.99908,157.22731,-49.0425262
-1016,230,-34,-1016.99908,239.222855,-34.0425262
-1016,230,-24,-1016.99908,239.222855,-24.0425262
-1003,148,-49,-1003.99908,157.22731,-49.0425262
-1016,230,-24,-1016.99908,239.222855,-24.0425262
-1003,148,-34,-1003.99908,157.22731,-34.0425262
-1703,11,687,-1702.67651,12.6912231,687.946228
-1686,11,681,-1685.67615,12.6911621,681.946106
-1685,0,674,-1684.66003,1.69155908,674.94043
-1667,11,730,-1667.90527,12.6105366,729.575195
-1662,0,735,-1662.90527,1.61063612,734.575195
-1659,11,713,-1659.90491,12.6100645,712.574402
-1655,0,693,-1655.99512,1.80550218,693.09845
-1661,11,696,-1661.99402,12.8058414,696.108337
-1659,11,713,-1659.99304,12.8058414,713.117126
-1661,11,696,-1661.63867,12.1993523,696.76947
-1655,0,693,-1655.64453,1.19906247,693.764465
-1673,11,686,-1673.64453,12.1996031,686.764526
-1685,0,674,-1685.36755,0.974335134,674.929993
-1686,11,681,-1686.36719,11.9743443,681.930115
-1673,11,686,-1673.3623,11.9741144,686.932007
-1722,0,700,-1721.22583,0.736067474,700.632874
-1715,11,702,-1714.21802,11.7362003,702.623291
-1703,11,687,-1702.21802,11.7363176,687.623169
-1715,11,702,-1714.00098,12.9950562,701.955872
-1722,0,700,-1721.00098,1.99516416,699.955872
-1715,11,716,-1714.00098,12.9950562,715.955872
-1703,0,739,-1702.26575,1.53804648,738.321167
-1700,11,732,-1699.26489,12.5382242,731.322083
-1715,11,716,-1714.28235,12.5386801,715.30365
-1700,11,732,-1699.8833,11.7560043,731.006836
-1703,0,739,-1702.8833,0.756120145,738.006836
-1684,11,734,-1683.8833,11.756115,733.006836
-1662,0,735,-1662.23999,2.24880195,734.029236
-1667,11,730,-1667.22388,13.2489119,729.025391
-1684,11,734,-1684.23926,13.2483387,733.029053
-1855,11,1005,-1854.6759,11.8521929,1005.94598
-1838,11,999,-1837.67615,11.8521929,999.946106
-1837,0,992,-1836.65918,0.852590621,992.940125
-1818,11,1048,-1818.91064,12.7086582,1047.58691
-1813,0,1053,-1813.91064,1.70875788,1052.58691
-1810,11,1031,-1810.91064,12.7081861,1030.58691
-1801,4,1036,-1801.94104,5.01787853,1036.33789
-1806,0,1011,-1806.94006,1.01800048,1011.34064
-1810,11,1031,-1810.93616,12.0181046,1031.35144
-1806,0,1011,-1806.98718,2.27740812,1011.15887
-1813,11,1014,-1813.98535,13.2776728,1014.17035
-1810,11,1031,-1810.9845,13.2778912,1031.17529
-1813,11,1014,-1813.67786,12.3917646,1014.73517
-1806,0,1011,-1806.67773,1.39170003,1011.73517
-1824,11,1004,-1824.67786,12.3917646,1004.73517
-1837,0,992,-1837.33887,2.04998612,992.940735
-1838,11,999,-1838.33887,13.0500507,999.940796
-1824,11,1004,-1824.33899,13.0500507,1004.94073
-1873,0,1018,-1872.19287,2.05248356,1018.59033
-1866,11,1020,-1865.19263,13.0522633,1020.58997
-1855,11,1005,-1854.19556,13.0516853,1005.59393
-1866,11,1020,-1865.00098,12.2654285,1019.95587
-1873,0,1018,-1872.00098,1.26553667,1017.95587
-1866,11,1034,-1865.00098,12.2654285,1033.95593
-1854,0,1057,-1853.255,1.89986145,1056.33301
-1851,11,1051,-1850.25684,12.8997116,1050.33093
-1866,11,1034,-1865.25513,12.9002075,1033.33289
-1851,11,1051,-1850.875,13.6179504,1050.00793
-1854,0,1057,-1853.8833,2.61810207,1056.00684
-1835,11,1053,-1834.88281,13.6177053,1052.00696
-1813,0,1053,-1813.28296,1.2238822,1052.04089
-1818,11,1048,-1818.28259,12.2239189,1047.04077
-1835,11,1053,-1835.28296,12.2238569,1052.04089
-1934,76,740,-1933.03003,91.8803558,740.243164
-1929,192,737,-1928.03003,207.876816,737.243164
-1927,192,729,-1926.03003,207.876816,729.243164
-1934,76,740,-1933.04956,117.721405,740.310547
-1927,192,729,-1926.0437,233.742874,729.292358
-1929,76,724,-1928.04858,117.729744,724.307739
-1916,76,737,-1916.24316,102.351936,736.030029
-1921,192,735,-1921.24316,218.389969,734.030029
-1929,192,737,-1929.24316,218.387711,736.030029
-1916,76,737,-1916.17505,112.940262,736.015442
-1929,192,737,-1929.17493,228.863876,736.015442
-1934,76,740,-1934.16309,112.941917,739.013428
-1929,76,724,-1929.71582,144.903748,724.69812
-1927,192,729,-1927.71582,260.933594,729.698242
-1921,192,735,-1921.71582,260.933594,735.698242
-1929,76,724,-1929.71582,144.903748,724.69812
-1921,192,735,-1921.71582,260.933594,735.698242
-1916,76,737,-1916.71582,144.903748,737.698181
-1604,23,1016,-1604.97644,36.5140495,1015.78424
-1607,47,1019,-1607.97644,60.5120125,1018.78424
-1615,47,1054,-1615.97363,60.5159264,1053.77197
-1604,23,1016,-1604.97449,34.9169121,1015.77557
-1615,47,1054,-1615.97644,58.9119911,1053.7843
-1614,23,1059,-1614.97461,34.9127235,1058.77612
-1607,47,1019,-1607.96277,51.1882439,1018.72968
-1613,76,1027,-1613.95874,80.1871033,1026.71582
-1618,76,1044,-1618.95874,80.1881256,1043.71582
-1607,47,1019,-1607.97827,50.7479286,1018.79297
-1618,76,1044,-1618.97449,79.7498322,1043.77563
-1615,47,1054,-1615.97449,50.7472305,1053.77563
-1613,76,1027,-1613.97827,104.564339,1026.79297
-1617,142,1030,-1617.97827,170.544968,1029.79297
-1619,142,1039,-1619.97839,170.542496,1038.79333
-1613,76,1027,-1613.96082,107.010338,1026.7229
-1619,142,1039,-1619.96082,173.004929,1038.7229
-1618,76,1044,-1618.96118,107.006935,1043.72412
-1643,23,1026,-1642.72974,31.1634483,1026.96277
-1638,47,1028,-1637.72327,55.1645012,1028.96094
-1607,47,1019,-1606.72949,55.1645012,1019.96271
-1643,23,1026,-1642.75879,37.6993256,1026.97046
-1607,47,1019,-1606.75488,61.7067642,1019.96948
-1604,23,1016,-1603.75879,37.7040901,1016.97046
-1638,47,1028,-1637.75537,51.8943253,1028.9696
-1629,76,1031,-1628.75879,80.8937912,1031.97046
-1613,76,1027,-1612.75879,80.8930893,1027.97046
-1638,47,1028,-1637.71619,51.6061859,1028.95886
-1613,76,1027,-1612.72327,80.608757,1027.96094
-1607,47,1019,-1606.71582,51.6073875,1019.95874
-1629,76,1031,-1628.72949,98.716568,1031.96265
-1624,142,1032,-1623.72974,164.693848,1032.96277
-1617,142,1030,-1616.73633,164.690399,1030.9646
-1629,76,1031,-1628.75488,97.093605,1031.96948
-1617,142,1030,-1616.75488,163.087433,1030.96948
-1613,76,1027,-1612.75488,97.0977631,1027.96948
-1614,23,1059,-1613.255,30.3558674,1058.33301
-1615,47,1054,-1614.25586,54.3528366,1053.33203
-1638,47,1028,-1637.24719,54.3528366,1027.3418
-1614,23,1059,-1613.24792,32.8647766,1058.34094
-1638,47,1028,-1637.24719,56.8592072,1027.3418
-1643,23,1026,-1642.25549,32.8563118,1025.3324
-1615,47,1054,-1614.23547,54.7750854,1053.35547
-1618,76,1044,-1617.24133,83.7735596,1043.34863
-1629,76,1031,-1628.23584,83.7752762,1030.35498
-1615,47,1054,-1614.24805,50.251297,1053.34082
-1629,76,1031,-1628.24805,79.2534332,1030.34082
-1638,47,1028,-1637.255,50.2535629,1027.33301
-1618,76,1044,-1617.1925,111.696007,1043.41016
-1619,142,1039,-1618.18982,177.720963,1038.41394
-1624,142,1032,-1623.1897,177.720963,1031.41406
-1618,76,1044,-1617.24146,97.6687775,1043.34839
-1624,142,1032,-1623.24719,163.68457,1031.3418
-1629,76,1031,-1628.23547,97.6662292,1030.35547
-1906,47,740,-1906.16309,54.3847542,739.013428
-1916,76,737,-1916.17017,83.3834763,736.014587
-1934,76,740,-1934.16907,83.3821182,739.014404
-1906,47,740,-1906.17505,55.6660423,739.015442
-1934,76,740,-1934.17493,84.6636353,739.015442
-1941,47,746,-1941.17505,55.6641464,745.015442
-1902,23,741,-1902.17493,43.1400871,740.015442
-1906,47,740,-1906.17505,67.139801,739.015442
-1941,47,746,-1941.17505,67.1358185,745.015442
-1902,23,741,-1902.19165,28.3252697,740.018555
-1941,47,746,-1941.18567,52.3270073,745.017395
-1944,23,749,-1944.18555,28.3255787,748.017395
-1941,47,746,-1940.04858,51.3349457,746.307617
-1934,76,740,-1933.04871,80.3366318,740.308044
-1929,76,724,-1928.04858,80.3380966,724.307678
-1941,47,746,-1940.04382,53.7258148,746.292725
-1929,76,724,-1928.04077,82.7256012,724.282288
-1932,47,715,-1931.04077,53.7258148,715.282288
-1944,23,749,-1943.04077,34.2456284,749.282471
-1941,47,746,-1940.04077,58.2477722,746.282227
-1932,47,715,-1931.0437,58.2448959,715.292053
-1944,23,749,-1943.04077,35.7392426,749.282227
-1932,47,715,-1931.04077,59.7484436,715.282593
-1933,23,711,-1932.04077,35.7434998,711.282288
-1932,47,715,-1932.71582,55.3286972,715.698059
-1929,76,724,-1929.71497,84.331398,724.699158
-1916,76,737,-1916.71582,84.3305511,737.698059
-1932,47,715,-1932.69836,54.8209724,715.715698
-1916,76,737,-1916.70227,83.8206558,737.711792
-1906,47,740,-1906.70325,54.8232307,740.710815
-1933,23,711,-1933.69727,28.8292084,711.716797
-1932,47,715,-1932.70032,52.828476,715.713745
-1906,47,740,-1906.70032,52.8311615,740.713745
-1933,23,711,-1933.70032,39.1035805,711.713745
-1906,47,740,-1906.70227,63.108551,740.711792
-1902,23,741,-1902.70129,39.1064339,741.712769
-1520,120,80,-1519.3457,154.439728,80.7562256
-1553,175,110,-1552.3457,209.469803,110.756203
-1521,175,82,-1520.34583,209.477737,82.7563324
-1979,0,-1039,-1978.3656,2.72212672,-1039.77295
-1942,0,-1008,-1941.35461,2.72004199,-1008.76385
-1935,39,-1025,-1934.35388,41.7213097,-1025.76318
-1935,39,-1025,-1934.92285,40.0052757,-1024.00305
-1909,0,-1045,-1908.92285,1.00543225,-1044.00305
-1979,0,-1039,-1978.92358,1.00572753,-1038.00293
-1942,0,-1008,-1941.06311,1.63209772,-1007.65039
-1958,0,-963,-1957.0592,1.63324988,-962.661072
-1934,29,-990,-1933.06335,30.6316452,-989.64978
-1958,0,-963,-1958.29211,1.15060139,-963.95636
-1917,0,-975,-1917.28223,1.15104401,-975.959229
-1934,29,-990,-1934.2832,30.1515999,-990.959045
-1917,0,-975,-1916.95605,11.3600817,-975.999023
-1889,28,-978,-1888.95728,39.363121,-978.999084
-1892,75,-984,-1891.95593,86.3648453,-984.999023
-1917,0,-975,-1916.49609,1.23384249,-975.863708
-1862,0,-943,-1861.49622,1.2339617,-943.86377
-1889,28,-978,-1888.49609,29.2341805,-978.863708
-1862,0,-943,-1862.93616,1.39604509,-942.648438
-1886,0,-1006,-1886.93677,1.39604509,-1005.65009
-1889,28,-978,-1889.93652,29.3957787,-977.649414
-1886,0,-1006,-1886.99902,10.4317522,-1006.04297
-1892,75,-984,-1892.9989,85.4370346,-984.044922
-1889,28,-978,-1889.99902,38.4326782,-978.043518
-1886,0,-1006,-1886.9176,6.05555439,-1006.3974
-1874,15,-1038,-1874.92041,21.0536785,-1038.39062
-1885,55,-1026,-1885.92053,61.0562363,-1026.39038
-1886,0,-1006,-1886.71655,0.891313136,-1006.69751
-1849,0,-1045,-1849.7334,0.892048538,-1045.67944
-1874,15,-1038,-1874.73413,15.8915911,-1038.67896
-1849,0,-1045,-1849.04297,2.22465611,-1044.00098
-1909,0,-1045,-1909.04297,2.22465611,-1044.00098
-1874,15,-1038,-1874.04297,17.2244148,-1037.00098
-1909,0,-1045,-1909.07581,2.8939414,-1044.00293
-1885,55,-1026,-1885.06152,57.8955994,-1025.00195
-1874,15,-1038,-1874.07581,17.8937874,-1037.00293
-1942,0,-1008,-1941.00488,4.70886898,-1008.0979
-1934,29,-990,-1933.00488,33.7071266,-990.09845
-1935,39,-1025,-1934.00391,43.7073936,-1025.08777
-1892,75,-984,-1891.60339,79.2378006,-984.917969
-1934,29,-990,-1933.60254,33.2394638,-990.917603
-1917,0,-975,-1916.59668,4.24008846,-975.915039
-1886,0,-1006,-1886.99109,18.6228294,-1006.13257
-1885,55,-1026,-1885.99011,73.6305466,-1026.1394
-1892,75,-984,-1892.98816,93.6333466,-984.153076
-1909,0,-1045,-1909.5022,13.9031363,-1044.13525
-1884,91,-1022,-1884.50195,104.906296,-1021.13513
-1885,55,-1026,-1885.50195,68.9044266,-1025.13513
-1905,245,-1011,-1904.00671,268.536346,-1011.11554
-1914,104,-1014,-1913.00671,127.521629,-1014.11523
-1904,236,-997,-1903.00671,259.537628,-997.115234
-1914,104,-1014,-1913.08459,110.723335,-1013.59747
-1934,29,-990,-1933.07874,35.7246017,-989.611084
-1904,236,-997,-1903.08459,242.725449,-996.597473
-1934,29,-990,-1933.79297,40.5122757,-990.978333
-1892,75,-984,-1891.79297,86.5205231,-984.978271
-1904,236,-997,-1903.79297,247.552292,-997.978271
-1914,104,-1014,-1913.00671,106.40284,-1014.11523
-1935,39,-1025,-1934.00769,41.4049301,-1025.12305
-1934,29,-990,-1933.00671,31.4071369,-990.115234
-1904,236,-997,-1903.90076,243.752625,-997.995056
-1892,75,-984,-1891.90039,82.7444,-984.994995
-1887,234,-995,-1886.90039,241.754379,-995.994995
-1884,91,-1022,-1884.97839,158.357178,-1022.20648
-1887,233,-1015,-1887.97925,300.477478,-1015.20166
-1892,75,-984,-1892.97937,142.333939,-984.201782
-1884,91,-1022,-1883.8125,120.590538,-1021.01776
-1905,245,-1011,-1904.82324,274.621582,-1010.01575
-1887,233,-1015,-1886.82324,262.616455,-1014.01575
-1905,245,-1011,-1904.75879,286.26828,-1010.02954
-1884,91,-1022,-1883.75879,132.293259,-1021.02954
-1914,104,-1014,-1913.75879,145.299622,-1013.02954
-1909,0,-1045,-1908.68762,3.35366344,-1044.05005
-1935,39,-1025,-1934.67603,42.3550873,-1024.05396
-1914,104,-1014,-1913.67603,107.354294,-1013.05396
-1909,0,-1045,-1908.86719,2.19039893,-1044.00891
-1914,104,-1014,-1913.86719,106.186783,-1013.00891
-1884,91,-1022,-1883.86719,93.1870728,-1021.00891
-1597,0,-1034,-1597.86768,16.6934662,-1034.49707
-1587,0,-1051,-1587.86768,16.6982861,-1051.49707
-1595,177,-1064,-1595.86365,193.66478,-1064.50391
-1597,0,-1034,-1597.849,13.3061266,-1034.52832
-1595,177,-1064,-1595.849,190.31813,-1064.5282
-1603,177,-1051,-1603.84949,190.321213,-1051.52759
-1614,0,-1044,-1613.49634,20.3658123,-1044.86389
-1597,0,-1034,-1596.49634,20.3686104,-1034.86389
-1603,177,-1051,-1602.49634,197.350616,-1051.86389
-1614,0,-1044,-1613.53235,10.7256479,-1044.88391
-1603,177,-1051,-1602.53174,187.732605,-1051.88354
-1616,177,-1058,-1615.51953,187.731659,-1058.87695
-1616,177,-1058,-1615.15649,185.592834,-1057.46289
-1608,301,-1048,-1607.15479,309.599121,-1047.46558
-1603,301,-1056,-1602.15649,309.59787,-1055.46289
-1616,177,-1058,-1615.15649,188.798767,-1057.46289
-1603,301,-1056,-1602.14697,312.818817,-1055.47815
-1608,177,-1071,-1607.14978,188.798767,-1070.47363
-1608,177,-1071,-1608.49023,189.146729,-1070.12842
-1603,301,-1056,-1603.48828,313.142242,-1055.12732
-1594,301,-1051,-1594.48828,313.143646,-1050.12732
-1608,177,-1071,-1608.47961,193.478165,-1070.12256
-1594,301,-1051,-1594.46875,317.482697,-1050.1167
-1595,177,-1064,-1595.47961,193.479553,-1063.12256
-1906,0,-735,-1906.04297,10.7296877,-735.999023
-1886,0,-735,-1886.04297,10.7296877,-735.999023
-1884,148,-744,-1884.04297,158.725174,-744.999023
-1906,0,-735,-1906.04297,10.7296877,-735.999023
-1884,148,-744,-1884.04297,158.725174,-744.999023
-1899,148,-744,-1899.04297,158.725174,-744.999023
-1906,0,-755,-1905.00098,24.3455105,-755.042969
-1906,0,-735,-1905.00098,24.3455105,-735.042969
-1899,148,-744,-1898.00098,172.34874,-744.042969
-1906,0,-755,-1905.00098,24.3455105,-755.042969
-1899,148,-744,-1898.00098,172.34874,-744.042969
-1899,148,-759,-1898.00098,172.34874,-759.042969
-1899,148,-759,-1899.04297,152.137497,-758.000977
-1907,230,-744,-1907.04297,234.139069,-743.000977
-1897,230,-744,-1897.04297,234.139069,-743.000977
-1899,148,-759,-1899.04297,152.137497,-758.000977
-1897,230,-744,-1897.04297,234.139069,-743.000977
-1884,148,-759,-1884.04297,152.137497,-758.000977
-1884,148,-759,-1884.99902,151.720947,-759.042969
-1897,230,-744,-1897.99902,233.716507,-744.042969
-1897,230,-734,-1897.99902,233.716507,-734.042969
-1884,148,-759,-1884.99902,151.720947,-759.042969
-1897,230,-734,-1897.99902,233.716507,-734.042969
-1884,148,-744,-1884.99902,151.720947,-744.042969
