1483,-182,2578,1482.50977,-180.158447,2578.87158
1152,-182,2394,1151.50977,-180.1548,2394.87158
1124,-75,2471,1123.50977,-73.1535187,2471.87158
1080,-182,1970,1080.13843,-181.608673,1969.00964
1217,-182,1989,1217.13086,-181.606049,1988.00867
1273,125,1697,1273.13855,125.399155,1696.00977
1080,-182,1970,1080.95874,-181.181961,1969.71582
1273,125,1697,1273.95874,125.815163,1696.71582
999,-182,1689,999.960754,-181.179611,1688.72266
999,-182,1689,999.819458,-180.22583,1688.42688
1273,125,1697,1273.81921,126.777519,1696.42651
745,-182,1318,745.829407,-180.225098,1317.44141
0,-182,538,-0.99907583,-180.085327,537.957031
-140,38,547,-140.999069,39.9171028,546.956909
-107,-22,975,-107.999069,-20.087492,974.956909
-107,-22,975,-107.93866,-21.3424778,975.344727
0,-2,1322,-0.938679755,-1.34566367,1322.34473
180,-182,1318,179.062027,-181.353317,1318.34668
180,-182,1318,179.194992,-181.55806,1317.40674
0,-2,1322,-0.800276756,-1.55899823,1321.40039
-99,-182,1689,-99.7943878,-181.560333,1688.3927
0,-2,1322,-0.805344343,-0.563440442,1321.40723
-247,25,1620,-247.803864,26.4324913,1619.40527
-99,-182,1689,-99.803009,-180.567337,1688.40405
-99,-182,1689,-99.9146576,-180.059708,1688.59583
-247,25,1620,-247.912109,26.9387627,1619.59009
-226,-182,1970,-226.912048,-180.056396,1969.58997
-247,25,1620,-247.953384,27.2420406,1619.69824
-392,64,1991,-392.953339,66.2481003,1990.69824
-226,-182,1970,-226.953796,-179.755692,1969.69958
-226,-182,1970,-226.98494,-180.140305,1970.17285
-299,-3,2376,-299.985748,-1.14092052,2376.16797
-154,-182,2376,-154.983765,-180.14119,2376.17944
-226,-182,1970,-226.99292,-181.274155,1970.11877
-392,64,1991,-392.992828,64.7268066,1991.11914
-299,-3,2376,-299.992828,-2.27907085,2376.11914
-154,-182,2376,-154.749237,-181.133987,2376.66211
-299,-3,2376,-299.754517,-2.13893294,2376.65625
165,-237,2686,164.248886,-236.136139,2686.66016
294,-237,3285,293.039093,-235.067383,3285.27686
336,-203,3518,335.038971,-201.064819,3518.27637
392,-237,3632,391.039307,-235.064865,3632.27759
1124,-75,2471,1123.8606,-73.9510498,2471.99023
1152,-182,2394,1151.8678,-180.947586,2394.99121
1015,-182,2376,1014.85382,-180.945541,2376.98926
1217,-182,1989,1217.23926,-180.973541,1988.02905
1609,-182,2085,1609.23926,-180.978455,2084.02905
1273,125,1697,1273.2395,126.014938,1696.02917
1963,-182,2396,1962.95593,-180.725586,2395.00098
2362,-182,2377,2361.95605,-180.719604,2376.00098
2147,-41,2289,2146.95605,-39.7192574,2288.00098
2384,-182,2081,2383.08496,-180.401184,2080.59668
2498,-182,1831,2497.08496,-180.404785,1830.59668
2147,-41,2289,2146.08472,-39.4014168,2288.59741
348,33,2078,348.624451,40.5468254,2077.21899
332,-65,2085,332.614532,-57.449791,2084.21118
365,-65,2111,365.604675,-57.4482155,2110.20361
406,33,2094,406.273285,34.9704895,2093.03809
348,33,2078,348.250793,34.9714012,2077.03198
365,-65,2111,365.250793,-63.0333405,2110.03198
407,-65,2105,406.853821,-53.3244286,2104.01074
406,33,2094,405.847382,44.6763992,2093.01172
365,-65,2111,364.846954,-53.3244286,2110.01196
363,33,2020,363.880707,37.1878586,2020.47363
354,-65,2005,354.880707,-60.8051033,2005.47363
334,-65,2043,334.880676,-60.8002472,2043.47363
348,33,2078,348.963806,39.4144096,2078.2666
363,33,2020,363.963806,39.4174347,2020.2666
334,-65,2043,334.9646,-58.5787506,2043.26367
332,-65,2085,332.999023,-60.9638824,2085.04395
348,33,2078,348.999023,37.0323524,2078.04346
334,-65,2043,334.999023,-60.9634972,2043.04382
421,33,2036,420.384918,41.2494659,2036.78845
429,-65,2025,428.384705,-56.7568741,2025.78821
395,-65,1999,394.384766,-56.762207,1999.78833
363,33,2020,362.737183,34.82864,2020.96484
421,33,2036,420.729248,34.8290749,2036.96265
395,-65,1999,394.729248,-63.1707573,1999.96265
354,-65,2005,354.145111,-61.3710136,2005.98938
363,33,2020,363.130951,36.6357574,2020.99133
395,-65,1999,395.145142,-61.36726,1999.98938
406,-65,2094,405.003876,-58.8777618,2094.08789
407,-65,2105,406.003876,-58.8767548,2105.08789
426,-182,2156,425.004059,-175.857727,2156.08984
406,-65,2094,405.309174,-63.0751457,2093.2771
426,-182,2156,425.292114,-180.076141,2155.2937
456,-182,2127,455.293823,-180.076965,2126.29199
465,-182,1993,464.187561,-174.652054,1992.41699
429,-65,2025,428.187622,-57.6625862,2024.41687
421,-65,2036,420.187561,-57.6611938,2035.41699
465,-182,1993,464.069183,-178.894318,1993.36548
421,-65,2036,420.069092,-61.8942528,2036.36523
480,-182,2030,479.069092,-178.893265,2030.36523
365,-65,2111,365.619507,-63.6294174,2110.21509
332,-65,2085,332.614899,-63.6310654,2084.21143
296,-182,2116,296.624481,-180.632858,2115.21899
365,-65,2111,365.557983,-62.9668884,2110.17017
296,-182,2116,296.561127,-179.970978,2115.17236
354,-182,2155,354.561218,-179.971695,2154.17236
426,-182,2156,425.852997,-178.887589,2155.01099
407,-65,2105,406.853821,-61.8907204,2104.01074
365,-65,2111,364.867737,-61.8898354,2110.00879
426,-182,2156,426.038666,-179.854462,2155.00098
365,-65,2111,365.035797,-62.8549271,2110.00073
354,-182,2155,354.040863,-179.85585,2154.00098
334,-65,2043,334.881744,-63.163662,2043.47168
354,-65,2005,354.880829,-63.1640205,2005.47339
334,-182,1952,334.880859,-180.167252,1952.47327
334,-65,2043,334.83139,-62.4999886,2043.55566
334,-182,1952,334.833252,-179.496185,1952.55273
283,-182,2029,283.835266,-179.498047,2029.54968
296,-182,2116,296.999054,-180.005722,2116.04346
332,-65,2085,332.999023,-63.0071411,2085.0437
334,-65,2043,334.999023,-63.0071411,2043.04358
296,-182,2116,296.988953,-179.329941,2115.85181
334,-65,2043,334.988037,-62.3288765,2042.84583
283,-182,2029,283.988953,-179.330902,2028.85181
395,-65,1999,394.384918,-62.2447205,1999.78845
429,-65,2025,428.38974,-62.2450447,2025.79211
465,-182,1993,464.38974,-179.248474,1993.79211
395,-65,1999,394.453247,-61.0498428,1999.83728
465,-182,1993,464.453186,-178.05304,1993.83716
407,-182,1955,406.453186,-178.054443,1955.83716
334,-182,1952,334.131561,-180.97377,1952.99121
354,-65,2005,354.130951,-63.9746361,2005.99133
395,-65,1999,395.138,-63.9749222,1999.99036
334,-182,1952,333.955841,-179.300934,1952.99902
395,-65,1999,394.955841,-62.2967758,1999.99902
407,-182,1955,406.955719,-179.302994,1955.9989
2519,-176,3038,2519.86206,-172.564041,3038.50659
2534,-130,3027,2534.86768,-126.558037,3027.49707
2528,-176,3022,2528.86768,-172.562561,3022.49707
2528,-176,3022,2527.48218,-143.803787,3022.85547
2534,-130,3027,2533.49121,-97.8168945,3027.86084
2543,-176,3031,2542.47266,-143.813156,3031.84961
2543,-176,3031,2542.14697,-170.147797,3030.47827
2534,-130,3027,2533.13525,-124.145966,3026.4978
2534,-176,3046,2533.13306,-170.147797,3045.50171
2534,-176,3046,2534.46729,-171.706345,3045.11597
2534,-130,3027,2534.4668,-125.707031,3026.11572
2519,-176,3038,2519.46777,-171.707047,3037.11621
2991,-176,2910,2991.84717,-168.214691,2910.53125
3007,-130,2900,3007.86401,-122.215759,2900.50342
3000,-176,2895,3000.84912,-168.214691,2895.52808
3000,-176,2895,2999.47656,-81.4944458,2895.85205
3007,-130,2900,3006.47266,-35.5408363,2900.84961
3015,-176,2904,3014.48218,-81.5108032,2904.85547
3015,-176,2904,3014.11572,-172.363266,2903.5332
3007,-130,2900,3006.11572,-126.36338,2899.5332
3007,-176,2919,3006.10962,-172.363266,2918.54492
3007,-176,2919,3007.48877,-173.390869,2918.12769
3007,-130,2900,3007.47998,-127.391373,2899.1228
2991,-176,2910,2991.48926,-173.390869,2909.12793
2990,-7,3171,2990.61084,-5.82330036,3170.20825
3093,-7,3251,3093.60938,-5.82469606,3250.20728
3155,56,3221,3155.61328,57.1739082,3220.21021
2816,-94,3286,2815.38477,-92.1268539,3286.78833
2817,-28,3332,2816.38477,-26.1240273,3332.78833
2945,-72,3399,2944.38916,-70.1201324,3399.79175
2817,-28,3332,2816.32129,-26.5039463,3332.73438
2920,-28,3424,2919.33203,-26.5025826,3424.74414
2945,-72,3399,2944.34082,-70.5016327,3399.75195
2696,-138,3278,2695.93774,-135.194275,3278.99805
2717,-28,3325,2716.91187,-25.1910744,3325.99609
2817,-28,3332,2816.92358,-25.1917133,3332.99707
2696,-138,3278,2696.17578,-135.779526,3278.98438
2817,-28,3332,2817.17554,-25.7751236,3332.98438
2816,-94,3286,2816.17529,-91.7756958,3286.98438
2602,-138,3379,2602.71313,-135.569824,3379.70093
2640,-28,3407,2640.71582,-25.5700703,3407.69824
2717,-28,3325,2717.71411,-25.5700703,3325.69995
2602,-138,3379,2602.73364,-135.387466,3379.67944
2717,-28,3325,2717.71509,-25.3820248,3325.69897
2696,-138,3278,2696.7168,-135.385605,3278.69727
2921,-94,3153,2921.97827,-93.0725784,3153.20605
2990,-7,3171,2990.97656,-6.07258224,3171.2146
3005,-7,3096,3005.97827,-6.07104015,3096.20703
2921,-94,3153,2921.90527,-92.823288,3153.4248
3005,-7,3096,3005.90283,-5.8251791,3096.42969
2942,-138,3042,2942.91113,-136.82547,3042.41211
3065,-59,3280,3065.71313,-57.5205956,3279.29907
2990,-7,3171,2990.7168,-5.51843929,3170.30273
2921,-94,3153,2921.71216,-92.5139847,3152.2981
3065,-59,3280,3065.60669,-57.0510979,3279.20508
3093,-7,3251,3093.61328,-5.0502882,3250.21021
2990,-7,3171,2990.60986,-5.0502882,3170.20752
2942,-138,3042,2941.84741,-135.843369,3042.98828
3005,-7,3096,3004.84131,-4.84906912,3096.9873
3134,-7,3114,3133.84741,-4.85057878,3114.98828
2942,-138,3042,2941.84741,-135.19281,3042.98828
3134,-7,3114,3133.84741,-4.19989014,3114.98828
3133,-138,3068,3132.8606,-135.201004,3068.99023
1609,-346,2085,1609.26184,-325.987823,2084.03491
1224,523,1954,1224.25781,543.038574,1953.03381
1220,-333,1977,1220.26172,-313.011841,1976.03491
1220,-333,1977,1220.8092,-306.733246,1976.41248
1224,523,1954,1224.80908,549.590088,1953.41235
1032,515,1690,1032.80908,541.502991,1689.41235
2404,-32,3230,2403.38989,-23.0927353,3230.79224
2591,138,3403,2590.38916,146.8936,3403.79175
2809,-28,3535,2808.38574,-19.1146526,3535.78906
2591,138,3403,2590.40112,146.321884,3403.80078
2811,179,3572,2810.41235,187.345154,3572.80908
2809,-28,3535,2808.40503,-19.666811,3535.80371
2404,-32,3230,2403.41309,-28.0465164,3230.80957
2371,138,3241,2370.40503,141.946808,3241.80371
2591,138,3403,2590.40503,141.951996,3403.80371
3129,-182,2856,3129.87305,-134.985641,2855.51245
2979,15,2578,2979.87646,62.1687508,2577.51855
2965,-182,2560,2965.87158,-134.753571,2559.50977
1959,25,2981,1959.21851,26.6539268,2981.97583
1990,125,3018,1990.20605,126.653648,3018.97852
2435,-182,2778,2435.22266,-180.346466,2778.97485
1990,125,3018,1990.45251,135.68895,3018.8916
2404,90,2802,2404.46509,100.776466,2802.88525
2435,-29,2778,2435.46777,-18.1927948,2778.88379
1990,125,3018,1990.39771,125.628059,3018.91748
2016,224,3098,2016.41125,224.629715,3098.91138
2404,90,2802,2404.38916,90.6142273,2802.92114
2435,-29,2778,2434.00195,-24.4494381,2777.93774
2404,90,2802,2403.00195,94.5565186,2801.93774
2404,-32,3230,2403.00195,-27.4553585,3229.93774
2404,90,2802,2403.00098,93.7692566,2801.95605
2371,138,3241,2370.00098,141.793915,3240.95605
2404,-32,3230,2403.00098,-28.2159195,3229.95605
2809,-28,3535,2809.74365,-14.4496613,3535.66846
2878,175,3488,2878.74146,188.557312,3488.67065
2945,126,3403,2945.73169,139.552078,3403.6814
2809,-28,3535,2809.69629,72.0318451,3535.71729
2945,126,3403,2945.69678,225.865448,3403.71729
2945,-72,3399,2945.69629,28.0502071,3399.71729
2809,-28,3535,2809.75781,-19.7865982,3535.65234
2811,179,3572,2811.77319,187.240753,3572.63403
2878,175,3488,2878.76294,183.235733,3488.64624
2945,126,3403,2944.34766,217.430496,3403.75781
3005,-62,3451,3004.33887,29.4042931,3451.75024
2945,-72,3399,2944.34033,19.4245567,3399.75146
3065,122,3280,3065.42407,125.373329,3280.90552
3188,202,3241,3188.41138,205.382416,3241.91138
3135,-32,3210,3135.4248,-28.6242695,3210.90527
3135,-32,3210,3135.98926,-24.7365341,3209.854
3188,202,3241,3188.99023,209.263596,3240.8606
3129,178,2856,3129.98926,185.28006,2855.854
2949,-263,2127,2949.99902,-246.283035,2126.95605
2965,-182,2560,2965.99902,-165.379227,2559.95605
2979,15,2578,2979.99902,31.579668,2577.95605
2949,-263,2127,2949.99902,-256.159637,2126.95605
2979,15,2578,2979.99902,21.8313179,2577.95605
2980,19,2147,2980.99902,25.8702679,2146.95605
748,-237,2982,748.946045,-233.658569,2982.32397
841,158,2983,841.946045,161.330078,2983.32397
931,193,2731,931.946045,196.323029,2731.32397
275,-126,54,274.135437,-119.662048,53.4974785
242,212,54,241.135345,218.354462,53.4976349
0,-182,538,-0.865442634,-175.61972,537.499023
242,212,54,241.114227,232.6633,53.535881
13,234,478,12.1175461,254.630051,477.529602
0,-182,538,-0.877444088,-161.424286,537.520325
13,234,478,12.732296,237.921829,477.036499
-140,38,547,-140.261841,41.922142,546.034912
0,-182,538,-0.258009553,-178.115677,537.033875
785,-237,3284,785.991333,-224.271942,3283.86865
809,84,3275,809.991394,96.6989441,3274.86914
748,-237,2982,748.993103,-224.238419,2981.88281
809,84,3275,809.998962,88.6369553,3275.04492
841,158,2983,841.999023,162.651489,2983.04395
748,-237,2982,748.998962,-232.364182,2982.04468
443,-182,933,443.854431,-179.871674,932.480469
545,250,844,545.849182,252.157471,843.471924
359,150,596,359.854523,152.154419,595.480591
359,150,596,359.867462,151.90715,595.502502
545,250,844,545.871582,251.915497,843.509766
440,316,603,440.867065,317.911774,602.501831
443,-182,933,443.131897,-177.559799,932.008789
672,10,919,672.130859,14.4303656,918.008606
545,250,844,545.130859,254.437088,843.008606
672,10,919,672.214111,14.474021,918.023193
787,184,912,787.223877,188.48201,911.025391
545,250,844,545.21405,254.472687,843.023193
359,150,596,359.999054,150.917694,596.042908
440,316,603,440.999084,316.917206,603.042725
411,241,286,411.999084,241.924515,286.042542
42,99,3265,41.3904228,104.342148,3265.79272
310,198,3495,309.385071,203.338608,3495.78857
345,91,3489,344.390747,96.3319626,3489.79297
310,198,3495,309.041321,200.606598,3495.28442
346,198,3614,345.042999,200.603577,3614.29004
397,36,3605,396.042999,38.601059,3605.29004
310,198,3495,309.036194,202.0513,3495.2666
397,36,3605,396.036133,40.0431976,3605.26636
345,91,3489,344.038971,95.0471649,3489.27637
886,-171,2718,886.903992,-162.099396,2718.42749
748,-237,2982,748.903259,-228.089127,2982.42896
931,193,2731,931.900146,201.907928,2731.43555
809,84,3275,809.947021,101.865135,3275.32104
785,-237,3284,785.945923,-219.1241,3284.32397
670,-237,3632,670.949951,-219.025772,3632.31226
809,84,3275,809.94812,101.235344,3275.31787
670,-237,3632,670.950806,-219.858856,3632.30957
703,72,3607,703.949097,89.178772,3607.31494
703,72,3607,703.860718,99.9498901,3607.50879
670,-237,3632,670.860718,-209.000687,3632.50879
467,-237,3983,467.866577,-208.967743,3983.49902
703,72,3607,703.848999,198.419342,3607.52832
467,-237,3983,467.848358,-110.269653,3983.5293
475,33,3975,475.845306,159.817352,3975.53418
133,-237,4288,132.955826,-215.928284,4288.99902
-301,-237,4267,-301.042664,-215.949997,4267.99902
-319,-18,4276,-319.074951,2.99583817,4276.99707
392,-237,3632,391.052124,-186.91185,3631.6814
397,36,3605,396.052124,85.8409348,3604.6814
357,79,3721,356.053192,128.748718,3720.67822
392,-237,3632,391.046326,-208.59201,3631.69922
357,79,3721,356.046082,107.371384,3720.69995
358,-237,3742,357.046082,-208.602798,3741.69995
357,79,3721,356.21167,109.066216,3720.38477
239,123,3865,238.21492,153.0896,3864.38062
246,-237,3879,245.211853,-206.905579,3878.38452
357,79,3721,356.218597,91.0281067,3720.37598
246,-237,3879,245.221939,-225.052841,3878.37183
358,-237,3742,357.221741,-224.992447,3741.37207
397,36,3605,396.022949,38.3782043,3604.78711
346,198,3614,345.024902,200.373489,3613.77832
331,160,3726,330.024902,162.370529,3725.77832
397,36,3605,396.022949,40.2008629,3604.78711
331,160,3726,330.024902,164.204758,3725.77832
357,79,3721,356.02298,83.2023239,3720.78687
331,160,3726,330.188416,166.178238,3725.41577
239,123,3865,238.192673,129.186539,3864.40991
357,79,3721,356.178925,85.1783066,3720.4292
239,123,3865,238.211853,159.356354,3864.38452
31,19,4128,30.2170391,55.3595276,4127.37793
41,-237,4132,40.2178192,-200.736069,4131.37695
239,123,3865,238.218597,156.26683,3864.37598
41,-237,4132,40.2209435,-203.672791,4131.37305
246,-237,3879,245.214722,-203.802429,3878.38086
31,19,4128,30.6316509,52.0660629,4127.07031
-301,-237,4267,-301.375458,-203.900757,4266.07324
41,-237,4132,40.6195602,-203.883835,4131.0752
275,-126,54,274.434052,-108.162117,53.17556
682,-98,-230,681.427856,-80.1444855,-230.820145
655,207,-234,654.428528,224.885696,-234.820618
275,-126,54,274.424011,-114.462044,53.1825447
655,207,-234,654.427795,218.667007,-234.820099
242,212,54,241.424011,223.625565,53.1825447
682,-98,-230,681.020325,-89.5152664,-230.200424
740,168,-646,739.017395,176.46907,-646.185547
655,207,-234,654.018311,215.515533,-234.190308
925,-98,-100,925.571289,-82.1488419,-99.1792526
495,-126,200,495.573212,-110.198769,200.819397
411,241,286,411.57309,256.697601,286.819489
