-5159,-412,-796,-5159.49512,-381.058807,-795.131226
-5308,-412,-880,-5308.50195,-381.03064,-879.135132
-5328,477,-847,-5328.49316,508.128143,-846.130066
-5159,-412,-796,-5159.49023,-391.316559,-795.128418
-5328,477,-847,-5328.48828,497.795868,-846.127319
-5209,477,-781,-5209.48633,497.781311,-780.126282
-5159,-412,-796,-5159.99902,-399.018127,-795.96582
-5209,477,-781,-5209.99902,489.924438,-780.963867
-5207,477,-645,-5207.99951,489.924438,-644.985352
-5159,-412,-796,-5159.99951,-386.146606,-795.995117
-5207,477,-645,-5207.99951,502.800598,-644.968811
-5157,-412,-624,-5157.99854,-386.190277,-623.958008
-5157,-412,-624,-5157.52637,-400.221619,-624.85022
-5207,477,-645,-5207.52637,489.039795,-645.850037
-5324,477,-575,-5324.52637,489.039795,-575.850098
-5157,-412,-624,-5157.53418,-389.930389,-624.845337
-5324,477,-575,-5324.52637,498.887177,-575.850159
-5303,-412,-536,-5303.52637,-389.945129,-536.850037
-5303,-412,-536,-5302.50977,-370.673706,-536.87146
-5324,477,-575,-5323.51855,517.83075,-575.876343
-5443,477,-642,-5442.50977,517.812378,-642.871399
-5303,-412,-536,-5302.50977,-361.839386,-536.871399
-5443,477,-642,-5442.521,527.1922,-642.877808
-5452,-412,-620,-5451.50977,-361.793335,-620.871399
-5452,-412,-620,-5451.00098,-290.409729,-620.042969
-5443,477,-642,-5442.00098,597.60968,-642.042969
-5445,477,-778,-5444.00098,597.656189,-778.042969
-5452,-412,-620,-5451.00098,-314.199005,-620.042969
-5445,477,-778,-5444.00098,573.970215,-778.042969
-5454,-412,-792,-5453.00098,-314.199005,-792.042969
-5454,-412,-792,-5453.49609,-379.446838,-791.136292
-5445,477,-778,-5444.49121,509.361328,-777.13916
-5328,477,-847,-5327.49609,509.361328,-846.136292
-5454,-412,-792,-5453.48145,-354.349274,-791.144958
-5328,477,-847,-5327.49609,534.785522,-846.136292
-5308,-412,-880,-5307.47168,-354.276642,-879.151001
-5072,-412,221,-5072.50391,-381.85022,221.863647
-5231,-412,131,-5231.50391,-381.883362,131.863586
-5249,477,166,-5249.49512,507.161316,166.868698
-5072,-412,221,-5072.49707,-382.92392,221.867523
-5249,477,166,-5249.49707,505.966156,166.867615
-5122,477,237,-5122.49707,505.915222,237.867599
-5072,-412,221,-5072.99951,-398.472687,221.03096
-5122,477,237,-5122.99951,490.49585,237.030457
-5120,477,382,-5120.99951,490.478546,382.019379
-5072,-412,221,-5072.99902,-390.987518,221.036438
-5120,477,382,-5120.99951,497.84845,382.022125
-5069,-412,405,-5069.99951,-391.013275,405.015808
-5069,-412,405,-5069.52246,-392.338745,404.147339
-5120,477,382,-5120.50586,496.510925,381.13739
-5246,477,457,-5246.50684,496.548828,456.13797
-5069,-412,405,-5069.52246,-397.510468,404.147339
-5246,477,457,-5246.50635,491.227234,456.137695
-5226,-412,499,-5226.50586,-397.529236,498.13739
-5226,-412,499,-5225.50977,-374.430542,498.128418
-5246,477,457,-5245.52637,514.615967,456.119293
-5373,477,386,-5372.51367,514.656311,385.126251
-5226,-412,499,-5225.51172,-387.288696,498.127319
-5373,477,386,-5372.51367,501.982574,385.126251
-5385,-412,409,-5384.50977,-387.230042,408.128418
-5385,-412,409,-5384.00098,-333.381897,408.955841
-5373,477,386,-5372.00098,555.331055,385.955841
-5375,477,240,-5374.00098,555.366333,239.955826
-5385,-412,409,-5384.00098,-373.060944,408.955841
-5375,477,240,-5374.00098,515.933167,239.955826
-5388,-412,225,-5387.00098,-373.095001,224.955826
-5388,-412,225,-5387.4873,-363.949921,225.858459
-5375,477,240,-5374.50098,525.324707,240.866501
-5249,477,166,-5248.50098,525.302429,166.866501
-5388,-412,225,-5387.50098,-389.126495,225.86644
-5249,477,166,-5248.49414,499.702759,166.862488
-5231,-412,131,-5230.49609,-389.084717,131.86348
-509,457,2054,-508.924438,459.709991,2054.99707
773,40,1814,773.075562,42.7062035,1814.99707
-545,0,1915,-544.922852,2.69711232,1915.99695
773,40,1814,773.075745,48.996769,1814.99707
-46,-320,1829,-45.9225922,-311.05127,1829.99695
-545,0,1915,-544.925171,8.93896294,1915.99719
811,280,2291,811.152161,305.067413,2290.01172
1492,430,2397,1492.14502,454.919434,2396.01074
646,839,2236,646.151794,864.023926,2235.01172
730,372,1936,730.041992,374.210144,1936.99902
-509,457,2054,-508.955841,459.205841,2054.99902
646,839,2236,646.041748,841.219055,2236.99902
-509,457,2054,-508.494446,459.572327,2054.86279
-1031,24,2085,-1030.49658,26.5807266,2085.86401
-1066,247,2252,-1065.49622,249.578094,2252.86377
-1031,24,2085,-1030.06311,36.9674377,2085.34961
-1207,49,2577,-1206.06311,61.949398,2577.34961
-1066,247,2252,-1065.06348,259.950165,2252.35059
-1207,49,2577,-1206.04077,52.6628723,2577.28247
-1154,259,2567,-1153.04089,262.671204,2567.28296
-1066,247,2252,-1065.04077,250.664474,2252.28247
-1154,259,2567,-1153.04419,259.940155,2567.29395
-944,515,2531,-943.048523,515.947876,2531.30762
-1066,247,2252,-1065.04858,247.938675,2252.30786
-509,457,2054,-508.689117,460.056976,2054.95044
-545,0,1915,-544.687622,3.06734848,1915.94995
-1031,24,2085,-1030.68469,27.0796757,2085.94897
773,40,1814,773.075256,42.1726151,1814.99707
-509,457,2054,-508.938538,459.128601,2054.99805
730,372,1936,730.05957,374.162109,1936.99817
646,839,2236,645.385071,841.663391,2235.21143
147,280,2796,146.38475,282.650513,2795.21167
811,280,2291,810.384766,282.674042,2290.21167
646,839,2236,645.860596,841.433044,2235.00977
-137,750,2400,-137.139404,752.435303,2399.00977
-513,280,2770,-513.152161,282.440155,2769.01172
-137,750,2400,-136.911713,750.546021,2399.00391
-944,515,2531,-943.923523,515.531372,2530.00293
-513,280,2770,-512.922852,280.531036,2769.00317
-944,515,2531,-943.384766,515.673767,2530.21167
-1154,259,2567,-1153.38867,259.667084,2566.20874
-896,235,2783,-895.396484,235.668274,2782.20288
-1154,259,2567,-1153.38477,261.535858,2566.21167
-1207,49,2577,-1206.3656,51.5210152,2576.22705
-896,235,2783,-895.384766,237.537857,2782.21167
-762,0,2872,-761.961914,3.22001863,2871.00073
-513,280,2770,-512.969727,283.233826,2769.00049
-896,235,2783,-895.958008,238.221313,2782.00098
-513,280,2770,-512.9375,281.060028,2769.0022
-944,515,2531,-943.938477,516.062683,2530.00195
-896,235,2783,-895.923523,236.063141,2782.00293
-472,80,2771,-472.320221,92.2465134,2770.05273
-513,280,2770,-513.322388,292.215485,2769.05347
-762,0,2872,-762.322266,12.177722,2871.05347
1734,34,1832,1733.95593,35.9303284,1832.99902
773,40,1814,772.955872,41.8904076,1814.99902
730,372,1936,729.955872,373.874298,1936.99902
646,839,2236,646.292236,841.024963,2236.9563
1734,726,1832,1734.29248,728.048218,1832.95618
730,372,1936,730.295837,374.014832,1936.9552
933,801,-2411,932.955872,802.337769,-2411.99902
777,512,-2224,776.955872,513.33728,-2224.99902
1480,869,-2458,1479.95593,870.336853,-2458.99902
933,801,-2411,933.804016,802.11438,-2411.59448
733,765,-2637,733.809509,766.116028,-2637.58691
777,512,-2224,777.808838,513.112732,-2224.58789
-46,-320,1829,-46.5494156,-317.315918,1829.83545
-311,-320,1653,-311.561432,-317.314972,1653.82751
-595,8,1698,-595.554504,10.6886692,1698.83215
-311,-320,1653,-311.262085,-316.711914,1653.96497
-682,-320,1551,-682.268555,-316.720154,1551.96326
-595,8,1698,-595.268555,11.298543,1698.96313
-682,-320,1551,-681.900391,-316.769958,1551.995
-1006,22,1750,-1005.90039,25.2372704,1750.995
-595,8,1698,-594.911743,11.2268782,1698.99609
-1090,-320,1248,-1090.9707,-318.277527,1247.75977
-1431,15,1360,-1431.9707,16.7276382,1359.75977
-1418,-59,1587,-1418.97046,-57.2769165,1586.75879
-1411,-59,1700,-1411.5293,-57.098259,1700.84827
-1547,64,1740,-1547.52637,65.9006348,1740.8501
-1250,24,1879,-1250.5166,25.8988323,1879.8562
-2003,47,1680,-2002.08154,48.0259972,1679.60449
-2206,15,1237,-2205.0791,16.0284443,1236.61023
-2436,-320,1184,-2435.08154,-318.974152,1183.60449
-2484,15,632,-2483.01074,18.9405499,632.145142
-2603,-320,743,-2602.01172,-316.069702,743.151489
-2531,15,967,-2530.00879,18.9547462,967.131836
-2077,15,1101,-2077.55371,18.0449543,1101.83264
-2238,-320,863,-2238.55103,-316.931915,863.834473
-2214,15,1010,-2214.55664,18.0512562,1010.83063
940,25,1196,940.90387,25.4792709,1196.42773
675,-320,968,675.900146,-319.524994,968.435547
819,48,1497,819.900146,48.4789619,1497.43555
675,-320,968,675.925354,-319.112854,968.378906
434,-320,1570,434.928131,-319.11615,1570.37207
819,48,1497,819.925476,48.883873,1497.37878
1409,24,990,1409.39551,25.6795216,990.918396
675,-320,968,675.395508,-318.317413,968.918457
940,25,1196,940.395508,26.6818447,1196.91846
1409,24,990,1409.41125,24.8181324,990.911499
1652,-325,500,1652.42773,-324.178833,500.903839
675,-320,968,675.423889,-319.184509,968.905701
1513,23,-634,1513.66699,24.9168587,-634.744873
1261,-325,-484,1261.67578,-323.081879,-484.737061
1672,-325,-108,1672.67578,-323.095093,-108.737061
1513,23,-634,1513.09802,24.4486523,-634.995117
868,-325,-522,868.099243,-323.542358,-522.995056
1261,-325,-484,1261.08789,-323.544006,-484.996124
-3406,355,3990,-3405.51074,357.892303,3990.87207
-3381,455,4004,-3380.4978,457.895355,4004.86475
-3249,455,3927,-3248.50293,457.8974,3927.86768
-3406,355,3990,-3405.50415,360.708618,3990.86841
-3249,455,3927,-3248.4978,460.710754,3927.86475
-3249,355,3899,-3248.4978,360.7164,3899.86475
-3406,355,4171,-3405.00098,357.185516,4170.95605
-3381,455,4157,-3380.00098,457.187988,4156.95605
-3381,455,4004,-3380.00098,457.187988,4003.95605
-3406,355,4171,-3405.00098,357.185516,4170.95605
-3381,455,4004,-3380.00098,457.187988,4003.95605
-3406,355,3990,-3405.00098,357.185516,3989.95605
-3249,355,4261,-3248.50293,360.605011,4260.13232
-3249,455,4233,-3248.52051,460.602478,4232.12256
-3381,455,4157,-3380.52319,460.612823,4156.12109
-3249,355,4261,-3248.50293,360.233459,4260.13232
-3381,455,4157,-3380.51172,460.236053,4156.12744
-3406,355,4171,-3405.53223,360.233459,4170.11621
-3092,355,4171,-3092.5022,360.411041,4170.13525
-3117,455,4157,-3117.50293,460.415131,4156.13574
-3249,455,4233,-3249.50293,460.416168,4232.13574
-3092,355,4171,-3092.49536,359.568085,4170.13135
-3249,455,4233,-3249.50781,459.555206,4232.13867
-3249,355,4261,-3249.50708,359.559296,4260.13818
-3092,355,3990,-3092.99902,357.406982,3989.95605
-3117,455,4004,-3117.99902,457.409454,4003.95605
-3117,455,4157,-3117.99902,457.409454,4156.95605
-3092,355,3990,-3092.99902,357.406982,3989.95605
-3117,455,4157,-3117.99902,457.409454,4156.95605
-3092,355,4171,-3092.99902,357.406982,4170.95605
-3249,355,3899,-3249.50708,360.154144,3899.86182
-3249,455,3927,-3249.5022,460.151611,3927.86475
-3117,455,4004,-3117.5293,460.141235,4004.84814
-3249,355,3899,-3249.50732,359.884979,3899.86157
-3117,455,4004,-3117.50293,459.884979,4004.86426
-3092,355,3990,-3092.52148,359.882935,3990.85303
-3290,-253,3604,-3289.9873,-248.842285,3604.99976
-3291,-162,3614,-3290.9873,-157.850372,3614.99976
-3275,-161,3614,-3274.98828,-156.84845,3614.99976
-3290,-253,3604,-3290.0752,-248.024963,3604.99707
-3275,-161,3614,-3275.0752,-156.037781,3614.99707
-3262,-251,3606,-3262.0752,-246.022522,3606.99707
-3278,-252,3649,-3277.36035,-239.663223,3648.23145
-3291,-162,3630,-3290.37036,-149.678833,3629.22314
-3300,-253,3631,-3299.36548,-240.658478,3630.22729
-3291,-162,3630,-3290.00098,-152.776733,3629.95605
-3291,-162,3614,-3290.00098,-152.776733,3613.95605
-3300,-253,3631,-3299.00098,-243.775513,3630.95605
-3291,-162,3614,-3290.06323,-114.901207,3614.34985
-3290,-253,3604,-3289.06812,-205.864487,3604.3623
-3300,-253,3631,-3299.06348,-205.851334,3631.35059
-3254,-250,3633,-3253.95801,-233.661987,3632.00098
-3275,-161,3630,-3275.0166,-144.657349,3629.00024
-3291,-162,3630,-3291.01562,-145.657318,3629.00024
-3254,-250,3633,-3254.53516,-245.730591,3632.15527
-3291,-162,3630,-3291.53467,-157.733765,3629.15503
-3278,-252,3649,-3278.55469,-247.73175,3648.16797
-3262,-251,3606,-3262.99902,-241.765457,3605.95605
-3275,-161,3614,-3275.99902,-151.757965,3613.95605
-3275,-161,3630,-3275.99902,-151.757965,3629.95605
-3262,-251,3606,-3262.96265,-244.809891,3606.27026
-3275,-161,3630,-3275.95874,-154.812347,3630.28369
-3254,-250,3633,-3254.95874,-243.810349,3633.28369
-3234,-247,4408,-3233.12305,-236.865463,4407.51953
-3213,-237,4447,-3212.11572,-226.870499,4446.5332
-3212,-209,4445,-3211.12256,-198.869461,4444.52051
-3213,-237,4447,-3213.58691,-203.26622,4446.19043
-3138,-227,4392,-3138.59497,-193.28978,4391.19629
-3212,-209,4445,-3212.59033,-175.273727,4444.19287
-3213,-237,4447,-3213.58691,-218.469833,4446.19043
-3138,-241,4393,-3138.59082,-222.461258,4392.19336
-3138,-227,4392,-3138.58691,-208.462738,4391.19043
-3138,-227,4392,-3138.53809,-225.508286,4391.15723
-3143,-216,4384,-3143.54199,-214.507919,4383.15967
-3226,-202,4422,-3226.53516,-200.506012,4421.15527
-3226,-202,4422,-3225.6521,-200.809845,4422.9375
-3150,-229,4372,-3149.64941,-227.809509,4372.93652
-3234,-225,4408,-3233.63672,-223.809845,4408.93164
-3150,-229,4372,-3150.87158,-165.373108,4372.49023
-3143,-216,4384,-3143.86401,-152.331482,4384.50342
-3138,-227,4392,-3138.87158,-163.356354,4392.49023
-3358,-248,4566,-3358.98828,-246.763992,4566.15234
-3386,-184,4578,-3386.98413,-182.764771,4578.17676
-3379,-187,4610,-3379.98828,-185.764175,4610.15234
-3358,-248,4566,-3358.98828,-245.283401,4566.15234
-3379,-187,4610,-3379.98633,-184.285263,4610.16406
-3351,-251,4599,-3351.98828,-248.28389,4599.15234
-3389,-261,4561,-3389.0979,-254.539154,4561.99512
-3416,-196,4573,-3416.09766,-189.532501,4573.99512
-3386,-184,4578,-3386.08765,-177.532867,4578.99609
-3389,-261,4561,-3389.0752,-255.881927,4561.99707
-3386,-184,4578,-3386.09839,-178.886719,4578.99512
-3358,-248,4566,-3358.08691,-242.884766,4566.99609
-3351,-251,4599,-3351.49609,-232.159317,4598.13184
-3379,-187,4610,-3379.47949,-168.178329,4609.12256
-3405,-201,4625,-3405.48047,-182.181107,4624.12305
-3351,-251,4599,-3351.46094,-224.270493,4598.11279
-3405,-201,4625,-3405.4668,-174.309341,4624.11572
-3378,-265,4613,-3378.46777,-238.264725,4612.11621
1517,80,2417,1517.84412,110.409081,2417.53613
1375,117,2652,1375.84412,147.357376,2652.53613
1426,117,2568,1426.84216,147.357376,2568.53906
