1170,1,1493,1170.30762,5.9288435,1492.04858
1344,-61,1566,1344.30835,-56.0652161,1565.04883
1344,33,1543,1344.30811,37.9365044,1542.04871
1170,1,1493,1170.31116,3.89329982,1492.04968
1344,33,1543,1344.32324,35.8843307,1542.05371
1180,87,1475,1180.31995,89.8880081,1474.05261
1129,344,1430,1129.92578,365.113647,1429.62195
1105,344,1372,1105.92578,365.106873,1371.62195
1080,2,1360,1080.92114,23.0935917,1359.61084
1104,2,1303,1104.92053,14.3965359,1303.39038
1080,2,1360,1080.91504,14.3935108,1360.40332
1105,344,1372,1105.91467,356.401978,1372.40417
1382,54,1451,1381.08459,62.6559982,1450.59753
1344,33,1543,1343.08154,41.6697731,1542.60449
1344,-61,1566,1343.08521,-52.3286095,1565.59619
1382,54,1451,1381.08459,61.132988,1450.59753
1344,-61,1566,1343.0885,-53.8758621,1565.58875
1412,-87,1423,1411.08459,-79.8789139,1422.59753
1013,-47,1423,1013.84222,115.87706,1423.53906
1099,-145,1287,1099.84216,17.7905025,1287.53906
1012,-150,1423,1012.84406,12.8652792,1423.53613
1013,-47,1423,1013.80884,-32.3416748,1423.58789
1104,2,1303,1104.80603,16.6362534,1303.59167
1099,-145,1287,1099.8092,-130.383881,1287.58752
1164,-42,1446,1164.15137,-30.3826771,1445.0116
1150,24,1436,1150.14526,35.6226654,1435.01062
1013,-47,1423,1013.14471,-35.3904076,1422.01062
1012,-150,1423,1012.09796,-146.528534,1422.00488
1117,-289,1490,1117.09668,-285.525604,1489.00476
1087,-136,1425,1087.0979,-132.529297,1424.00488
1117,-289,1490,1117.23926,-287.060425,1489.02905
1271,-264,1519,1271.23926,-262.065918,1518.02905
1087,-136,1425,1087.23987,-134.063049,1424.0293
1271,-264,1519,1271.07568,-262.199432,1518.00293
1194,-70,1392,1194.0614,-68.1961365,1391.00195
1087,-136,1425,1087.07544,-134.194351,1424.00293
1271,-264,1519,1271.30786,-262.269165,1518.04858
1349,-186,1503,1349.3114,-184.26828,1502.0498
1194,-70,1392,1194.30811,-68.2699203,1391.04871
1349,-186,1503,1349.48035,-178.816406,1502.12292
1365,-116,1496,1365.46765,-108.820747,1495.11609
1194,-70,1392,1194.4801,-62.822464,1391.1228
1184,-315,1370,1184.85791,-291.373962,1370.51367
1175,-360,1380,1175.85193,-336.376221,1380.52344
1114,-360,1483,1114.85498,-336.397003,1483.51843
1184,-315,1370,1184.86084,-300.848358,1370.50867
1114,-360,1483,1114.85791,-345.841309,1483.51355
1117,-289,1490,1117.86377,-274.840607,1490.50378
1117,-289,1490,1117.20544,-285.728424,1489.02136
1258,-360,1532,1258.20044,-356.71933,1531.02039
1271,-264,1519,1271.2002,-260.720734,1518.02026
1150,24,1436,1150.91516,30.2930603,1435.59692
1180,87,1475,1180.91504,93.2956696,1474.59668
1161,126,1412,1161.91504,132.297714,1411.59668
1180,87,1475,1180.99902,94.2727356,1474.95593
1164,-42,1446,1164.99902,-34.7223015,1445.95593
1170,1,1493,1170.99902,8.27536201,1492.95593
1104,2,1303,1104.91772,2.80644393,1303.39722
1013,-47,1423,1013.91473,-46.1960907,1423.40405
1080,2,1360,1080.91455,2.80483174,1360.4043
-354,86,1050,-354.96048,87.567215,1050.27832
-366,119,1101,-366.960907,120.566208,1101.27686
-319,75,1142,-319.963531,76.5658035,1142.26758
-244,76,1158,-243.238739,76.6515579,1158.64844
-186,123,1142,-185.239059,123.650543,1142.6488
-174,89,1090,-173.244614,89.6513214,1090.65527
181,89,1090,180.244507,90.111618,1090.65515
193,123,1142,192.235321,124.11187,1142.64441
252,76,1158,251.244614,77.1125336,1158.65527
326,75,1142,326.963501,76.7492142,1142.26758
374,119,1101,374.963501,120.748169,1101.26758
361,86,1050,361.963531,87.7495117,1050.26758
-311,261,1021,-310.779572,262.134613,1020.0246
-300,231,1044,-299.779419,232.133987,1043.02466
-225,232,1061,-224.779846,233.134232,1060.02454
-311,261,1021,-310.755341,262.308014,1020.0304
-225,232,1061,-224.747253,233.305435,1060.03247
-207,264,1045,-206.748184,265.305847,1044.03223
-207,264,1045,-206.776093,265.365173,1044.02539
-225,232,1061,-224.779846,233.366608,1060.02454
-178,187,1101,-177.779419,188.366821,1100.02466
-207,264,1045,-206.779419,266.485413,1044.02466
-178,187,1101,-177.779419,189.486481,1100.02466
-140,201,1101,-139.78093,203.487213,1100.02429
-174,89,1090,-173.779419,90.8844147,1089.02466
-166,154,1050,-165.779419,155.88623,1049.02466
-346,150,1010,-345.779572,151.88623,1009.0246
-174,89,1090,-173.779846,89.7636948,1089.02454
-346,150,1010,-345.779846,150.768707,1009.02454
-354,86,1050,-353.779846,86.7669067,1049.02454
-244,76,1158,-243.788681,77.8882446,1157.02258
-319,75,1142,-318.779846,76.8884506,1141.02454
-337,43,1158,-336.788483,44.8876724,1157.02271
-244,76,1158,-243.779846,77.8677673,1157.02454
-337,43,1158,-336.780396,44.8689995,1157.02441
-233,45,1181,-232.779419,46.8679199,1180.02466
-133,180,1068,-133.979752,254.003082,1067.7998
-140,201,1101,-140.981689,275.025909,1100.80957
-151,111,1158,-151.979828,184.992554,1157.80017
-133,180,1068,-133.976669,197.328018,1067.78528
-151,111,1158,-151.9767,128.25824,1157.7854
-143,89,1125,-143.976624,106.270538,1124.78516
-404,106,1101,-403.780396,108.185722,1100.02441
-366,119,1101,-365.779846,121.18544,1100.02454
-358,184,1061,-357.788696,186.184494,1060.02258
-404,106,1101,-403.780396,107.519501,1100.02441
-358,184,1061,-357.779846,185.521454,1060.02454
-393,196,1045,-392.780396,197.522675,1044.02441
-393,196,1045,-392.779419,197.392624,1044.02466
-358,184,1061,-357.779846,185.392197,1060.02454
-300,231,1044,-299.779846,232.3927,1043.02454
-393,196,1045,-392.763306,198.065262,1044.02844
-300,231,1044,-299.779846,233.063751,1043.02454
-311,261,1021,-310.768036,263.065186,1020.02728
-346,150,1010,-346.976715,186.867264,1009.78546
-358,184,1061,-358.976746,220.861145,1060.78564
-366,119,1101,-366.976715,155.802155,1100.78552
-346,150,1010,-346.976685,241.691833,1009.78534
-366,119,1101,-366.976776,210.662888,1100.78577
-354,86,1050,-354.976746,177.675858,1049.78564
-288,197,993,-287.779419,198.581314,992.024658
-346,150,1010,-345.779846,151.581039,1009.02454
-166,154,1050,-165.779846,155.579895,1049.02454
-288,197,993,-287.767761,199.213455,992.027344
-166,154,1050,-165.771362,156.210403,1049.02649
-213,199,1010,-212.779419,201.211304,1009.02466
-366,119,1101,-365.779419,120.303764,1100.02466
-404,106,1101,-403.779846,107.3041,1100.02454
-337,43,1158,-336.780396,44.3067551,1157.02441
-366,119,1101,-365.747711,120.257515,1100.03235
-337,43,1158,-336.747253,44.2579956,1157.03247
-319,75,1142,-318.748199,76.2572479,1141.03223
-178,187,1101,-177.779419,187.848038,1100.02466
-186,123,1142,-185.780396,123.849548,1141.02441
-151,111,1158,-150.779419,111.850021,1157.02466
-178,187,1101,-177.767334,188.765686,1100.02747
-151,111,1158,-150.761215,112.766655,1157.02893
-140,201,1101,-139.75972,202.765717,1100.0293
-186,123,1142,-185.755325,124.516838,1141.0304
-244,76,1158,-243.747253,77.5157013,1157.03247
-233,45,1181,-232.74913,46.51511,1180.03198
-186,123,1142,-185.780396,125.078613,1141.02441
-233,45,1181,-232.780396,47.0785713,1180.02441
-151,111,1158,-150.779419,113.077362,1157.02466
-354,86,1050,-353.771362,87.8501816,1049.02649
-307,41,1090,-306.776093,42.8491707,1089.02539
-232,43,1107,-231.776093,44.8472481,1106.02539
-354,86,1050,-353.780396,87.5134888,1049.02441
-232,43,1107,-231.779846,44.5126114,1106.02454
-174,89,1090,-173.779846,90.5134583,1089.02454
181,89,1090,180.747253,90.4338531,1089.03247
239,43,1107,238.74913,44.4348145,1106.03198
314,41,1090,313.747253,42.4357643,1089.03247
181,89,1090,180.771881,90.9072571,1089.02637
314,41,1090,313.779846,42.9110222,1089.02454
361,86,1050,360.775574,87.9097061,1049.02551
361,86,1050,361.971985,115.8088,1049.76501
374,119,1101,374.972015,148.787674,1100.76514
366,184,1061,366.971771,213.785034,1060.76416
361,86,1050,361.977814,133.576416,1049.79053
366,184,1061,366.977783,231.615128,1060.79041
354,150,1010,354.977722,197.632629,1009.7901
374,119,1101,373.748199,121.127106,1100.03223
326,75,1142,325.748199,77.1267319,1141.03223
345,43,1158,344.747253,45.127018,1157.03247
374,119,1101,373.779846,120.203156,1100.02454
345,43,1158,344.780945,44.2037811,1157.02429
411,106,1101,410.779846,107.202591,1100.02454
366,184,1061,365.780396,186.001907,1060.02441
374,119,1101,373.77948,121.002167,1100.02466
411,106,1101,410.780396,108.003136,1100.02441
366,184,1061,365.747711,185.185272,1060.03235
411,106,1101,410.759735,107.182861,1100.0293
400,196,1045,399.747253,197.185822,1044.03247
193,123,1142,192.74913,124.91407,1141.03198
159,111,1158,158.747711,112.914322,1157.03235
240,45,1181,239.755814,46.9125443,1180.03027
193,123,1142,192.747253,123.844398,1141.03247
240,45,1181,239.747711,45.8440285,1180.03235
252,76,1158,251.748657,76.8448029,1157.0321
221,199,1010,220.776093,200.35144,1009.02539
173,154,1050,172.767761,155.352005,1049.02734
354,150,1010,353.776093,151.351425,1009.02539
221,199,1010,220.747482,200.323166,1009.03241
354,150,1010,353.747253,151.325882,1009.03247
295,197,993,294.747253,198.325241,992.032471
151,89,1125,151.974869,112.937515,1124.77722
159,111,1158,159.97467,134.930435,1157.77637
148,201,1101,148.97467,224.990997,1100.77637
151,89,1125,151.97467,130.524307,1124.77637
148,201,1101,148.974838,242.542801,1100.7771
140,180,1068,140.974869,221.525055,1067.77722
148,201,1101,147.779846,202.383926,1100.02454
186,187,1101,185.772415,188.383545,1100.02625
233,232,1061,232.771881,233.382858,1060.02637
148,201,1101,147.767761,201.786514,1100.02734
233,232,1061,232.775558,232.784119,1060.02551
214,264,1045,213.772415,264.784302,1044.02625
159,111,1158,158.779846,113.196472,1157.02454
193,123,1142,192.772415,125.196892,1141.02625
186,187,1101,185.767761,189.19841,1100.02734
159,111,1158,158.747711,111.665482,1157.03235
186,187,1101,185.747253,187.664627,1100.03247
148,201,1101,147.747253,201.664536,1100.03247
326,75,1142,325.780396,77.3479767,1141.02441
252,76,1158,251.78093,78.3478317,1157.02429
240,45,1181,239.780396,47.3477592,1180.02441
326,75,1142,325.775574,76.2289886,1141.02551
240,45,1181,239.775558,46.2279358,1180.02551
345,43,1158,344.775574,44.2293854,1157.02551
361,86,1050,360.77243,86.966095,1049.02625
354,150,1010,353.775848,150.967102,1009.02545
173,154,1050,172.767761,154.965164,1049.02734
361,86,1050,360.780396,86.8888016,1049.02441
173,154,1050,172.779846,154.889252,1049.02454
181,89,1090,180.776093,89.8913498,1089.02539
319,261,1021,318.747498,261.737335,1020.03241
307,231,1044,306.748199,231.737259,1043.03223
366,184,1061,365.749146,184.73616,1060.03198
319,261,1021,318.775574,262.77594,1020.02551
366,184,1061,365.767761,185.777786,1060.02734
400,196,1045,399.771423,197.778198,1044.02649
214,264,1045,213.780396,265.177643,1044.02441
233,232,1061,232.771423,233.178955,1060.02649
307,231,1044,306.771423,232.180374,1043.02649
214,264,1045,213.748184,265.542297,1044.03223
307,231,1044,306.747711,232.543533,1043.03235
319,261,1021,318.747711,262.543304,1020.03235
-18,-59,1151,-18.9949265,-55.4201813,1150.89941
-18,-3,928,-18.9949265,0.575015008,927.899414
-31,29,928,-31.9949265,32.5752602,927.899414
-18,-59,1151,-18.9880428,-56.3094978,1150.84583
-31,29,928,-31.9880142,31.6931648,927.845642
-33,-29,1144,-33.9879646,-26.3101044,1143.84534
40,-29,1144,40.9919243,-27.2436142,1143.87317
39,29,928,39.9918289,30.7592888,927.872437
25,-3,928,25.9918976,-1.24163008,927.872986
40,-29,1144,40.9917831,-27.3105316,1143.87207
25,-3,928,25.9917927,-1.30500746,927.872192
26,-59,1151,26.9918137,-57.3095436,1150.87231
781,-160,975,781.864075,-149.926315,974.496643
757,-600,1060,757.863892,-589.877686,1059.49634
842,-160,1081,842.86438,-149.911285,1080.49719
781,-160,975,781.999023,-149.983093,974.955872
757,-600,890,757.999023,-589.889038,889.955872
757,-600,1060,757.999023,-589.889038,1059.95593
842,-160,1081,842.496277,-136.686783,1080.13184
757,-600,1060,757.501953,-576.677795,1059.13513
904,-600,1145,904.501953,-576.697632,1144.13513
842,-160,1081,841.955872,-151.200638,1080.00098
904,-600,1145,903.955872,-591.248291,1144.00098
965,-160,1081,964.955872,-151.200638,1080.00098
904,-600,1145,903.496155,-574.796936,1144.13623
1051,-600,1060,1050.4928,-574.790466,1059.13818
965,-160,1081,964.496094,-134.771439,1080.13635
965,-160,1081,964.135132,-150.685379,1080.49805
1051,-600,1060,1050.13123,-590.678772,1059.50488
1027,-160,975,1026.12732,-150.6922,974.511719
1027,-160,975,1026.00098,-137.064728,974.955872
1051,-600,1060,1050.00098,-576.970642,1059.95593
1051,-600,890,1050.00098,-576.970642,889.955872
757,280,890,757.999023,281.382019,889.955872
757,280,1060,757.999023,281.382019,1059.95593
834,400,1015,834.999023,401.381195,1014.95587
757,280,890,757.999023,281.382019,889.955872
834,400,1015,834.999023,401.381195,1014.95587
834,400,935,834.999023,401.381195,934.955872
1051,280,1060,1050.00098,281.912994,1059.95593
1051,280,890,1050.00098,281.912994,889.955872
973,400,935,972.000977,401.909241,934.955872
1051,280,1060,1050.00098,281.912994,1059.95593
973,400,935,972.000977,401.909241,934.955872
973,400,1015,972.000977,401.909241,1014.95587
904,280,1145,903.496338,281.417328,1144.13611
1051,280,1060,1050.49121,281.417786,1059.13916
973,400,1015,972.492004,401.414124,1014.13867
904,280,1145,903.496155,282.007538,1144.13623
973,400,1015,972.496094,402.006104,1014.13629
904,400,1055,903.492615,402.00589,1054.13831
757,280,1060,757.502197,281.009796,1059.13525
904,280,1145,904.502563,281.012268,1144.1355
904,400,1055,904.495361,401.007202,1054.13135
757,280,1060,757.48938,282.297302,1059.12793
904,400,1055,904.502625,402.296814,1054.1355
834,400,1015,834.48938,402.296814,1014.12793
904,560,1215,903.491211,566.194519,1214.13916
1112,560,1095,1111.49609,566.19165,1094.13635
1042,960,1055,1041.49622,966.213623,1054.13623
904,560,1215,903.49176,565.875732,1214.13879
1042,960,1055,1041.49622,965.84845,1054.13623
904,960,1135,903.491211,965.847046,1134.13916
696,560,1095,696.496277,563.1521,1094.13184
904,560,1215,904.488281,563.143188,1214.12732
904,960,1135,904.496277,963.157776,1134.13184
696,560,1095,696.502197,563.419067,1094.13525
904,960,1135,904.50238,963.391418,1134.13538
765,960,1055,765.502136,963.403259,1054.13525
696,560,855,696.999023,563.878296,854.955872
696,560,1095,696.999023,563.878296,1094.95593
765,960,1055,765.999023,963.880127,1054.95593
696,560,855,696.999023,563.878296,854.955872
765,960,1055,765.999023,963.880127,1054.95593
765,960,895,765.999023,963.880127,894.955872
1112,560,1095,1111.00098,566.501099,1094.95593
1112,560,855,1111.00098,566.501099,854.955872
1042,960,895,1041.00098,966.522217,894.955872
1112,560,1095,1111.00098,566.501099,1094.95593
1042,960,895,1041.00098,966.522217,894.955872
1042,960,1055,1041.00098,966.522217,1054.95593
-1019,-160,975,-1018.13513,-151.933548,974.498047
-1043,-600,1060,-1042.13806,-591.884949,1059.49304
-958,-160,1081,-957.135132,-151.918091,1080.49805
-1019,-160,975,-1018.00098,-137.284332,974.955872
-1043,-600,890,-1042.00098,-577.190247,889.955872
-1043,-600,1060,-1042.00098,-577.190247,1059.95593
-958,-160,1081,-957.50293,-148.313354,1080.13232
-1043,-600,1060,-1042.49622,-588.304321,1059.13623
-896,-600,1145,-895.496155,-588.324219,1144.13623
-958,-160,1081,-958.042969,-151.200638,1080.00098
-896,-600,1145,-896.042969,-591.248291,1144.00098
-835,-160,1081,-835.042969,-151.200638,1080.00098
-896,-600,1145,-896.502136,-582.097961,1144.13525
-749,-600,1060,-749.502625,-582.090393,1059.1355
-835,-160,1081,-835.501953,-142.072464,1080.13513
-835,-160,1081,-835.863892,-152.443542,1080.49634
-749,-600,1060,-749.863892,-592.436523,1059.49634
-773,-160,975,-773.86377,-152.449722,974.496155
-773,-160,975,-773.999023,-149.763504,974.955872
-749,-600,1060,-749.999023,-589.669434,1059.95593
-749,-600,890,-749.999023,-589.669434,889.955872
-1043,280,890,-1042.00098,281.472656,889.955872
-1043,280,1060,-1042.00098,281.472656,1059.95593
-966,400,1015,-965.000977,401.471832,1014.95587
-1043,280,890,-1042.00098,281.472656,889.955872
-966,400,1015,-965.000977,401.471832,1014.95587
-966,400,935,-965.000977,401.471832,934.955872
-749,280,1060,-749.999023,282.248749,1059.95593
-749,280,890,-749.999023,282.248749,889.955872
-827,400,935,-827.998962,402.244965,934.955078
-749,280,1060,-749.999023,282.248749,1059.95593
-827,400,935,-827.998962,402.244965,934.955078
-827,400,1015,-827.998962,402.244965,1014.95508
-896,280,1145,-896.502197,282.230103,1144.13525
-749,280,1060,-749.501953,282.230713,1059.13513
-827,400,1015,-827.501953,402.226837,1014.13513
-896,280,1145,-896.501953,280.741211,1144.13513
-827,400,1015,-827.502991,400.739899,1014.13574
-896,400,1055,-896.502197,400.739563,1054.13525
-1043,280,1060,-1042.49622,281.52829,1059.13623
-896,280,1145,-895.496155,281.530731,1144.13623
-896,400,1055,-895.509766,401.525513,1054.12842
-1043,280,1060,-1042.51855,280.766632,1059.12354
-896,400,1055,-895.496155,400.766357,1054.13623
-966,400,1015,-965.509766,400.766357,1014.12842
-896,560,1215,-896.50238,567.269775,1214.13538
-688,560,1095,-688.501953,567.266541,1094.13513
-758,960,1055,-758.502625,967.288147,1054.1355
-896,560,1215,-896.502197,563.150146,1214.13525
-758,960,1055,-758.501953,963.122253,1054.13513
-896,960,1135,-896.502625,963.121155,1134.1355
-1104,560,1095,-1103.49634,567.287537,1094.13611
-896,560,1215,-895.496765,567.278931,1214.13586
-896,960,1135,-895.509766,967.29248,1134.12842
-1104,560,1095,-1103.49634,564.852722,1094.13611
-896,960,1135,-895.509766,964.824768,1134.12842
-1035,960,1055,-1034.50977,964.836243,1054.12842
-1104,560,855,-1103.00098,565.073608,854.955872
-1104,560,1095,-1103.00098,565.073608,1094.95593
-1035,960,1055,-1034.00098,965.075073,1054.95593
-1104,560,855,-1103.00098,565.073608,854.955872
-1035,960,1055,-1034.00098,965.075073,1054.95593
-1035,960,895,-1034.00098,965.075073,894.955872
-688,560,1095,-688.999023,566.66156,1094.95593
-688,560,855,-688.999023,566.66156,854.955872
-758,960,895,-758.999023,966.682983,894.955872
-688,560,1095,-688.999023,566.66156,1094.95593
-758,960,895,-758.999023,966.682983,894.955872
-758,960,1055,-758.999023,966.682983,1054.95593
355,205,1001,354.31955,206.425522,1000.26721
549,144,886,548.300781,145.424255,885.285095
537,192,843,536.302551,193.424042,842.283386
-530,192,843,-529.320679,192.799896,842.266174
-541,144,886,-540.320312,144.80098,885.266541
-347,205,1001,-346.318237,205.802948,1000.26843
206,242,1012,205.675797,244.459015,1011.05402
4,231,1085,3.67418814,233.451004,1084.05457
171,208,1042,170.680649,210.45752,1041.05237
-163,208,1042,-162.682098,208.917206,1041.05188
4,231,1085,4.32224178,231.923203,1084.05334
-199,242,1012,-198.679733,242.917252,1011.05267
392,175,1012,391.318237,175.986023,1011.26843
403,84,1068,402.318237,84.9893875,1067.26843
549,144,886,548.320557,144.980652,885.266296
403,84,1068,402.374268,84.9887009,1067.21997
620,-151,1151,619.365295,-150.009262,1150.22729
549,144,886,548.36554,144.992981,885.227051
403,84,1068,402.729675,84.8359604,1067.03723
337,22,1125,336.730133,22.8341427,1124.03711
620,-151,1151,619.71582,-150.163864,1150.04126
337,22,1125,336.776093,24.0648746,1124.02539
306,22,1132,305.777161,24.0637951,1131.02515
620,-151,1151,619.775574,-148.929108,1150.02551
-541,144,886,-540.302795,145.379379,885.283142
-396,84,1068,-395.318237,85.3731079,1067.26843
-385,175,1012,-384.318176,176.372421,1011.26849
-541,144,886,-540.384766,144.611145,885.21167
-612,-151,1151,-611.375,-150.392654,1150.21948
-396,84,1068,-395.368225,84.6075134,1067.22485
-612,-151,1151,-611.736755,-149.49646,1150.03528
-330,22,1125,-329.719452,23.5046139,1124.04016
-396,84,1068,-395.719055,85.5046387,1067.04028
-612,-151,1151,-611.793274,-149.209305,1150.02161
-299,22,1132,-298.779846,23.7904282,1131.02454
-330,22,1125,-329.779419,23.7896156,1124.02466
233,24,1148,233.076401,26.7470131,1147.00293
151,89,1125,151.086639,91.7428284,1124.00378
40,-29,1144,40.0758133,-26.2595272,1143.00293
233,24,1148,233.086639,28.7439556,1147.00378
40,-29,1144,40.0864029,-24.2641296,1143.00378
26,-59,1151,26.0868721,-54.2648125,1150.00378
26,-59,1151,26.1805267,-57.1766052,1150.01648
4,-68,1151,4.18050098,-66.1770477,1150.01648
4,-151,1191,4.18521261,-149.17836,1190.01733
233,24,1148,233.16951,26.844429,1147.01453
26,-59,1151,26.1640301,-56.1554794,1150.01355
4,-151,1191,4.1637311,-148.158554,1190.01355
-33,-29,1144,-33.0983124,-24.8248768,1143.00488
-143,89,1125,-143.098541,93.1777496,1124.00488
-225,24,1148,-225.09819,28.183363,1147.00488
-33,-29,1144,-33.1065941,-25.1064911,1143.00574
-225,24,1148,-225.09816,27.8918953,1147.00488
-18,-59,1151,-18.0980301,-55.1069298,1150.00488
4,-151,1191,3.81794071,-148.771515,1190.01672
-18,-59,1151,-18.180542,-56.7684402,1150.01648
-225,24,1148,-225.169754,26.2317581,1147.01453
4,-151,1191,3.79324889,-147.772446,1190.02161
4,-68,1151,3.79440761,-64.7708359,1150.02136
-18,-59,1151,-18.2006664,-55.7703934,1150.02039
4,231,1085,3.67312741,233.757843,1084.05493
140,180,1068,139.67598,182.759003,1067.05396
171,208,1042,170.676331,210.759842,1041.05383
140,180,1068,139.648758,182.303696,1067.06372
4,231,1085,3.64615154,233.304718,1084.0647
151,89,1125,150.649078,91.3039017,1124.0636
4,231,1085,3.37047172,231.998413,1084.22302
4,172,1151,3.37002015,172.998535,1150.22339
151,89,1125,150.36763,89.9997635,1124.22534
233,24,1148,232.771881,26.2641277,1147.02637
620,-151,1151,619.758789,-148.730057,1150.02954
306,22,1132,305.767761,24.2656441,1131.02734
233,24,1148,232.936584,31.3786201,1147.00208
4,-151,1191,3.92350984,-143.625687,1190.00293
620,-151,1151,619.922852,-143.574814,1150.00305
-163,208,1042,-162.67598,210.185349,1041.05396
-133,180,1068,-132.680649,182.186844,1067.05237
4,231,1085,4.32790375,233.18895,1084.0553
-143,89,1125,-142.648758,89.8839798,1124.06372
4,231,1085,4.34725857,231.886337,1084.06226
-133,180,1068,-132.648758,180.88588,1067.06372
-143,89,1125,-142.37381,89.6871185,1124.22034
4,172,1151,4.62206841,172.685883,1150.21704
4,231,1085,4.62206841,231.685669,1084.21704
-299,22,1132,-298.779419,23.6849213,1131.02466
-612,-151,1151,-611.775574,-149.304443,1150.02551
-225,24,1148,-224.779419,25.6835251,1147.02466
-612,-151,1151,-611.939514,-146.656799,1150.00183
4,-151,1191,4.06189919,-146.707672,1190.00195
-225,24,1148,-224.937546,28.2958622,1147.00195
537,192,843,536.034973,194.750107,842.737854
620,-151,1151,619.034912,-148.244598,1150.73816
620,192,535,619.035034,194.74736,534.737671
620,192,535,619.035034,195.280518,535.262207
620,-151,-81,619.033081,-147.711319,-80.7449188
537,192,227,536.032043,195.283112,227.251022
-530,192,227,-529.031982,193.103897,227.250824
-612,-151,-81,-611.036011,-149.891663,-80.7340622
-612,192,535,-611.035034,193.112411,535.262329
-612,192,535,-611.035034,193.333588,534.737671
-612,-151,1151,-611.035034,-149.670486,1150.73767
-530,192,843,-529.034912,193.32515,842.738098
58,950,342,58.9365578,952.083801,341.649567
39,928,321,39.936573,930.084045,320.649567
16,811,420,16.9336853,813.089417,419.641907
58,950,342,58.8964577,951.934814,341.556915
16,811,420,16.8984241,812.931458,419.560944
39,828,447,39.8973808,829.932434,446.558746
39,928,321,38.5621529,930.528748,320.100952
12,950,319,11.5722313,952.529724,318.09613
-20,828,417,-20.4363651,830.527344,416.10025
39,928,321,38.721756,929.32074,320.03949
-20,828,417,-20.2763977,829.318176,416.038971
16,811,420,15.712038,812.318054,419.042358
39,828,447,39.8443832,831.643982,446.464264
16,811,420,16.8445015,814.643799,419.464447
21,673,496,21.8444042,676.647888,495.464294
39,828,447,39.9134979,831.046997,446.59317
21,673,496,21.9134998,676.050842,495.59317
42,673,543,42.9122887,676.04718,542.590454
16,811,420,15.8203697,812.174194,419.016266
-20,828,417,-20.188797,829.174744,416.018005
-31,673,506,-31.1884632,674.181396,505.017944
16,811,420,15.8059301,812.947815,419.019012
-31,673,506,-31.1885662,674.94519,505.017944
21,673,496,20.8098278,674.946228,495.01825
42,673,543,42.9116821,677.194092,542.589111
21,673,496,21.9134998,677.195068,495.59317
6,547,525,6.91247177,551.196899,524.590881
42,673,543,42.8658066,677.989563,542.499634
6,547,525,6.86937904,552.002197,524.505859
35,547,576,35.8658752,551.998413,575.499756
21,673,496,20.8095551,680.711365,495.018311
-31,673,506,-31.1886101,680.713562,505.017975
-53,547,532,-53.1856422,554.714294,531.017395
21,673,496,20.8805161,676.836609,495.007172
-53,547,532,-53.1155968,550.83783,531.006714
6,547,525,5.89093542,550.834595,524.005981
39,928,321,38.5207138,929.166016,320.122345
60,1094,185,59.5207138,1095.16345,184.122345
12,950,319,11.5262127,951.165466,318.119385
39,928,321,39.9255257,931.564819,320.621368
58,950,342,58.9255409,953.564758,341.621368
60,1094,185,60.9255104,1097.5564,184.621368
404,-5200,1751,404.999115,-5198.25391,1750.95801
404,-5200,2151,404.999115,-5198.25391,2150.95801
804,-4400,2151,804.998901,-4398.25439,2150.95508
404,-5200,1751,404.999115,-5198.25391,1750.95801
804,-4400,2151,804.998901,-4398.25439,2150.95508
804,-4400,1751,804.998901,-4398.25439,1750.95508
204,-5200,1631,204.508606,-5195.71582,1630.13904
404,-5200,1751,404.504272,-5195.71191,1750.13647
404,-4400,1431,404.504456,-4395.69678,1430.1366
204,-5200,1631,203.955826,-5196.66455,1630.00098
404,-4400,1431,403.955841,-4396.63916,1430.00098
204,-4400,1431,203.955826,-4396.63916,1430.00098
364,40,2671,364.074921,41.4470444,2671.99707
404,0,2631,404.087555,1.44717658,2631.99609
80,14,2671,80.0756531,15.4407749,2671.99707
-196,0,2631,-196.226562,0.769130051,2631.97388
-156,40,2671,-156.210159,40.7715263,2671.97754
-62,14,2671,-62.2097626,14.7725191,2671.97754
804,40,2851,803.955872,42.3325424,2851.99902
804,0,2831,803.955872,2.33267069,2831.99902
404,0,2831,403.955841,2.33267069,2831.99902
804,40,2851,803.955872,42.3325424,2851.99902
404,0,2831,403.955841,2.33267069,2831.99902
364,40,2851,363.955841,42.3325424,2851.99902
-196,-2400,2631,-196.250732,-2399.69385,2631.96802
-196,-2360,2671,-196.250732,-2359.69385,2671.96802
-87,-2386,2671,-87.2505493,-2385.69507,2671.96802
-196,-2200,2831,-196.998947,-2197.57788,2830.95508
-196,-2200,2631,-196.998947,-2197.57788,2630.95508
-216,-2160,2671,-216.999069,-2157.57764,2670.95703
-196,-2200,2831,-196.998947,-2197.57788,2830.95508
-216,-2160,2671,-216.999069,-2157.57764,2670.95703
-216,-2160,2831,-216.999069,-2157.57764,2830.95703
-196,-1760,3051,-196.042267,-1757.93518,3051.99902
-196,-1800,3031,-196.042267,-1797.93555,3031.99878
-796,-1800,3031,-796.042969,-1797.93555,3031.99878
-196,-1760,3051,-196.042267,-1757.93518,3051.99902
-796,-1800,3031,-796.042969,-1797.93555,3031.99878
-796,-1760,3051,-796.042969,-1757.93518,3051.99902
-416,-2760,1431,-416.998962,-2757.08984,1430.95508
-416,-2760,1591,-416.998962,-2757.08984,1590.95508
-396,-2800,1631,-396.999023,-2797.08984,1630.95593
-416,-2760,1431,-416.998962,-2757.08984,1430.95508
-396,-2800,1631,-396.999023,-2797.08984,1630.95593
-396,-2800,1431,-396.999023,-2797.08984,1430.95593
-176,-2360,1231,-175.000885,-2357.96997,1230.95801
-196,-2400,1631,-195.000885,-2397.96997,1630.95801
-176,-2360,1591,-175.000885,-2357.96997,1590.95801
-176,-2360,1231,-175.000885,-2357.96997,1230.95801
-196,-2400,1231,-195.000885,-2397.96997,1230.95801
-196,-2400,1631,-195.000885,-2397.96997,1630.95801
-176,-2360,1591,-176.201309,-2359.15112,1590.02051
-196,-2400,1631,-196.190308,-2399.15015,1630.01831
-54,-2386,1591,-54.201149,-2385.15088,1590.02051
204,-3000,1631,204.200439,-2999.08423,1630.02039
164,-2960,1591,164.195404,-2959.08618,1590.01929
62,-2986,1591,62.2011833,-2985.08691,1590.02051
-376,-2560,1231,-375.000885,-2558.96191,1230.95801
-396,-2600,1231,-395.000885,-2598.96191,1230.95801
-396,-2600,1431,-395.000885,-2598.96191,1430.95801
-376,-2560,1231,-375.000885,-2558.96191,1230.95801
-396,-2600,1431,-395.000885,-2598.96191,1430.95801
-376,-2560,1391,-375.000885,-2558.96191,1390.95801
-356,-1560,1591,-356.09787,-1559.18689,1590.00488
-396,-1600,1631,-396.098572,-1599.18677,1630.00488
-80,-1586,1591,-80.0865021,-1585.1842,1590.00378
1024,-760,1751,1024.99902,-758.474182,1750.95593
1004,-800,1751,1004.99902,-798.474182,1750.95593
1004,-800,2551,1004.99902,-798.474182,2550.95605
1024,-760,1751,1024.99902,-758.474182,1750.95593
1004,-800,2551,1004.99902,-798.474182,2550.95605
1024,-760,2551,1024.99902,-758.474182,2550.95605
824,-1160,1351,824.999023,-1158.47412,1350.95593
804,-1200,1351,804.999023,-1198.47412,1350.95593
804,-1200,2151,804.999023,-1198.47412,2150.95605
824,-1160,1351,824.999023,-1158.47412,1350.95593
804,-1200,2151,804.999023,-1198.47412,2150.95605
824,-1160,2151,824.999023,-1158.47412,2150.95605
424,-1360,1231,424.999115,-1356.97791,1230.95801
404,-1400,1231,404.999054,-1396.97803,1230.95654
404,-1400,1751,404.999054,-1396.97803,1750.95654
424,-1360,1231,424.999115,-1356.97791,1230.95801
404,-1400,1751,404.999054,-1396.97803,1750.95654
424,-1360,1711,424.999115,-1356.97791,1710.95801
364,-560,2671,364.074921,-559.251648,2671.99707
404,-600,2631,404.087555,-599.251526,2631.99609
80,-586,2671,80.0756531,-585.257935,2671.99707
-196,-600,2631,-196.226562,-598.04541,2631.97388
-156,-560,2671,-156.210159,-558.04303,2671.97754
-62,-586,2671,-62.2097626,-584.042053,2671.97754
804,-560,2851,803.955872,-556.927429,2851.99902
804,-600,2831,803.955872,-596.927307,2831.99902
404,-600,2831,403.955841,-596.927307,2831.99902
804,-560,2851,803.955872,-556.927429,2851.99902
404,-600,2831,403.955841,-596.927307,2831.99902
364,-560,2851,363.955841,-556.927429,2851.99902
-176,-1560,2671,-175.000885,-1557.46594,2670.95801
-196,-1600,2631,-195.000885,-1597.46594,2630.95801
-176,-1560,3231,-175.000885,-1557.46594,3230.95801
-196,-1600,2631,-195.000885,-1597.46594,2630.95801
-196,-1600,3231,-195.000885,-1597.46594,3230.95801
-176,-1560,3231,-175.000885,-1557.46594,3230.95801
164,-1560,2671,164.180664,-1559.13928,2671.9834
204,-1600,2631,204.181061,-1599.13928,2631.9834
57,-1586,2671,57.181076,-1585.13953,2671.9834
-196,-1600,2631,-196.195435,-1598.6853,2631.98071
-176,-1560,2671,-176.186279,-1558.6853,2671.98242
-50,-1586,2671,-50.1812172,-1584.68518,2671.9834
-896,-600,1145,-895.353821,-598.377869,1144.23682
-796,-600,1231,-795.359375,-598.38031,1230.23218
-796,-560,1191,-795.353699,-558.380127,1190.23694
-896,-600,1145,-896.042969,-597.312439,1144.00098
-1196,-800,1231,-1196.04297,-797.310364,1230.00098
-796,-800,1231,-796.042969,-797.310364,1230.00098
-1196,-800,1231,-1195.03003,-798.357971,1230.75684
-1043,-600,1060,-1042.03003,-598.358276,1059.75684
-1102,-600,820,-1101.03015,-598.355469,819.756348
-796,-800,3431,-796.998962,-799.230408,3430.95508
-796,-800,2431,-796.998962,-799.230408,2430.95508
-997,-500,2930,-997.999023,-499.234619,2929.95605
-1196,-800,1231,-1196.99902,-798.613037,1230.95593
-1469,-467,1730,-1469.99902,-465.609344,1729.95593
-1196,-800,2431,-1196.99902,-798.613037,2430.95605
-1196,-800,1231,-1196.94043,-798.186218,1230.66003
-1102,-600,820,-1102.94043,-598.170898,819.660034
-1469,-467,1730,-1469.94153,-465.212158,1729.66309
636,1718,3778,636.742432,1726.46411,3778.66968
1231,310,2770,1231.74329,318.51651,2770.66895
949,328,3094,949.743286,336.491516,3094.66895
1522,1225,1710,1522.99902,1233.078,1709.95593
1404,200,1751,1404.99902,207.954163,1750.95593
1404,200,2551,1404.99902,207.954163,2550.95605
804,200,3231,804.751282,205.867294,3231.65991
636,1718,3778,636.743408,1723.96448,3778.6687
949,328,3094,949.742371,333.860168,3094.66992
886,757,3347,886.185608,759.851379,3347.98242
804,200,3231,804.17572,202.876068,3231.98438
104,291,3383,104.175232,293.90802,3383.98438
-817,757,3347,-817.042969,759.626038,3347.99902
-639,1718,3778,-639.042969,1720.62524,3778.99902
636,1718,3778,635.955872,1720.62524,3778.99902
-817,757,3347,-817.042969,759.626038,3347.99902
636,1718,3778,635.955872,1720.62524,3778.99902
886,757,3347,885.955872,759.626038,3347.99902
-1953,1718,5172,-1952.2666,1719.19263,5172.67969
-639,1718,3778,-638.283447,1719.1543,3778.69751
-817,757,3347,-816.284424,758.147827,3347.69849
-1953,1718,5172,-1952.26562,1721.11804,5172.67871
-817,757,3347,-816.265869,760.056274,3347.67896
-1889,757,4487,-1888.28613,760.089905,4487.7002
-1830,1148,1820,-1830.92944,1150.59875,1820.3689
-1180,1148,3391,-1180.93103,1150.61292,3391.36426
-810,420,3376,-810.925354,422.58136,3376.37891
-1830,1148,1820,-1830.94104,1149.42053,1820.33777
-810,420,3376,-810.936401,421.493378,3376.35083
-1505,420,1513,-1505.93604,421.421722,1513.35156
-810,420,3376,-810.848999,421.25769,3375.47168
-1180,1148,3391,-1180.84412,1149.2439,3390.46387
-1889,1148,4487,-1889.84412,1149.2511,4486.46387
1522,1225,1710,1522.86377,1238.46533,1710.50378
1557,-360,1400,1557.86389,-346.480164,1400.50366
1404,200,1751,1404.86389,213.518173,1751.50366
1879,2034,1354,1879.92566,2035.43799,1353.6217
1326,2040,-51,1326.92932,2041.45959,-51.3689995
1522,1225,1710,1522.93152,1226.43274,1709.63635
1522,1225,1710,1522.9209,1227.14917,1709.61023
1326,2040,-51,1326.9187,2042.17883,-51.3949127
793,1225,-51,793.924561,1227.17273,-51.3810196
-736,97,60,-736.924377,97.7967987,59.61866
-1190,867,60,-1190.92444,867.797913,59.6186714
-1463,97,1814,-1463.92053,97.7675781,1813.60938
-1190,867,60,-1190.92456,868.168518,59.6189651
-1854,867,1664,-1854.92578,868.131958,1663.62195
-1463,97,1814,-1463.92578,98.1193008,1813.62195
124,-376,1231,124.999916,-364.812378,1230.98706
124,-376,1071,124.999916,-364.812378,1070.98706
115,-456,1071,115.999916,-444.817291,1070.98706
124,-376,1231,124.999916,-364.812378,1230.98706
115,-456,1071,115.999916,-444.817291,1070.98706
115,-456,1231,115.999916,-444.817291,1230.98706
115,-456,1231,115.999916,-452.640259,1230.98706
115,-456,1071,115.999916,-452.640259,1070.98706
89,-524,1071,89.9999161,-520.641968,1070.98706
115,-456,1231,115.999916,-452.640259,1230.98706
89,-524,1071,89.9999161,-520.641968,1070.98706
89,-524,1231,89.9999161,-520.641968,1230.98706
64,-436,979,64.8453674,-431.963257,978.46582
89,-524,1071,89.8412476,-519.965454,1070.45935
115,-456,1071,115.840378,-451.967316,1070.45801
124,-376,1071,124.86544,-362.958374,1070.49902
64,-436,979,64.8654327,-422.976379,978.499023
115,-456,1071,115.865433,-442.969147,1070.49902
-107,-456,1071,-107.86657,-441.847626,1070.50098
-56,-436,979,-56.8665581,-421.854828,978.500977
-116,-376,1071,-116.866577,-361.836823,1070.50098
-107,-456,1071,-107.84359,-453.337158,1070.46301
-81,-524,1071,-81.8440552,-521.335388,1070.46375
-56,-436,979,-56.8437843,-433.333069,978.463318
-81,-524,1231,-81.999054,-521.96698,1230.95654
-81,-524,1071,-81.999054,-521.96698,1070.95654
-107,-456,1071,-107.999046,-453.965271,1070.95642
-81,-524,1231,-81.999054,-521.96698,1230.95654
-107,-456,1071,-107.999046,-453.965271,1070.95642
-107,-456,1231,-107.999046,-453.965271,1230.95642
-107,-456,1231,-107.999069,-444.377106,1230.95691
-107,-456,1071,-107.999069,-444.377106,1070.95691
-116,-376,1071,-116.999069,-364.372162,1070.95691
-107,-456,1231,-107.999069,-444.377106,1230.95691
-116,-376,1071,-116.999069,-364.372162,1070.95691
-116,-376,1231,-116.999069,-364.372162,1230.95691
-107,-456,1231,-106.937584,-449.358643,1230.00195
-612,-151,1151,-611.923523,-144.395325,1150.00293
-376,-586,1231,-375.939514,-579.377991,1230.00183
384,-586,1231,383.937561,-576.292175,1230.00195
620,-151,1151,619.923523,-141.309494,1150.00293
115,-456,1231,114.923515,-446.272797,1230.00293
-81,-227,1231,-81.0425262,-224.256577,1230.00098
4,-227,1231,3.95581698,-224.256577,1230.00098
4,-151,1191,3.95581698,-148.256271,1190.00098
-81,-227,1231,-80.9375381,-226.250656,1230.00195
4,-151,1191,4.06186199,-150.250839,1190.00195
-612,-151,1151,-611.937561,-150.267853,1150.00195
-107,-295,1231,-106.859726,-276.873413,1230.00989
-81,-227,1231,-80.859726,-208.86644,1230.00989
-612,-151,1151,-611.867188,-132.970505,1150.00891
-116,-376,1231,-115.859726,-307.222504,1230.00989
-107,-295,1231,-106.859726,-226.15976,1230.00989
-612,-151,1151,-611.853516,-81.6351929,1150.01086
4,-151,1191,3.95581698,-148.256271,1190.00098
4,-227,1231,3.95581698,-224.256577,1230.00098
89,-227,1231,88.9558182,-224.256577,1230.00098
620,-151,1151,619.937561,-149.186203,1150.00195
4,-151,1191,3.92350984,-149.169205,1190.00293
89,-227,1231,88.9374847,-225.16925,1230.00208
620,-151,1151,619.860352,-135.371796,1150.00989
89,-227,1231,88.8465729,-211.269989,1230.01184
115,-295,1231,114.846573,-279.276947,1230.01184
620,-151,1151,619.841187,-94.3232117,1150.0127
115,-295,1231,114.840538,-238.855026,1230.01282
124,-376,1231,123.846573,-319.917786,1230.01184
-612,-151,1151,-611.961914,-145.219864,1150.00073
-612,-600,1231,-611.961914,-594.247375,1230.00073
-376,-586,1231,-375.958679,-580.24469,1230.00085
384,-586,1231,383.955841,-580.720093,1230.00098
620,-600,1231,619.955872,-594.72345,1230.00098
620,-151,1151,619.955872,-145.695923,1150.00098
