-3922,98,2793,-3922.61816,103.509727,2792.21411
-3681,348,2552,-3681.62354,353.526154,2551.21826
-4097,460,2856,-4097.63281,465.543365,2855.22583
-4042,72,2914,-4042.70117,76.8356552,2913.28711
-3922,98,2793,-3922.69849,102.833351,2792.28442
-4097,460,2856,-4097.69727,464.86618,2855.2832
-2951,150,2106,-2951.91382,154.399261,2105.59399
-3010,550,2123,-3010.91089,554.403809,2122.5874
-3061,381,2287,-3061.91479,385.385681,2286.59619
-3035,120,2276,-3035.88867,132.329437,2275.5415
-2951,150,2106,-2951.88354,162.346954,2105.53174
-3061,381,2287,-3061.89062,393.369293,2286.54541
-3010,550,2123,-3010.93652,557.118774,2122.64941
-3074,520,2293,-3074.9314,527.089661,2292.63623
-3061,381,2287,-3061.93652,388.07724,2286.64941
-1687,0,258,-1687.04199,3.02394342,258.999115
-3422,400,340,-3422.04199,402.920929,340.999115
-3442,580,379,-3442.04199,582.917725,379.999115
-3464,779,423,-3464.04199,783.306519,423.999115
-1687,0,258,-1687.04199,4.2483182,258.999115
-3442,580,379,-3442.04199,584.291565,379.999115
-4649,820,551,-4648.90088,825.985901,551.995056
-3856,779,465,-3855.89966,784.95752,465.994934
-3881,589,430,-3880.90015,594.944946,430.994995
-4649,820,551,-4648.88281,826.488464,551.993103
-3881,589,430,-3880.89966,595.437378,430.994934
-4712,420,501,-4711.8999,426.480713,501.994965
-3881,589,430,-3880.87305,594.709045,430.991882
-3900,440,403,-3899.87305,445.717712,403.991882
-4712,420,501,-4711.87305,425.697479,501.991882
-3442,580,379,-3441.8999,586.446594,379.994965
-3422,400,340,-3421.89941,406.447327,340.994904
-3900,440,403,-3899.90039,446.419189,403.995026
-3442,580,379,-3441.90015,587.813416,379.994995
-3900,440,403,-3899.90039,447.850311,403.995026
-3881,589,430,-3880.90015,596.837463,430.994995
-4243,699,-235,-4243.2998,704.051392,-235.953918
-4264,879,-265,-4264.30078,884.053589,-265.953674
-5100,880,5,-5100.30566,885.027527,4.04786062
-5052,555,51,-5052.30566,560.898071,50.047863
-4289,497,-179,-4289.30078,502.952972,-179.953613
-4243,699,-235,-4243.2998,704.966248,-235.953979
-5052,555,51,-5052.30566,561.082397,50.047863
-4243,699,-235,-4243.2998,705.026306,-235.953949
-5100,880,5,-5100.30176,886.074707,4.0466156
-3483,400,-443,-3483.26562,402.887421,-443.96402
-1514,0,-785,-1514.26172,2.83813238,-785.965088
-1541,320,-916,-1541.26184,322.833435,-916.965088
-3483,400,-443,-3483.23828,409.013733,-443.97113
-1541,320,-916,-1541.24316,329.023621,-916.96991
-3499,709,-492,-3499.24219,717.997803,-492.970215
-1541,320,-916,-1541.24023,325.456879,-916.970703
-3508,873,-517,-3508.24316,878.601501,-517.969971
-3499,709,-492,-3499.23438,714.586548,-492.972076
-4289,497,-179,-4289.33057,504.849731,-179.94371
-3483,400,-443,-3483.33008,407.764954,-443.943909
-3499,709,-492,-3499.33008,716.734192,-492.943817
-4289,497,-179,-4289.33008,502.541443,-179.943909
-3499,709,-492,-3499.32739,714.492126,-492.944824
-4243,699,-235,-4243.33008,704.540894,-235.943893
-5366,582,277,-5366.6123,589.172058,276.209381
-5052,555,51,-5052.60986,562.149292,50.2074966
-5100,880,5,-5100.60254,887.166382,4.20191097
-5366,582,277,-5366.604,585.148743,276.203033
-5100,880,5,-5100.62207,883.193298,4.21703911
-5417,880,247,-5417.604,883.171692,246.203033
-5584,609,509,-5584.74707,612.040833,508.335358
-5366,582,277,-5366.74707,585.066101,276.335358
-5417,880,247,-5417.74609,883.084229,246.334351
-5584,609,509,-5584.74707,612.513916,508.335358
-5417,880,247,-5417.74707,883.509521,246.335358
-5639,880,496,-5639.74805,883.528503,495.336365
-5735,618,1062,-5735.96777,623.619629,1061.74829
-5584,609,509,-5584.96777,614.595642,508.748199
-5639,880,496,-5639.97021,885.606201,495.759338
-5735,618,1062,-5735.97021,623.983276,1061.75879
-5639,880,496,-5639.96484,885.995911,495.737183
-5798,880,1082,-5798.96973,885.986511,1081.75586
-4830,820,591,-4829.78516,826.236816,591.976624
-4649,820,551,-4648.79297,826.233643,551.978333
-4712,420,501,-4711.79004,426.249847,501.977631
-4830,820,591,-4829.70703,825.940979,591.956116
-4712,420,501,-4711.71582,425.987946,501.958771
-4896,420,557,-4895.70605,425.968903,557.955811
-4973,820,668,-4972.52051,824.8526,668.877441
-4830,820,591,-4829.53711,824.856628,591.886414
-4896,420,557,-4895.53613,424.875305,557.885864
-4973,820,668,-4972.47168,824.483948,668.848999
-4896,420,557,-4895.46387,424.498047,557.843994
-5043,420,651,-5042.47656,424.499939,651.851807
-5017,820,916,-5016.02148,828.695251,916.204895
-4973,820,668,-4972.02051,828.686951,668.201172
-5043,420,651,-5042.01855,428.660492,651.190674
-5017,820,916,-5016.02148,824.410889,916.206055
-5043,420,651,-5042.01562,424.428497,651.175781
-5095,420,932,-5094.02148,424.406952,932.205566
-4947,790,1134,-4946.05957,792.543457,1133.66003
-5017,820,916,-5016.05957,822.534363,915.660034
-5095,420,932,-5094.06348,422.551605,931.649414
-4947,790,1134,-4946.0791,796.903931,1133.61023
-5095,420,932,-5094.07471,426.911133,931.620789
-5000,390,1180,-4999.08203,396.916138,1179.60339
-4769,760,1224,-4768.58691,764.312744,1223.08936
-4947,790,1134,-4946.57422,794.332214,1133.09521
-5000,390,1180,-4999.57422,394.338287,1179.09521
-4769,760,1224,-4768.51953,764.856506,1223.12305
-5000,390,1180,-4999.53125,394.852539,1179.1167
-4795,360,1299,-4794.52051,364.848389,1298.12256
-4380,700,1222,-4380.04297,704.312988,1221.00098
-4769,760,1224,-4769.04297,764.318542,1223.00098
-4795,360,1299,-4795.04297,364.311981,1298.00098
-4380,700,1222,-4380.04297,706.141296,1221.00098
-4795,360,1299,-4795.04297,366.161926,1298.00098
-4361,326,1299,-4361.04297,332.132812,1298.00098
-3714,670,1132,-3714.15259,675.102051,1131.01172
-4380,700,1222,-4380.15137,705.139893,1221.0116
-4361,326,1299,-4361.15137,331.14093,1298.0116
-3714,670,1132,-3714.17505,677.580994,1131.0155
-4361,326,1299,-4361.17529,333.603271,1298.0155
-3809,320,1206,-3809.17529,327.569275,1205.0155
-3914,1068,578,-3913.91113,1069.93091,578.996033
-3856,779,465,-3855.91138,780.944153,465.996063
-4649,820,551,-4648.91113,821.915955,551.996033
-3508,873,-517,-3507.17871,877.719116,-517.570312
-3611,1360,-822,-3610.18481,1364.64941,-822.579102
-3657,1109,-809,-3656.18286,1113.66992,-809.576233
-3508,873,-517,-3507.18481,878.939636,-517.579102
-3657,1109,-809,-3656.17798,1114.93115,-809.569397
-3704,857,-795,-3703.17798,862.930725,-795.569397
-3393,670,1129,-3393.04297,674.682678,1128.00098
-3714,670,1132,-3714.04297,674.69519,1131.00098
-3809,320,1206,-3809.04297,324.709473,1205.00098
-3393,670,1129,-3392.95874,673.297974,1128.00085
-3809,320,1206,-3808.95874,323.288757,1205.00085
-3273,367,1205,-3272.95605,370.273743,1204.00098
-2865,640,1278,-2864.74023,643.892395,1277.03442
-3393,670,1129,-3392.73633,673.886963,1128.0354
-3273,367,1205,-3272.73633,370.884979,1204.0354
-2865,640,1278,-2864.74023,651.287231,1277.03442
-3239,988,1150,-3238.73633,999.215637,1149.0354
-3393,670,1129,-3392.73633,681.198608,1128.0354
-4303,760,1835,-4302.82324,764.444763,1835.98425
-3652,574,1668,-3651.82324,578.410278,1668.98425
-3672,285,1587,-3671.82324,289.398712,1587.98425
-4303,760,1835,-4302.75879,765.258301,1835.97046
-3672,285,1587,-3671.77563,290.24115,1587.97449
-4322,360,1757,-4321.77734,365.279785,1757.97485
-3156,226,1709,-3156.27539,230.094757,1709.96118
-3672,285,1587,-3672.26855,289.060242,1587.96313
-3652,574,1668,-3652.26465,578.080688,1668.96411
-3156,226,1709,-3156.24316,230.521393,1709.96997
-3652,574,1668,-3652.23975,578.562805,1668.97083
-3180,574,1785,-3180.24316,578.534363,1785.96997
-2961,180,1922,-2961.75781,186.73082,1922.65247
-3156,226,1709,-3156.77246,232.726212,1709.63477
-3180,574,1785,-3180.76782,580.716858,1785.6405
-2961,180,1922,-2961.74219,184.92952,1922.66992
-3180,574,1785,-3180.74316,578.931824,1785.66895
-3040,574,1939,-3040.74414,578.940186,1939.66797
-2951,150,2106,-2951.99927,155.366425,2106.03711
-2961,180,1922,-2961.99902,185.355911,1922.04248
-3040,574,1939,-3040.99927,579.363403,1939.03772
-2951,150,2106,-2951.99121,158.265213,2106.13135
-3040,574,1939,-3040.99219,582.262024,1939.12341
-3010,550,2123,-3010.99121,558.261108,2123.13184
-5464,577,1573,-5464.90283,581.526428,1573.42969
-5735,618,1062,-5735.89502,622.543884,1062.44531
-5798,880,1082,-5798.89355,884.540955,1082.44824
-5464,577,1573,-5464.89014,582.976624,1573.45569
-5798,880,1082,-5798.8833,885.953308,1082.46851
-5501,850,1623,-5501.8833,855.95813,1623.46875
-5001,495,1856,-5001.55713,497.567444,1856.8302
-5464,577,1573,-5464.57227,579.556946,1573.81995
-5501,850,1623,-5501.55664,852.556763,1623.83057
-5001,495,1856,-5001.57227,499.879547,1856.81982
-5501,850,1623,-5501.55371,854.854675,1623.83252
-5013,820,1935,-5013.55664,824.863464,1935.83069
-4322,360,1757,-4321.90137,362.642426,1757.99512
-5001,495,1856,-5000.90039,497.633575,1856.995
-5013,820,1935,-5012.91113,822.627869,1935.99597
-4322,360,1757,-4321.87549,363.167206,1757.99219
-5013,820,1935,-5012.8916,823.226868,1935.99402
-4303,760,1835,-4302.88281,763.189941,1835.99304
-1541,320,-916,-1541.99304,327.819672,-916.116882
-1514,0,-785,-1514.99109,7.85005188,-785.132629
-1411,0,-1562,-1411.99304,7.88142681,-1562.11682
-3856,779,465,-3856.98145,783.184631,465.191284
-3914,1068,578,-3914.98218,1072.17517,578.187439
-3783,1014,1191,-3783.98218,1018.19537,1191.1875
-3856,779,465,-3856.98657,785.198242,465.163208
-3783,1014,1191,-3783.98706,1020.16559,1191.15918
-3714,670,1132,-3714.98828,676.183777,1132.15198
-3393,670,1129,-3392.05347,672.017944,1128.67749
-3239,988,1150,-3238.05273,990.024048,1149.67957
-3464,1042,423,-3463.05737,1044.03101,422.666168
-3652,1153,1668,-3652.99902,1173.35913,1667.95593
-3681,1153,2552,-3681.99878,1173.32288,2551.95508
-3627,574,2100,-3627.99902,594.442322,2099.95605
-1541,320,-916,-1541.04297,323.685944,-916.999023
-1514,0,-785,-1514.04297,3.68878698,-785.999023
-645,0,-785,-645.042969,3.68878698,-785.999023
-3609,36,4380,-3608.00781,37.4842262,4379.87549
-3578,252,4086,-3577.00488,253.502792,4085.90137
-3607,167,4051,-3606.00781,168.497787,4050.87549
-3383,31,4411,-3382.00195,43.0517197,4410.93799
-3381,-222,5096,-3380.00098,-209.940018,5095.95605
-3321,306,5110,-3320.00098,318.094177,5109.95605
-3628,50,6563,-3627.90137,61.6140823,6563.99512
-4034,-58,6600,-4033.91309,-46.3524666,6600.99609
-4065,311,6629,-4064.90137,322.594147,6629.99512
-3628,50,6563,-3627.92578,64.4344406,6563.99707
-4065,311,6629,-4064.92383,325.388214,6629.99707
-3641,318,6592,-3640.92358,332.422699,6592.99707
-3318,64,6546,-3317.95801,69.8542633,6546.99902
-3628,50,6563,-3627.95605,55.8255005,6563.99902
-3641,318,6592,-3640.95996,323.819672,6592.99902
-3318,64,6546,-3317.95996,77.2376938,6546.99902
-3641,318,6592,-3640.95996,331.221924,6592.99902
-3313,318,6575,-3312.95605,331.230469,6575.99902
-4034,-58,6600,-4034.3916,-50.7582054,6600.91992
-4325,-152,6470,-4325.41211,-144.788773,6470.91113
-4065,311,6629,-4065.3894,318.202087,6629.9209
-3939,-238,7263,-3939.84399,-228.103561,7262.46387
-3847,-9,7060,-3847.84961,0.921024501,7059.47266
-3990,29,7273,-3990.85205,38.9216194,7272.47656
-3935,-116,7628,-3935.99902,-109.740334,7628.04346
-3939,-238,7263,-3939.99902,-231.726639,7263.04395
-3990,29,7273,-3990.99805,35.2586098,7273.05908
-3935,-116,7628,-3935.99902,-114.087067,7627.95605
-3990,29,7273,-3990.99902,30.9067116,7272.95605
-4040,106,7644,-4040.99902,107.916626,7643.95605
-3883,109,8065,-3883.93994,110.918427,8065.34082
-3935,-116,7628,-3935.94727,-114.097595,7628.32031
-4040,106,7644,-4040.94409,107.902824,7644.3291
-3883,109,8065,-3883.93994,114.128319,8065.34082
-4040,106,7644,-4040.94922,111.126312,7644.31445
-3922,305,8095,-3922.93994,310.132782,8095.34082
-3647,328,8570,-3647.87158,331.983826,8570.49023
-3883,109,8065,-3883.87256,112.969803,8065.48828
-3922,305,8095,-3922.86768,308.967865,8095.49707
-3647,328,8570,-3647.86768,335.85199,8570.49707
-3922,305,8095,-3922.86768,312.825775,8095.49707
-3677,563,8599,-3677.86768,570.835815,8599.49707
-3164,434,8892,-3164.53491,439.297485,8892.84473
-3647,328,8570,-3647.53516,333.276642,8570.84473
-3677,563,8599,-3677.55127,568.277527,8599.83398
-3164,434,8892,-3164.59839,437.13205,8892.80078
-3677,563,8599,-3677.60229,566.137695,8599.79785
-3208,692,9001,-3208.59448,695.138489,9001.80371
-2415,793,8982,-2414.9707,794.374207,8982.99902
-2430,521,8884,-2429.96777,522.388245,8884.99902
-3164,434,8892,-3163.95605,435.368866,8892.99902
-2415,793,8982,-2414.89258,795.598206,8982.99414
-3164,434,8892,-3163.92358,436.631561,8892.99707
-3208,692,9001,-3207.93848,694.624512,9001.99805
-1593,713,8095,-1592.11572,716.848816,8095.4668
-1700,477,8095,-1699.11572,480.853394,8095.4668
-1928,521,8570,-1927.12256,524.856018,8570.47949
-1593,713,8095,-1592.09473,714.331299,8095.4248
-1928,521,8570,-1927.09851,522.348022,8570.43262
-1829,785,8661,-1828.0957,786.351379,8661.42676
-1829,785,8661,-1828.47266,787.502991,8661.84961
-1928,521,8570,-1927.48218,523.504395,8570.85547
-2430,521,8884,-2429.47266,523.497742,8884.84961
-1829,785,8661,-1828.53967,786.465332,8661.8877
-2430,521,8884,-2429.53979,522.448547,8884.8877
-2415,793,8982,-2414.52124,794.446289,8982.87793
-2134,449,6617,-2133.05347,450.694885,6616.67773
-2251,304,6620,-2250.05371,305.69635,6619.67676
-1975,400,7208,-1974.05371,401.69101,7207.67676
-2134,449,6617,-2133.05347,450.544647,6616.67773
-1975,400,7208,-1974.05042,401.545715,7207.68652
-1867,579,7208,-1866.05347,580.546448,7207.67773
-1867,579,7208,-1866.03503,580.836487,7207.73779
-1975,400,7208,-1974.03027,401.836029,7207.75586
-1700,477,8095,-1699.03003,478.837921,8094.75684
-1867,579,7208,-1866.03076,580.293091,7207.75391
-1700,477,8095,-1699.03003,478.257935,8094.75684
-1593,713,8095,-1592.03003,714.261902,8094.75684
-2862,371,5921,-2861.49805,378.624084,5920.13525
-2871,189,5938,-2870.49634,196.609299,5937.13623
-2495,230,6158,-2494.48633,237.592056,6157.14209
-2862,371,5921,-2861.48145,389.968262,5920.14502
-2495,230,6158,-2494.47266,248.974854,6157.15039
-2493,468,6148,-2492.48145,487.051483,6147.14502
-2495,230,6158,-2494.07397,232.001419,6157.62256
-2251,304,6620,-2250.07397,306.000275,6619.62256
-2134,449,6617,-2133.07227,450.997803,6616.62695
-2493,468,6148,-2492.21021,496.69696,6147.38672
-2495,230,6158,-2494.22217,258.719391,6157.37158
-2134,449,6617,-2133.21094,477.803589,6616.38574
-4169,-67,4035,-4168.05957,-55.768219,4035.33984
-4272,-49,4334,-4271.05957,-37.7885704,4334.33984
-4272,239,4447,-4271.05957,250.17247,4447.33984
-4059,161,3741,-4058.04077,171.679581,3741.28247
-4169,-67,4035,-4168.05273,-56.2836609,4035.32007
-4272,239,4447,-4271.05176,249.770508,4447.31738
-4181,14,3038,-4181.61426,19.7034855,3037.21094
-4042,72,2914,-4042.61865,77.7093124,2913.21436
-4097,460,2856,-4097.63379,465.727264,2855.22656
-4320,-80,3163,-4320.59033,-75.3689575,3162.19287
-4181,14,3038,-4181.57324,18.6368809,3037.18066
-4097,460,2856,-4097.58984,464.663452,2855.19263
-4320,-80,3163,-4320.66797,-71.8661728,3162.25586
-4097,460,2856,-4097.65918,468.180817,2855.24805
-4651,282,3373,-4651.65869,290.177734,3372.2478
-4460,-108,3287,-4460.65918,-103.242477,3286.24805
-4320,-80,3163,-4320.64551,-75.2316742,3162.23633
-4651,282,3373,-4651.65234,286.780609,3372.24219
-4599,-97,3411,-4599.6792,-88.6780853,3410.26611
-4460,-108,3287,-4460.67969,-99.6788635,3286.2666
-4651,282,3373,-4651.67871,290.292145,3372.26562
-4796,-39,3742,-4796.87744,-35.7472115,3741.52051
-4599,-97,3411,-4599.87646,-93.7619476,3410.51855
-4651,282,3373,-4651.87793,285.267395,3372.52124
-4796,-39,3742,-4796.84961,-32.4301643,3741.47266
-4651,282,3373,-4651.84473,288.550873,3372.46484
-5087,332,4051,-5087.84521,338.5755,4050.46582
-4987,-57,4078,-4987.87158,-55.2713966,4077.50977
-4796,-39,3742,-4796.86768,-37.2501183,3741.50293
-5087,332,4051,-5087.87256,333.735474,4050.51172
-5083,-243,4486,-5083.94043,-239.596634,4485.66016
-4987,-57,4078,-4987.94824,-53.6154022,4077.68262
-5087,332,4051,-5087.9375,335.364258,4050.6521
-5083,-243,4486,-5083.98828,-231.926193,4485.84766
-5087,332,4051,-5087.99316,343.191132,4050.8833
-5205,372,4905,-5205.99268,383.123199,4904.88281
-5162,-286,4901,-5162.98535,-266.277588,4900.82959
-5083,-243,4486,-5083.98535,-223.316803,4485.82959
-5205,372,4905,-5205.97949,391.848114,4904.79883
-5078,-108,5261,-5078.97266,-88.8668594,5261.23145
-5162,-286,4901,-5162.97266,-266.92572,4901.23145
-5205,372,4905,-5205.9707,391.065582,4905.23975
-3599,45,5899,-3598.86792,49.338356,5898.00879
-3317,366,5838,-3316.84131,370.326813,5837.0127
-3866,216,5799,-3865.84741,220.329422,5798.01172
-3761,-355,5724,-3761.99707,-342.400482,5724.07617
-3778,-319,5564,-3778.99707,-306.417755,5564.07568
-3838,204,5466,-3838.99609,216.49324,5466.0874
-3761,-355,5724,-3761.99609,-338.452942,5724.08594
-3838,204,5466,-3838.99512,220.469391,5466.09668
-3784,-89,5724,-3784.99609,-72.493866,5724.08594
-3388,-89,5722,-3387.00293,-65.9772644,5722.07373
-3361,191,5491,-3360.00293,213.936478,5491.0752
-3384,-311,5479,-3383.00293,-287.913483,5479.07568
-3388,-89,5722,-3387.00293,-79.4966125,5722.07568
-3384,-311,5479,-3383.00293,-301.497467,5479.07617
-3405,-354,5722,-3404.00293,-344.475128,5722.07568
-3730,-390,5946,-3730.99512,-375.203125,5946.09814
-3761,-355,5724,-3761.99512,-340.245239,5724.09766
-3784,-89,5724,-3784.99414,-74.2683487,5724.10742
-3435,-191,5958,-3434.01562,-179.213104,5958.17578
-3388,-89,5722,-3387.01562,-77.1852722,5722.17529
-3405,-354,5722,-3404.01758,-342.148193,5722.18652
-3435,-191,5958,-3434.01074,-89.3995743,5958.14551
-3405,-354,5722,-3404.01074,-252.199203,5722.14551
-3437,-390,5957,-3436.01074,-288.565918,5957.14551
-3457,-264,6193,-3456.00586,-151.132416,6193.10693
-3435,-191,5958,-3434.00488,-77.8751755,5958.09717
-3437,-390,5957,-3436.00488,-276.749573,5957.09766
-3457,-264,6193,-3456.00586,-232.927628,6193.10693
-3437,-390,5957,-3436.00586,-358.886719,5957.10742
-3462,-398,6192,-3461.00586,-366.886475,6192.10742
-3435,-251,6430,-3434.00488,-216.401764,6429.90137
-3457,-264,6193,-3456.00586,-229.335251,6192.89209
-3462,-398,6192,-3461.00488,-363.302704,6191.90137
-3435,-251,6430,-3434.00391,-238.821976,6429.91211
-3462,-398,6192,-3461.00488,-385.7854,6191.90137
-3442,-394,6428,-3441.00488,-381.847137,6427.90137
-3388,-209,6666,-3387.02148,-178.467667,6665.79395
-3435,-251,6430,-3434.01929,-220.520157,6429.80469
-3442,-394,6428,-3441.02148,-363.52655,6427.79395
-3388,-209,6666,-3387.02148,-199.622833,6665.79395
-3442,-394,6428,-3441.01562,-384.578796,6427.82422
-3398,-361,6663,-3397.02026,-351.606232,6662.7998
-3290,-11,7139,-3289.02026,8.90282536,7138.7998
-3388,-209,6666,-3387.01831,-189.02121,6665.80957
-3398,-361,6663,-3397.02148,-341.040558,6662.79395
-3290,-11,7139,-3289.01562,-2.81595826,7138.82422
-3398,-361,6663,-3397.01758,-352.83017,6662.81348
-3312,-249,7135,-3311.01343,-240.783783,7134.83691
-3318,64,6546,-3318.64551,78.6400986,6546.76367
-3313,318,6575,-3313.66016,332.609283,6575.75098
-3068,318,6783,-3068.66724,332.615875,6783.74463
-3318,64,6546,-3318.5332,68.1929398,6546.8457
-3068,318,6783,-3068.5271,322.204834,6783.84961
-3067,62,6693,-3067.5293,66.1909027,6693.84814
-3067,62,6693,-3067.8501,65.7549896,6693.52637
-3068,318,6783,-3068.85205,321.76825,6783.52344
-2635,318,7481,-2635.84888,321.786682,7481.52832
-3067,62,6693,-3067.84888,68.7036362,6693.52832
-2635,318,7481,-2635.8501,324.665497,7481.52637
-2575,-5,7457,-2575.85181,1.63760591,7457.52344
-2575,-5,7457,-2575.99902,-0.563288629,7457.0415
-2635,318,7481,-2635.99902,322.454956,7481.04053
-2625,318,7818,-2625.99902,322.447021,7818.04395
-2575,-5,7457,-2575.99927,-0.839753389,7457.03662
-2625,318,7818,-2625.99902,322.123779,7818.04004
-2564,-5,7858,-2564.99902,-0.870557725,7858.03857
-2564,-5,7858,-2564.38916,2.37568521,7857.0791
-2625,318,7818,-2625.37305,325.396149,7817.07227
-2780,252,7892,-2780.37769,259.407562,7891.07422
-2564,-5,7858,-2564.37744,3.6588366,7857.07422
-2780,252,7892,-2780.36304,260.673431,7891.06836
-2793,-36,7950,-2793.36792,-27.3407574,7949.07031
-2793,-36,7950,-2792.27173,-31.5654964,7949.31494
-2780,252,7892,-2779.25684,256.452087,7891.33105
-3123,212,7526,-3122.28271,216.447449,7525.30322
-2793,-36,7950,-2792.26489,-24.7326279,7949.32227
-3123,212,7526,-3122.24805,223.360611,7525.34082
-3164,-147,7547,-3163.25732,-135.661789,7546.33057
-3164,-147,7547,-3163.05957,-136.123566,7546.66016
-3123,212,7526,-3122.06323,222.870804,7525.65039
-3290,-11,7139,-3289.06494,-0.0851449594,7138.64551
-3164,-147,7547,-3163.06323,-139.965912,7546.65039
-3290,-11,7139,-3289.05713,-3.91046166,7138.66699
-3312,-249,7135,-3311.06323,-241.947891,7134.65039
-3317,366,5838,-3317.04297,369.661896,5837.00098
-3599,45,5899,-3599.01074,48.6812363,5898.00049
-3344,116,5886,-3343.99414,119.671791,5885.00049
-3170,159,5876,-3170.04297,162.126251,5875.00098
-3214,372,5834,-3214.04297,375.134338,5833.00098
-3317,366,5838,-3317.06055,369.141602,5837.00195
-3170,159,5876,-3170.04297,162.935135,5875.00098
-3317,366,5838,-3317.04297,369.90799,5837.00098
-3344,116,5886,-3344.04297,119.926025,5885.00098
-3384,-311,5479,-3383.00464,-294.75827,5479.0957
-3361,191,5491,-3360.00488,207.236649,5491.09863
-3321,306,5110,-3320.00586,322.251038,5110.10693
-3384,-311,5479,-3383.00098,-298.069641,5478.95605
-3321,306,5110,-3320.00098,318.999786,5109.95605
-3381,-222,5096,-3380.00098,-209.053635,5095.95605
-2871,189,5938,-2870.77612,202.607819,5937.02539
-2862,371,5921,-2861.79395,384.620209,5920.02148
-3214,372,5834,-3213.75586,385.635132,5833.03027
-2871,189,5938,-2870.79395,198.163239,5937.02148
-3214,372,5834,-3213.79858,381.172913,5833.02051
-3170,159,5876,-3169.78052,168.183792,5875.02441
-3814,-53,5829,-3813.68262,-38.3594398,5828.05176
-3599,45,5899,-3598.67676,59.6998444,5898.05371
-3866,216,5799,-3865.69043,230.724319,5798.04932
-4015,213,5706,-4014.63574,218.334198,5705.06885
-4023,-109,5741,-4022.62695,-103.700043,5740.07227
-3918,-122,5785,-3917.63184,-116.709412,5784.07031
-3866,216,5799,-3865.48828,236.58226,5798.14111
-4015,213,5706,-4014.49512,233.571823,5705.13721
-3918,-122,5785,-3917.49121,-101.449539,5784.13916
-3814,-53,5829,-3813.60938,2.34929538,5828.07959
-3866,216,5799,-3865.61914,271.384125,5798.07568
-3918,-122,5785,-3917.61499,-66.6916351,5784.07715
-4125,274,5525,-4124.13574,282.795837,5524.49707
-4236,246,5344,-4235.14111,254.777908,5343.48828
-4276,12,5355,-4275.13818,20.7583103,5354.49316
-4125,274,5525,-4124.18311,280.175171,5524.42334
-4276,12,5355,-4275.16797,18.120533,5354.44531
-4149,-4,5548,-4148.16748,2.14607239,5547.44629
-4023,-109,5741,-4022.16968,-101.141304,5740.44287
-4015,213,5706,-4014.16992,220.814194,5705.44238
-4125,274,5525,-4124.16992,281.818115,5524.44238
-4023,-109,5741,-4022.20459,-103.10704,5740.39404
-4125,274,5525,-4124.20752,279.893982,5524.39014
-4149,-4,5548,-4148.19629,1.89156795,5547.40527
-4314,131,5140,-4313.00098,139.211334,5140.04248
-4306,107,4898,-4305.00195,115.232841,4898.06152
-4361,-286,4876,-4360.00195,-277.809692,4876.06055
-4314,131,5140,-4313.01367,133.694626,5140.16406
-4361,-286,4876,-4360.00977,-283.32312,4876.13867
-4360,-99,5135,-4359.01172,-96.3091812,5135.15186
-4276,12,5355,-4275.04199,17.3113594,5354.71338
-4236,246,5344,-4235.03906,251.307007,5343.72363
-4314,131,5140,-4313.03516,136.30632,5139.7373
-4276,12,5355,-4275.03906,16.8093452,5354.72363
-4314,131,5140,-4313.04639,135.812042,5139.69922
-4360,-99,5135,-4359.04102,-94.1802826,5134.7168
-4272,239,4447,-4271.0127,257.598755,4447.1582
-4272,-49,4334,-4271.01367,-30.3427601,4334.16357
-4324,-239,4601,-4323.01465,-220.341095,4601.16992
-4306,107,4898,-4305.00098,115.90699,4898.04346
-4272,239,4447,-4271.00195,247.90033,4447.06055
-4324,-239,4601,-4323.00098,-230.142975,4601.04199
-4361,-286,4876,-4360.00684,-281.690277,4876.11523
-4306,107,4898,-4305.00781,111.296669,4898.12305
-4324,-239,4601,-4323.00684,-234.683868,4601.11572
-3905,216,5083,-3905.99512,223.160599,5082.90137
-3839,-222,5096,-3839.99512,-214.830063,5095.90137
-3836,91,4644,-3836.99512,98.1785278,4643.90137
-3839,-222,5096,-3839.99023,-216.677231,5096.13867
-3905,216,5083,-3905.98926,221.354065,5083.14551
-3838,204,5466,-3838.9834,209.316635,5466.18066
-3839,-222,5096,-3839.99512,-213.566696,5096.09863
-3838,204,5466,-3838.99707,212.468887,5466.07617
-3778,-319,5564,-3778.99512,-310.588013,5564.09863
-4267,953,-2722,-4266.19287,978.862427,-2722.59033
-4259,1190,-2727,-4258.19629,1215.92603,-2727.59497
-4717,1073,-3353,-4716.18994,1099.05261,-3353.58618
-2463,607,-4304,-2462.21021,660.376099,-4303.38672
-2452,921,-4310,-2451.21875,974.474854,-4309.37598
-2052,718,-4842,-2051.21094,771.684814,-4841.38574
-3718,848,-3991,-3717.00879,891.991516,-3990.86792
-3706,1190,-3998,-3705.00781,1234.04285,-3997.87549
-3666,1008,-4417,-3665.00977,1052.07642,-4416.86084
-5247,1574,-3539,-5247.41211,1604.74121,-3539.91113
-5303,1224,-3504,-5303.41504,1254.67456,-3504.90967
-4641,1559,-3794,-4641.41211,1589.62158,-3794.91113
-4383,1294,-580,-4383.90479,1296.66382,-579.574219
-4249,880,-639,-4249.90479,882.669556,-638.574219
-4482,880,-1117,-4482.90479,882.665161,-1116.57422
-4383,1294,-580,-4383.90479,1295.91748,-579.574219
-4482,880,-1117,-4482.90527,881.943787,-1116.5752
-4612,1285,-1061,-4612.90527,1286.92749,-1060.5752
-4612,1285,-1061,-4612.90479,1286.54517,-1060.57422
-4482,880,-1117,-4482.90479,881.533813,-1116.57422
-4715,880,-1595,-4715.9043,881.531555,-1594.57312
-4612,1285,-1061,-4612.90527,1287.0658,-1060.5752
-4715,880,-1595,-4715.9043,882.07782,-1594.57312
-4841,1265,-1541,-4841.90479,1267.08423,-1540.57422
-4289,1200,-444,-4289.91699,1202.30383,-443.601105
-4249,880,-639,-4249.9209,882.296082,-638.610229
-4383,1294,-580,-4383.91797,1296.31567,-579.603394
-4264,1348,-265,-4264.91211,1350.15991,-264.590057
-4289,1200,-444,-4289.9165,1202.15979,-443.600159
-4383,1294,-580,-4383.91504,1296.15234,-579.59668
-3886,1090,-1414,-3885.95898,1123.42297,-1414.99915
-3865,1355,-1421,-3864.95605,1388.29102,-1421.99902
-4294,1366,-1433,-4293.95605,1399.21375,-1433.99902
-3738,1358,-1122,-3737.36523,1381.19983,-1121.22742
-3772,1099,-1111,-3771.37012,1122.1853,-1110.22339
-4114,1445,-801,-4113.37012,1468.29041,-800.223328
-3657,1109,-809,-3657.04395,1125.51428,-809.999023
-3611,1360,-822,-3611.04297,1376.50085,-822.999023
-4114,1445,-801,-4114.04395,1461.60681,-801.999023
-5086,1261,-2127,-5086.92773,1264.83923,-2126.62695
-4841,1265,-1541,-4841.93164,1268.84387,-1540.63672
-4715,880,-1595,-4715.9209,883.846069,-1594.61023
-5086,1261,-2127,-5086.9375,1264.13098,-2126.6521
-4715,880,-1595,-4715.93652,883.120117,-1594.64941
-4961,930,-2181,-4961.93457,933.128906,-2180.64429
-5207,979,-2766,-5207.9209,981.055603,-2765.61035
-5332,1256,-2713,-5332.92041,1258.04565,-2712.60938
-5086,1261,-2127,-5086.92725,1263.03674,-2126.62598
-5207,979,-2766,-5207.93652,981.465454,-2765.64941
-5086,1261,-2127,-5086.94043,1263.43738,-2126.66016
-4961,930,-2181,-4961.93604,932.445862,-2180.64819
-5207,979,-2766,-5207.99805,983.253479,-2765.93848
-5270,954,-3526,-5270.99805,958.167053,-3525.93774
-5303,1224,-3504,-5303.99707,1228.17175,-3503.92358
-5332,1256,-2713,-5332.99902,1257.17468,-2713.04297
-5207,979,-2766,-5207.99902,980.184021,-2766.04297
-5303,1224,-3504,-5303.99902,1225.1936,-3504.04297
-5118,1232,-4318,-5118.97705,1238.7207,-4318.21094
-5303,1224,-3504,-5303.97949,1230.66516,-3504.20044
-5270,954,-3526,-5270.97266,960.636292,-3526.23096
-5094,930,-4292,-5094.98242,941.369812,-4292.18652
-5118,1232,-4318,-5118.98047,1243.33325,-4318.19629
-5270,954,-3526,-5270.97803,965.356323,-3526.20679
-5118,1232,-4318,-5118.71582,1239.90344,-4318.69824
-5094,930,-4292,-5094.71582,937.882141,-4292.69775
-4494,922,-4889,-4494.71582,929.974792,-4889.69824
-5118,1232,-4318,-5118.76318,1235.83948,-4318.646
-4494,922,-4889,-4494.75098,925.871765,-4889.66016
-4549,1263,-4976,-4549.75098,1266.86487,-4976.66016
-3698,844,-5197,-3698.39746,845.633179,-5197.91748
-3721,1224,-5316,-3721.41211,1225.64819,-5316.91113
-4549,1263,-4976,-4549.41211,1264.61597,-4976.91113
-3698,844,-5197,-3698.40527,845.71637,-5197.91406
-4549,1263,-4976,-4549.38965,1264.76599,-4976.9209
-4494,922,-4889,-4494.40332,923.765991,-4889.91504
-2294,638,-5402,-2294.19141,642.153503,-5402.98145
-2268,951,-5501,-2268.20508,955.151367,-5501.97852
-2995,1088,-5408,-2995.20508,1092.15808,-5408.97852
-2294,638,-5402,-2294.17554,641.753174,-5402.98438
-2995,1088,-5408,-2995.20068,1091.75891,-5408.97949
-3721,1224,-5316,-3721.20996,1227.77393,-5316.97754
-2294,638,-5402,-2294.21436,642.336121,-5402.97656
-3721,1224,-5316,-3721.20605,1228.35022,-5316.97852
-3698,844,-5197,-3698.19604,848.353333,-5197.98047
-2268,951,-5501,-2267.62451,953.884277,-5501.92676
-2294,638,-5402,-2293.63672,640.875732,-5402.93164
-1470,505,-5012,-1469.62683,507.835114,-5012.92773
-2268,951,-5501,-2267.58691,953.885803,-5501.91064
-1470,505,-5012,-1469.58789,507.934082,-5012.91113
-1428,803,-5071,-1427.58691,805.930237,-5071.91064
-949,397,-4418,-948.21167,427.69165,-4418.61523
-929,963,-4430,-928.210144,993.496948,-4430.61328
-1428,803,-5071,-1427.21472,833.301941,-5071.61914
-949,397,-4418,-948.285156,400.617828,-4418.69922
-1428,803,-5071,-1427.26855,806.669922,-5071.68164
-1470,505,-5012,-1469.2832,508.676147,-5012.69727
-668,93,-2882,-667.018311,127.01902,-2882.19043
-647,660,-2893,-646.0177,694.206238,-2893.18726
-929,963,-4430,-928.018311,997.148132,-4430.19043
-668,93,-2882,-667.017395,127.045845,-2882.18555
-929,963,-4430,-928.018311,997.161316,-4430.19043
-949,397,-4418,-948.017395,431.352264,-4418.18555
-4019,887,-3675,-4018.29199,1004.33649,-3674.29395
-4008,1190,-3681,-4007.29395,1307.09058,-3680.29199
-3706,1190,-3998,-3705.29688,1306.7041,-3997.28906
-4019,887,-3675,-4018.28418,948.003601,-3674.30176
-3706,1190,-3998,-3705.29492,1250.99707,-3997.29102
-3718,848,-3991,-3717.302,909.327271,-3990.28394
-4030,585,-3669,-4029.29688,624.753906,-3668.28906
-4019,887,-3675,-4018.28516,926.580444,-3674.30078
-3718,848,-3991,-3717.28516,887.663757,-3990.30078
-4030,585,-3669,-4029.30176,662.452515,-3668.28418
-3718,848,-3991,-3717.2832,924.989929,-3990.30273
-3731,507,-3984,-3730.28711,584.236694,-3983.29883
-4276,717,-2717,-4275.03906,750.628235,-2716.72339
-4267,953,-2722,-4266.03711,986.60553,-2721.73022
-4019,887,-3675,-4018.03491,920.669556,-3674.73828
-4276,717,-2717,-4275.03711,733.224609,-2716.73022
-4019,887,-3675,-4018.04077,902.806458,-3674.71753
-4030,585,-3669,-4029.03491,600.67804,-3668.73828
-4000,1081,-1716,-3999.03003,1121.77393,-1716.24316
-3992,1353,-1721,-3991.03003,1393.68445,-1721.24316
-4259,1190,-2727,-4258.03516,1230.94397,-2727.2627
-4000,1081,-1716,-3999.03003,1106.13989,-1716.24316
-4259,1190,-2727,-4258.03027,1215.33264,-2727.24341
-4267,953,-2722,-4266.03516,978.388123,-2722.26245
-4000,1081,-1716,-3999.03003,1093.98254,-1716.24316
-4267,953,-2722,-4266.03027,966.177307,-2722.24365
-4276,717,-2717,-4275.03027,730.21051,-2717.24414
-4009,810,-1712,-4008.03003,824.710144,-1712.24316
-4000,1081,-1716,-3999.03491,1095.59888,-1716.26172
-4276,717,-2717,-4275.03027,731.354675,-2717.2439
-3738,1358,-1122,-3737.08472,1368.74963,-1122.40259
-3865,1355,-1421,-3864.07397,1365.77222,-1421.37732
-3886,1090,-1414,-3885.08862,1100.75928,-1414.4115
-3738,1358,-1122,-3737.06836,1366.43835,-1122.36316
-3886,1090,-1414,-3885.06812,1098.39832,-1414.36267
-3772,1099,-1111,-3771.06348,1107.40833,-1111.35059
-3704,857,-795,-3703.06323,863.226868,-795.349854
-3657,1109,-809,-3656.06348,1115.23511,-809.350464
-3772,1099,-1111,-3771.06836,1105.22559,-1111.36292
-3886,1090,-1414,-3885.07007,1106.18848,-1414.36743
-4000,1081,-1716,-3999.06543,1097.11133,-1716.35547
-4009,810,-1712,-4008.06494,826.102722,-1712.35449
-3704,857,-795,-3703.07031,860.88208,-795.368042
-3772,1099,-1111,-3771.06812,1102.87866,-1111.36243
-3886,1090,-1414,-3885.06323,1093.89465,-1414.34973
-3704,857,-795,-3703.05249,868.740906,-795.319519
-3886,1090,-1414,-3885.05347,1101.63977,-1414.32251
-4009,810,-1712,-4008.05347,821.634094,-1712.32239
-776,536,-1848,-775.006714,554.193909,-1847.8844
-647,660,-2893,-646.007629,678.278687,-2892.87695
-668,93,-2882,-667.007629,111.249046,-2881.87695
-4249,880,-639,-4249.99902,891.565552,-639.042969
-4289,1200,-444,-4289.99902,1211.54602,-444.042267
-4264,879,-265,-4264.99902,890.60199,-265.042267
882,682,-22,882.575195,695.0802,-21.1819839
882,178,-59,882.57489,191.118591,-58.1817703
464,0,227,464.574249,13.1921215,227.81868
882,178,-59,882.574524,185.376526,-58.1815147
882,0,-75,882.584351,7.36852741,-74.1884995
464,0,227,464.587158,7.31687021,227.809448
464,0,-703,464.599304,17.7191849,-703.800476
882,0,-394,882.592773,17.8379936,-394.805328
882,170,-411,882.592773,187.864029,-411.805359
464,0,-703,464.583374,9.24475098,-703.812195
882,170,-411,882.592773,179.230103,-411.805328
882,682,-452,882.593018,691.168152,-452.805176
1724,0,-157,1724.099,8.69185829,-156.004913
882,0,-75,882.099609,8.81522751,-74.0049744
882,178,-59,882.099609,186.804276,-58.0049744
1724,0,-157,1724.099,15.6014099,-156.004913
882,178,-59,882.099609,193.756378,-58.0049744
1727,84,-151,1727.09863,99.6013031,-150.004883
882,170,-411,882.077271,184.17659,-411.997009
882,0,-394,882.077271,14.1608486,-394.997009
1724,0,-324,1724.07727,14.0780563,-324.997009
882,170,-411,882.087891,178.376877,-411.996124
1724,0,-324,1724.07727,8.27525425,-324.997009
1727,87,-331,1727.07727,95.262291,-331.997009
-3033,116,8574,-3032.90332,117.022598,8574.99512
-3164,434,8892,-3163.91187,435.01825,8892.99609
-2430,521,8884,-2429.91187,522.015076,8884.99609
-3033,116,8574,-3032.90137,116.64325,8574.99512
-2430,521,8884,-2429.8833,521.659607,8884.99316
-2544,174,8568,-2543.87549,174.654099,8568.99219
-2544,174,8568,-2543.48389,174.643463,8568.85645
-2430,521,8884,-2429.48706,521.639343,8884.8584
-1928,521,8570,-1927.47424,521.632935,8570.85059
-2544,174,8568,-2543.47754,175.393738,8568.85254
-1928,521,8570,-1927.47742,522.402344,8570.85254
-2133,184,8328,-2132.50732,185.400146,8328.87012
-2133,184,8328,-2132.13574,184.770828,8328.50293
-1928,521,8570,-1927.13574,521.763184,8570.50293
-1700,477,8095,-1699.13147,477.771698,8095.49561
-2133,184,8328,-2132.13184,184.429611,8328.49609
-1700,477,8095,-1699.13599,477.425232,8095.50342
-1981,155,8012,-1980.13208,155.430908,8012.49658
-1981,155,8012,-1980.03076,156.613846,8011.75391
-1700,477,8095,-1699.03003,478.606995,8094.75684
-1975,400,7208,-1974.03003,401.607452,7207.75684
-1981,155,8012,-1980.03674,155.475952,8011.73145
-1975,400,7208,-1974.03491,400.490356,7207.73828
-2199,119,7299,-2198.03516,119.489281,7298.7373
-2199,119,7299,-2198.05371,120.70079,7298.67676
-1975,400,7208,-1974.05359,401.693634,7207.67725
-2251,304,6620,-2250.05347,305.688324,6619.67773
-3355,234,4123,-3355.21484,235.608017,4123.97656
-3384,150,4088,-3384.20117,151.613205,4088.97949
-3607,167,4051,-3607.20508,168.61879,4051.97852
-3355,234,4123,-3355.2146,237.830338,4123.97656
-3607,167,4051,-3607.20557,170.82962,4051.97852
-3578,252,4086,-3578.21387,255.828079,4086.97681
-3835,-32,4600,-3835.10718,-30.281004,4600.99414
-3836,91,4644,-3836.08789,92.7149734,4644.99609
-3610,84,4662,-3610.09839,85.7150955,4662.99512
-3835,-32,4600,-3835.04297,-28.99897,4600.99902
-3610,84,4662,-3610.06055,86.9922867,4662.99805
-3610,-51,4599,-3610.04297,-48.0043106,4599.99902
-2384,375,-4850,-2384.25488,376.000916,-4850.9668
-2646,566,-4944,-2646.26904,566.996033,-4944.96289
-3214,634,-4857,-3214.24414,634.992432,-4857.96973
-2384,375,-4850,-2384.26245,376.294403,-4850.96484
-3214,634,-4857,-3214.24414,635.285278,-4857.96973
-3521,511,-4675,-3521.2627,512.277527,-4675.96484
-3052,558,2090,-3052.26172,566.974304,2090.96509
-3054,637,2100,-3054.26953,645.969299,2100.96289
-3023,637,2108,-3023.26172,645.965454,2108.96509
-3052,558,2090,-3052.24316,565.505127,2090.96997
-3023,637,2108,-3023.25391,644.510193,2108.96704
-3020,558,2098,-3020.24316,565.503235,2098.96997
-3077,574,1898,-3077.97656,642.99176,1897.78479
-3080,653,1908,-3080.97363,721.863892,1907.77197
-3087,647,1938,-3087.97046,715.871704,1937.75879
-3108,574,1890,-3108.24316,581.766846,1890.96997
-3111,653,1900,-3111.26172,660.761169,1900.96509
-3080,653,1908,-3080.26172,660.761169,1908.96497
-3108,574,1890,-3108.24316,581.766846,1890.96997
-3080,653,1908,-3080.26172,660.761169,1908.96497
-3077,574,1898,-3077.26172,581.766846,1898.96509
-3221,574,1783,-3221.97632,664.580383,1782.78418
-3231,647,1824,-3231.97827,737.533813,1823.79297
-3228,568,1814,-3228.97827,658.57373,1813.79297
-3252,574,1776,-3252.24316,580.490234,1776.96997
-3254,653,1785,-3254.24365,659.493042,1785.96985
-3223,653,1793,-3223.26172,659.488831,1793.96509
-3252,574,1776,-3252.23926,582.128174,1776.97095
-3223,653,1793,-3223.23926,661.122437,1793.97095
-3221,574,1783,-3221.22266,582.128174,1783.97485
-3630,574,1673,-3630.26172,581.024048,1673.96509
-3632,653,1683,-3632.26172,660.018982,1683.96509
-3601,653,1691,-3601.26172,660.015198,1691.96509
-3630,574,1673,-3630.26172,581.024048,1673.96509
-3601,653,1691,-3601.26172,660.015198,1691.96509
-3599,574,1681,-3599.26172,581.020203,1681.96509
-3713,676,1093,-3713.23926,687.262878,1093.97095
-3715,755,1103,-3715.26172,766.257812,1103.96509
-3684,755,1111,-3684.26196,766.253967,1111.96497
-3713,676,1093,-3713.23926,687.262878,1093.97095
-3684,755,1111,-3684.26196,766.253967,1111.96497
-3682,676,1101,-3682.24316,687.259033,1101.96997
-3429,676,1091,-3429.26172,684.856628,1091.96497
-3431,755,1101,-3431.23926,763.853516,1101.97095
-3400,755,1109,-3400.24316,763.84967,1109.96997
-3429,676,1091,-3429.26172,684.856628,1091.96497
-3400,755,1109,-3400.24316,763.84967,1109.96997
-3398,676,1099,-3398.24316,684.85376,1099.96997
-3398,676,1099,-3398.97729,797.116333,1098.78906
-3408,749,1139,-3408.9729,870.057068,1138.7688
-3405,670,1129,-3405.97559,791.184998,1128.7804
-3089,428,2393,-3089.97461,446.750061,2392.77612
-3061,381,2287,-3061.97949,399.723755,2286.79858
-3074,520,2293,-3074.97632,538.750244,2292.78418
-3118,438,2498,-3118.97046,444.779449,2497.75879
-3089,428,2393,-3089.97021,434.786407,2392.75879
-3074,520,2293,-3074.97046,526.805115,2292.75879
-3204,472,2815,-3204.96558,487.260559,2814.74023
-3146,427,2604,-3146.96753,442.30954,2603.74805
-3118,438,2498,-3118.96582,453.334412,2497.74097
-3204,472,2815,-3204.97046,483.290192,2814.75879
-3118,438,2498,-3118.97046,449.271942,2497.75879
-3074,520,2293,-3074.97046,531.268311,2292.75879
-3464,779,423,-3464.94189,781.769531,423.335327
-3442,580,379,-3442.94214,582.77887,379.334961
-3514,666,231,-3514.93628,668.783447,231.351105
-3532,726,-333,-3532.9834,733.445862,-333.181183
-3499,709,-492,-3499.98022,716.448975,-492.197113
-3508,873,-517,-3508.98438,880.421997,-517.175598
-4264,879,-265,-4263.22461,940.056702,-265.631317
-4243,699,-235,-4242.22998,760.13208,-235.637909
-4166,726,-142,-4165.23584,787.175903,-142.64502
-3904,666,291,-3903.02515,673.526917,290.777161
-3881,589,430,-3880.02417,596.534058,429.781494
-3856,779,465,-3855.02612,786.557007,464.772949
-356,0,-756,-355.955841,19.9672394,-756.999023
46,290,-756,46.0423737,310.102509,-756.999084
-645,317,-785,-644.955872,336.907684,-785.999023
-329,150,183,-329.886078,151.68309,182.536469
-364,132,288,-364.886841,133.683945,287.537933
-364,88,378,-364.886444,89.6858063,377.53717
-329,150,143,-329.500488,158.654556,143.865738
-364,150,123,-364.502502,158.658951,123.864571
-364,235,136,-364.494751,243.664246,136.869034
-329,150,183,-329.999054,152.708542,182.956528
-329,150,143,-329.999054,152.708542,142.956528
-364,235,136,-364.999054,237.709,135.956528
-364,150,203,-364.507538,151.224213,202.138382
-329,150,183,-329.507599,151.224228,182.138412
-364,235,136,-364.507538,236.225098,135.138382
-399,150,183,-398.511536,151.100983,182.127426
-364,150,203,-363.511536,151.100983,202.127426
-364,235,136,-363.511536,236.101837,135.127426
-399,150,143,-398.000916,152.269394,142.95723
-399,150,183,-398.000916,152.269394,182.95723
-364,235,136,-363.000916,237.269775,135.95723
-364,150,123,-363.502472,158.227478,123.867447
-399,150,143,-398.505249,158.222855,143.869034
-364,235,136,-363.504486,243.2323,136.868591
-364,0,123,-364.502502,3.44504976,123.864571
-364,50,136,-364.500488,53.4461632,136.865738
-326,50,158,-326.500488,53.4469986,158.865738
-364,0,123,-364.517609,2.54150224,123.855606
-326,50,158,-326.525696,52.5459404,158.850662
-334,0,141,-334.525665,2.54194927,141.850677
-326,100,158,-326.999054,123.757187,157.956528
-329,150,143,-329.999054,173.769424,142.956528
-329,150,183,-329.999054,173.769424,182.956528
-326,100,158,-326.999054,118.977005,157.956528
-329,150,183,-329.999054,168.968155,182.956528
-326,88,378,-326.999054,107.004059,377.956543
-402,88,378,-401.000916,113.032532,377.957245
-399,150,183,-398.000916,175.019287,182.95723
-399,150,143,-398.000916,175.019287,142.95723
-402,88,378,-401.000916,106.567673,377.957245
-399,150,143,-398.000916,168.58934,142.95723
-402,100,158,-401.000916,118.58786,157.95723
-394,0,141,-393.497559,6.02303362,141.864609
-402,50,158,-401.497437,56.0246048,158.864532
-364,50,136,-363.498352,56.0266838,136.865067
-394,0,141,-393.487427,5.16912699,141.858643
-364,50,136,-363.492523,55.1731758,136.861664
-364,0,123,-363.485413,5.17165136,123.857437
-737,0,-1584,-737.115234,2.03423166,-1584.99329
-737,77,-1605,-737.115234,79.035965,-1605.99329
-831,115,-1605,-831.11554,117.039703,-1605.99329
-737,0,-1584,-737.18573,1.67233324,-1584.98254
-831,115,-1605,-831.174988,116.67173,-1605.9845
-898,86,-1584,-898.180725,87.6719131,-1584.98352
-831,115,-1605,-831.076355,117.05545,-1605.99707
-927,130,-1605,-927.075195,132.052521,-1605.99707
-898,86,-1584,-898.098572,88.0528183,-1584.99512
-898,86,-1626,-898.163086,90.0907745,-1625.01343
-831,115,-1605,-831.158447,119.091652,-1604.0127
-737,77,-1605,-737.151367,81.0899963,-1604.0116
-898,86,-1626,-898.151367,90.1265488,-1625.0116
-737,77,-1605,-737.144592,81.1369019,-1604.01062
-737,0,-1626,-737.144592,4.13948488,-1625.01062
-898,86,-1626,-898.075195,87.4693832,-1625.00293
-927,130,-1605,-927.098511,131.468826,-1604.00488
-831,115,-1605,-831.098083,116.471489,-1604.00488
-889,0,-1626,-888.000977,53.4748802,-1626.04297
-889,0,-1584,-888.000977,53.4748802,-1584.04297
-888,44,-1584,-887.000977,97.4466934,-1584.04297
-889,0,-1626,-888.000977,53.4748802,-1626.04297
-888,44,-1584,-887.000977,97.4466934,-1584.04297
-888,44,-1626,-887.000977,97.4466934,-1626.04297
-1265,86,-1584,-1264.85388,89.7047119,-1584.98926
-1332,115,-1605,-1331.84668,118.705231,-1605.98816
-1426,77,-1605,-1425.84668,80.7035828,-1605.98816
-1265,86,-1584,-1264.85388,89.2191086,-1584.98926
-1426,77,-1605,-1425.86035,80.2289886,-1605.99011
-1426,0,-1584,-1425.86719,3.23110294,-1584.99109
-1265,86,-1584,-1264.92285,87.4219589,-1584.99695
-1236,130,-1605,-1235.92285,131.421387,-1605.99695
-1332,115,-1605,-1331.92383,116.424065,-1605.99707
-1426,0,-1626,-1425.90039,4.68153191,-1625.005
-1426,77,-1605,-1425.90039,81.6832657,-1604.005
-1332,115,-1605,-1331.90039,119.686539,-1604.005
-1426,0,-1626,-1425.82947,3.29972863,-1625.01465
-1332,115,-1605,-1331.84082,118.298317,-1604.01282
-1265,86,-1626,-1264.84119,89.2985077,-1625.0127
-1332,115,-1605,-1331.92517,115.84063,-1604.00281
-1236,130,-1605,-1235.92285,130.837692,-1604.00305
-1265,86,-1626,-1264.92285,86.8382568,-1625.00305
-1275,44,-1626,-1275.99902,74.2205582,-1626.04297
-1275,44,-1584,-1275.99902,74.2205582,-1584.04297
-1274,0,-1584,-1274.99902,30.2487431,-1584.04297
-1275,44,-1626,-1275.99902,74.2205582,-1626.04297
-1274,0,-1584,-1274.99902,30.2487431,-1584.04297
-1274,0,-1626,-1274.99902,30.2487431,-1626.04297
-364,0,-616,-363.499695,6.79871225,-616.865845
-364,50,-628,-363.499695,56.7956886,-628.865845
-402,50,-650,-401.505554,56.7982368,-650.869202
-364,0,-616,-363.504486,6.39197302,-616.868591
-402,50,-650,-401.504486,56.3967819,-650.868591
-394,0,-633,-393.504608,6.39341259,-633.868652
-402,100,-650,-401.000885,112.248871,-650.041992
-399,150,-636,-398.000885,162.261108,-636.041992
-399,150,-676,-398.000885,162.261108,-676.041992
-402,100,-650,-401.00061,113.659706,-649.965088
-399,150,-676,-398.00061,163.648224,-675.965088
-402,88,-870,-401.000824,101.670547,-869.959473
-326,88,-870,-326.999054,116.252762,-870.042969
-329,150,-676,-329.999054,178.239517,-676.042969
-329,150,-636,-329.999054,178.239517,-636.042969
-326,88,-870,-326.999176,106.809082,-869.959473
-329,150,-636,-329.999084,168.836792,-635.957275
-326,100,-650,-326.999115,118.839828,-649.957947
-334,0,-633,-334.493683,6.18176174,-633.869629
-326,50,-650,-326.513611,56.1828575,-650.857971
-364,50,-628,-364.51358,56.1848984,-628.858032
-334,0,-633,-334.493439,6.15420961,-633.869751
-364,50,-628,-364.493591,56.1559677,-628.86969
-364,0,-616,-364.493469,6.15241766,-616.869751
-364,235,-628,-363.5047,246.067734,-628.868713
-399,150,-636,-398.504486,161.077606,-636.868591
-364,150,-616,-363.5047,161.077606,-616.868713
-364,235,-628,-363.000885,237.269852,-628.041992
-399,150,-676,-398.000885,152.269485,-676.041992
-399,150,-636,-398.000885,152.269485,-636.041992
-364,235,-628,-363.504486,236.069397,-627.131409
-364,150,-696,-363.504486,151.070343,-695.131409
-399,150,-676,-398.504486,151.070343,-675.131409
-364,235,-628,-364.494232,237.20488,-627.130676
-329,150,-676,-329.494659,152.20575,-675.13092
-364,150,-696,-364.493591,152.20575,-695.13031
-364,235,-628,-364.999054,237.709,-628.042969
-329,150,-636,-329.999054,152.708542,-636.042969
-329,150,-676,-329.999054,152.708542,-676.042969
-364,235,-628,-364.493439,241.968048,-628.869751
-364,150,-616,-364.498505,156.977905,-616.866882
-329,150,-636,-329.493622,156.977905,-636.869629
-399,150,-676,-398.118317,150.765762,-675.528198
-364,132,-780,-363.118286,132.765564,-779.528259
-364,88,-870,-363.118256,88.7652588,-869.52832
-1080,234,-1058,-1079.90039,243.870544,-1057.005
-1080,0,-1092,-1079.90039,9.88109779,-1091.005
-1443,0,-1055,-1442.90039,9.92119884,-1054.005
-1080,234,-1058,-1079.84668,240.046097,-1057.01184
-1443,0,-1055,-1442.84082,6.02233553,-1054.01282
-1292,263,-1016,-1291.84668,269.041809,-1015.01184
-1080,234,-1058,-1079.90137,234.833786,-1057.00488
-1292,263,-1016,-1291.90198,263.837769,-1015.00482
-1080,292,-1016,-1079.90076,292.831818,-1015.00494
-1443,0,-1055,-1442.95605,4.01198578,-1054.00098
-1505,162,-1024,-1504.95703,165.999924,-1023.00098
-1292,263,-1016,-1291.95593,267.011078,-1015.00098
-685,169,-1021,-685.53479,176.432312,-1020.15503
-656,0,-1016,-656.53595,7.43837738,-1015.15576
-717,0,-1055,-717.534424,7.43565893,-1054.15479
-868,263,-1016,-868.0755,269.875244,-1015.00287
-685,169,-1021,-685.075195,175.866852,-1020.00287
-717,0,-1055,-717.075623,6.8630805,-1054.00293
-717,0,-1055,-717.098267,8.13797665,-1054.00488
-1080,0,-1092,-1080.09814,8.0978756,-1091.00488
-1080,234,-1058,-1080.09814,242.087326,-1057.00488
-868,263,-1016,-868.157227,267.88028,-1015.01245
-717,0,-1055,-717.163086,4.86081028,-1054.01343
-1080,234,-1058,-1080.15796,238.884308,-1057.01257
-1080,292,-1016,-1080.0979,294.046906,-1015.00482
-868,263,-1016,-868.097656,265.052734,-1015.00482
-1080,234,-1058,-1080.0979,236.048767,-1057.00488
1727,87,-331,1727.99902,116.007095,-331.042267
1724,0,-324,1724.99902,28.9876022,-324.042267
1724,0,-157,1724.99902,28.9876022,-157.042267
1727,87,-331,1727.99902,114.561569,-331.042572
1724,0,-157,1724.99902,27.6224442,-157.042267
1727,84,-151,1727.99902,111.630157,-151.042267
