1068,1470,-17,1068.98328,1542.72998,-17.1819839
1065,1359,-23,1065.9823,1431.80884,-23.1870804
1192,1244,662,1192.9823,1317.47717,661.812744
-1834,920,194,-1834.9646,931.500244,193.736282
-2042,1203,836,-2042.9646,1214.40833,835.736328
-1933,797,598,-1933.9646,808.42981,597.736328
1192,1244,662,1192.55078,1299.85669,662.834595
1172,600,657,1172.55078,655.451477,657.834595
981,600,783,981.550903,655.565491,783.834534
-462,750,-566,-462.14505,758.087097,-566.98938
-324,837,-592,-324.144989,845.058838,-592.98938
-977,1240,-527,-977.144714,1248.03918,-527.989441
481,1271,-329,481.23468,1307.89246,-329.972046
468,600,-314,468.222168,636.968933,-314.975006
778,900,-250,778.22168,936.897949,-250.975098
468,600,-314,468.322601,603.777466,-314.946533
825,600,-188,825.330078,603.768616,-188.943939
778,900,-250,778.328674,903.791687,-250.944443
388,600,-599,388.963501,659.589294,-599.267578
468,600,-314,468.964539,659.50769,-314.263794
481,1271,-329,481.962708,1330.44897,-329.270538
-1050,720,-493,-1050.11719,742.111206,-493.993073
-462,750,-566,-462.13089,771.949707,-566.991394
-977,1240,-527,-977.115601,1262.19983,-527.993286
1172,600,657,1172.99902,602.612305,656.955872
1211,789,348,1211.99902,791.612671,347.955841
1168,600,285,1168.99902,602.622925,284.955841
1172,600,657,1172.995,646.69696,657.099426
1192,1244,662,1192.995,1290.91235,662.099548
1211,789,348,1211.99402,835.812622,348.108521
1772,822,3498,1772.09692,837.830566,3498.99512
1344,-320,3506,1344.08777,-304.357605,3506.99609
1306,904,3552,1306.0979,920.022278,3552.99512
-1151,1073,2803,-1151.63293,1080.70959,2803.77417
-1100,600,2806,-1100.64648,607.80542,2806.7627
-1572,600,2415,-1572.64465,607.916382,2415.7644
-1100,600,2806,-1100.58691,639.385437,2805.19043
-1320,-363,2987,-1320.57288,-324.37027,2986.18042
-1113,200,2826,-1113.57288,239.133194,2825.18042
-1100,600,2806,-1100.94592,607.97406,2806.32422
-1151,1073,2803,-1151.94885,1081.0199,2803.31543
-908,884,3444,-908.946045,892.022034,3444.32397
-1140,600,3221,-1140.46582,602.603088,3221.88477
-908,884,3444,-908.463806,886.605225,3444.88574
-846,600,3369,-846.466797,602.614624,3369.88428
-821,600,3726,-821.997986,606.231323,3726.06152
-846,600,3369,-846.997925,606.215393,3369.0625
-908,884,3444,-908.997986,890.216797,3444.06201
1306,904,3552,1306.78455,909.819641,3552.61987
833,-360,3736,833.788269,-354.213898,3736.61523
1005,819,3921,1005.78833,824.813354,3921.61499
1306,904,3552,1306.40271,967.708679,3552.91528
1344,-320,3506,1344.40271,-256.333557,3506.91528
833,-360,3736,833.402649,-296.798889,3736.91528
833,-360,3736,833.947021,-343.332794,3735.67896
932,-320,4010,932.946045,-303.310577,4009.67603
1005,819,3921,1005.94073,835.856506,3920.66089
-786,-40,3452,-786.205444,78.7397385,3452.97852
-1142,-40,3377,-1142.20593,79.1673965,3377.97852
-1145,326,3380,-1145.22266,445.34491,3380.97485
-786,-40,3452,-786.205811,54.602108,3452.97852
-1145,326,3380,-1145.22266,420.836212,3380.97485
-832,326,3447,-832.222656,420.817352,3447.97485
-1109,-40,3220,-1109.18652,31.9529152,3220.98242
-1350,-516,3169,-1350.20557,-444.067139,3169.97852
-1140,600,3221,-1140.18652,671.979492,3221.98242
-1109,-40,3220,-1109.24316,22.5358982,3220.96997
-1140,600,3221,-1140.24316,661.989563,3221.96997
-1112,326,3224,-1112.23926,388.22229,3224.97095
-786,-40,3452,-786.988037,-32.721138,3452.15332
-832,326,3447,-832.987244,333.250549,3447.15918
-821,600,3726,-821.988159,607.245178,3726.15308
1168,600,285,1168.99707,603.019775,284.923523
1211,789,348,1211.99609,792.006836,347.911713
1213,856,203,1213.99609,859.00946,202.911713
1213,856,203,1213.78882,857.565796,203.614624
1213,1137,358,1213.79126,1138.55115,358.611267
1542,1198,-35,1542.78857,1199.5813,-34.3850632
912,856,-212,911.572937,861.474304,-212.904221
1241,1198,-450,1240.57227,1203.46558,-450.9039
790,1131,-226,789.574036,1136.46326,-226.904739
825,600,-188,825.2146,603.410339,-188.9767
912,856,-212,912.212891,859.423828,-212.977066
778,900,-250,778.214539,903.437012,-250.976715
-821,600,3726,-821.997009,636.255615,3726.07593
-832,326,3447,-832.997131,362.220764,3447.07568
-846,600,3369,-846.997986,636.212402,3369.06177
-846,600,3369,-846.466797,621.11615,3369.88428
-1112,326,3224,-1112.46509,347.029938,3224.88501
-1140,600,3221,-1140.46875,621.122925,3221.8833
142,-440,3860,142.556168,-396.265137,3860.83105
735,-360,3461,735.554626,-315.88739,3461.83203
248,-516,3787,248.558929,-472.112335,3787.8291
735,-360,3461,735.557068,-259.684387,3461.83032
740,-600,3455,740.55426,-499.275726,3455.83228
248,-516,3787,248.551987,-415.907043,3787.83374
1381,-320,3200,1381.3772,-228.085632,3200.92603
1386,-600,3194,1386.36243,-507.947449,3194.93188
740,-600,3455,740.349854,-508.762238,3455.93677
1381,-320,3200,1381.36243,-259.650116,3200.93188
740,-600,3455,740.36731,-539.403015,3455.92993
735,-360,3461,735.355469,-299.442169,3461.93457
142,-440,3860,142.554977,-412.103363,3860.83179
248,-516,3787,248.561798,-488.031494,3787.82715
147,-505,3855,147.549759,-477.06369,3855.83521
-802,-600,3491,-802.466919,-580.614685,3491.88428
-807,-440,3497,-807.464844,-420.619568,3497.88525
-429,-440,3687,-429.45752,-420.527008,3687.88916
147,-505,3855,146.955826,-472.048279,3855.99902
-64,-505,3854,-64.0425262,-472.071075,3854.99902
-230,-440,3856,-230.042267,-407.115784,3856.99902
147,-505,3855,146.955826,-494.643158,3855.99902
-230,-440,3856,-230.042267,-429.684509,3856.99902
142,-440,3860,141.955719,-429.646698,3860.99878
-807,-440,3497,-807.970459,-405.866425,3496.75879
-802,-600,3491,-802.970459,-565.974121,3490.75879
-753,-600,3296,-753.970703,-565.899048,3295.75977
1870,-120,3323,1870.86084,-54.6279068,3323.50879
2195,471,2778,2195.85767,536.463867,2778.51367
1889,-160,3288,1889.86365,-94.6383972,3288.50391
1889,-160,3288,1889.88318,-143.465729,3288.46875
2195,471,2778,2195.88452,487.610291,2778.46631
2012,-416,2996,2012.88623,-399.39328,2996.46289
2012,-416,2996,2012.91504,-407.96524,2996.40332
2195,471,2778,2195.91064,479.044708,2778.41309
2035,-447,2938,2035.91064,-438.973358,2938.41309
1910,-436,3257,1909.8678,-416.029236,3257.99121
1386,-600,3194,1385.87537,-579.872192,3194.99219
1381,-320,3200,1380.87537,-299.817841,3200.99219
2195,471,2778,2195.86401,486.467041,2778.50342
2046,-516,2911,2046.85828,-500.46759,2911.51318
2035,-447,2938,2035.85498,-431.486084,2938.51855
849,200,2768,849.038086,280.727722,2767.00073
1419,-600,2788,1419.03809,-518.738159,2787.00073
2195,471,2778,2195.03662,551.402649,2777.00073
849,200,2768,848.955872,233.790176,2767.00098
757,-600,2788,756.955872,-566.136536,2787.00098
1419,-600,2788,1418.95593,-566.136536,2787.00098
1419,-600,2788,1419.20605,-591.583374,2787.02148
2046,-516,2911,2046.21387,-507.55954,2910.02319
2195,471,2778,2195.20581,479.509827,2777.02148
757,-600,2788,756.736328,-497.01947,2787.0354
242,200,2911,241.729248,302.882202,2910.03735
284,-600,2911,283.747253,-496.945587,2910.03247
765,471,2767,764.775391,491.986725,2766.02563
782,200,2783,781.776123,220.986832,2782.02539
849,200,2768,848.758789,220.969666,2767.02954
743,376,1697,743.999084,477.507172,1697.04211
741,251,1791,741.999207,352.489258,1791.03943
741,471,1975,741.999207,572.489746,1975.03967
452,200,2640,452.4935,213.866074,2639.13037
440,214,2632,440.470581,227.864105,2631.11768
427,200,2626,427.472351,213.869141,2625.11865
653,200,2461,652.339966,201.253403,2461.75122
604,200,2419,603.339966,201.254105,2419.75122
593,254,2453,592.339966,255.255264,2453.75122
653,200,2461,652.339966,201.367722,2461.75122
593,254,2453,592.340271,255.366547,2453.75146
643,254,2496,642.338867,255.36795,2496.75024
-1669,-585,2789,-1668.95593,-544.450073,2788.00098
-1289,-607,2794,-1288.95703,-566.627136,2793.00098
-1289,-516,2792,-1288.95703,-475.629944,2791.00098
-1669,-585,2789,-1668.96887,-560.141724,2788.00049
-1289,-516,2792,-1288.95703,-491.082275,2791.00098
-1669,-520,2786,-1668.96887,-495.158936,2785.00049
1419,-600,2788,1419.19531,-591.233154,2787.01929
2043,-615,2925,2043.19043,-606.209229,2924.01831
2046,-516,2911,2046.19043,-507.204987,2910.01831
-1289,-516,2792,-1288.51855,-479.434998,2791.12354
-1289,-607,2794,-1288.50977,-570.453003,2793.12842
-959,-628,2983,-958.496155,-591.469971,2982.13623
-446,-400,3193,-445.041016,-378.303833,3192.71655
-451,-632,3215,-450.040955,-610.247437,3214.7168
-435,-400,3231,-434.040955,-378.303833,3230.7168
-408,-400,3203,-408.26181,-376.570587,3203.96509
-424,-632,3187,-424.250732,-608.618225,3187.96802
-446,-400,3193,-446.26886,-376.570587,3193.96313
-435,-400,3231,-435.726349,-369.656036,3230.31274
-414,-632,3225,-414.711975,-601.674866,3224.29785
-408,-400,3203,-408.712708,-369.666382,3202.29858
-251,-400,3203,-250.274979,-377.397949,3202.31128
-246,-632,3225,-245.287979,-609.458923,3224.29785
-224,-400,3231,-223.289978,-377.407654,3230.2959
-214,-400,3193,-213.747253,-370.43396,3193.96753
-235,-632,3187,-234.751221,-602.441956,3187.96851
-251,-400,3203,-250.747192,-370.43396,3203.96729
-224,-400,3231,-224.963516,-385.557892,3230.73242
-208,-632,3215,-208.963501,-617.608032,3214.73242
-214,-400,3193,-214.966675,-385.555389,3192.74414
-446,-400,3705,-446.26181,-384.356201,3704.03491
-424,-620,3711,-424.250793,-604.335327,3710.03198
-408,-400,3695,-408.26181,-384.356201,3694.03491
-435,-400,3667,-434.041229,-382.106567,3667.28418
-451,-620,3683,-450.040955,-602.166382,3683.2832
-446,-400,3705,-445.041016,-382.104095,3705.28345
-408,-400,3695,-408.726074,-381.473938,3695.6875
-414,-620,3673,-414.726288,-601.499146,3673.68726
-435,-400,3667,-435.723389,-381.478851,3667.69019
-251,-400,3695,-250.751221,-386.697815,3694.03149
-235,-620,3711,-234.755249,-606.645752,3710.03052
-214,-400,3705,-213.755249,-386.702576,3704.03052
-224,-400,3667,-223.28894,-380.836304,3667.70312
-246,-620,3673,-245.288971,-600.834229,3673.70312
-251,-400,3695,-250.274872,-380.836304,3695.68848
-214,-400,3705,-214.965652,-379.962463,3705.25977
-208,-620,3683,-208.967667,-599.946289,3683.25195
-224,-400,3667,-224.964005,-379.964813,3667.26587
134,-400,3705,133.747253,-372.988617,3704.03247
156,-620,3711,155.736282,-592.972473,3710.0354
172,-400,3695,171.736282,-372.993347,3694.0354
144,-400,3667,144.96347,-385.049561,3667.26758
128,-620,3683,128.962967,-605.031067,3683.26953
134,-400,3705,134.963486,-385.047211,3705.26758
172,-400,3695,171.286301,-373.269653,3695.70044
166,-620,3673,165.288223,-593.246277,3673.70239
144,-400,3667,143.286301,-373.269653,3667.70044
-54,-460,3667,-53.2909393,-442.221405,3667.70508
-76,-620,3673,-75.2879715,-602.223206,3673.70215
-81,-460,3695,-80.2879715,-442.231476,3695.70215
-81,-460,3695,-80.7436905,-445.315094,3694.03345
-65,-620,3711,-64.7516861,-605.289368,3710.03149
-44,-460,3705,-43.7436905,-445.318573,3704.03345
-44,-460,3705,-44.9663239,-450.684418,3705.25732
-38,-620,3683,-38.9669533,-610.686401,3683.25488
-54,-460,3667,-54.9650116,-450.686981,3667.26221
2177,-516,3089,2177.3772,-508.899139,3088.07397
2350,-624,3178,2350.38892,-616.894897,3177.07886
2353,-516,3164,2353.37769,-508.902893,3163.07422
2046,-516,2911,2046.77344,-505.842865,2910.36621
2043,-615,2925,2043.77258,-604.837097,2924.36523
2180,-595,3090,2180.76782,-584.871521,3089.35938
-374,915,779,-373.779572,920.598145,778.024597
-512,852,763,-511.779572,857.596985,762.024597
-395,762,811,-394.780945,767.604309,810.024292
-512,852,763,-512.349609,853.144653,762.06311
-530,749,875,-530.349731,750.142212,874.063171
-395,762,811,-395.349457,763.141479,810.063049
-403,748,960,-402.000885,748.660645,959.957947
-306,851,901,-305.000885,851.65918,900.957947
-395,762,811,-394.000885,762.66217,810.957947
-306,851,901,-305.187592,855.843628,900.416931
-374,915,779,-373.187622,919.837097,778.41687
-395,762,811,-394.187561,766.843384,810.416992
-363,795,762,-363.9039,800.885559,762.427734
-374,915,779,-374.903961,920.882751,779.427612
-306,851,901,-306.903839,856.891541,901.427734
-363,795,762,-363.061401,801.119202,762.998108
-512,852,763,-512.044006,858.130981,763.999023
-374,915,779,-374.042267,921.115967,779.999084
-437,766,772,-436.585205,767.732056,772.909912
-363,795,762,-362.589111,796.732117,762.911682
-412,736,734,-411.589111,737.731567,734.911682
-343,766,834,-343.996948,768.994263,834.078003
-334,736,748,-334.996948,738.992554,748.077759
-363,795,762,-363.996948,797.993713,762.07782
-373,842,741,-372.828766,859.946777,741.985229
-282,791,722,-281.817902,808.937744,722.983276
-372,732,735,-371.828766,749.917236,735.985229
-282,791,722,-281.400726,792.766113,722.800537
-303,706,660,-302.403503,707.767822,660.802612
-372,732,735,-371.39975,733.765381,735.799805
-408,705,640,-408.845367,706.316711,640.53418
-452,789,690,-452.848511,790.314026,690.529175
-372,732,735,-372.845337,733.314697,735.53418
-452,789,690,-452.513855,804.195557,690.857849
-373,842,741,-373.521637,857.193359,741.853149
-372,732,735,-372.521729,747.190796,735.853088
-452,789,690,-451.367523,793.925232,689.225464
-412,736,734,-411.367554,740.924561,733.225403
-363,795,762,-362.367706,799.92157,761.225281
-363,795,762,-362.367554,801.544373,761.225403
-373,842,741,-372.367523,848.54187,740.225464
-452,789,690,-451.367523,795.535889,689.225464
-363,795,762,-363.461304,797.794067,761.112793
-282,791,722,-282.461334,793.791687,721.112793
-373,842,741,-373.462769,844.793579,740.113525
-341,716,839,-341.89679,716.67395,839.442383
-306,663,830,-306.89682,663.675659,830.442322
-343,682,783,-343.903839,682.676086,783.427734
-285,663,770,-285.434021,664.96936,769.099121
-307,716,741,-307.430206,717.968445,740.09729
-343,682,783,-343.430023,683.968323,782.097229
-144,480,656,-144.981705,481.543274,656.190369
-155,520,667,-155.981705,521.542847,667.190369
-143,520,726,-143.981689,521.540894,726.19043
-144,480,656,-144.981689,481.985107,656.19043
-143,520,726,-143.981705,521.981079,726.190369
-129,480,733,-129.981689,481.983337,733.19043
-144,480,656,-143.797638,612.1828,656.979309
-219,360,670,-218.804245,492.298401,670.980652
-219,480,671,-218.804245,612.190247,671.980652
-217,520,680,-216.802582,525.795288,680.980286
-155,520,667,-154.798523,525.794128,667.979492
-144,480,656,-143.797638,485.790955,656.979309
-217,520,680,-216.807648,522.222412,680.981323
-144,480,656,-143.797638,482.223114,656.979309
-219,480,671,-218.797638,482.223114,671.979309
-203,360,749,-203.200378,522.588501,748.020325
-129,480,733,-129.200394,642.525146,732.020325
-203,480,748,-203.200378,642.413208,747.020325
-129,480,733,-129.200378,485.151581,732.020325
-143,520,726,-143.200577,525.153198,725.020325
-205,520,739,-205.218872,525.152954,738.024292
-129,480,733,-129.201019,484.946594,732.020447
-205,520,739,-205.200378,524.944275,738.020325
-203,480,748,-203.20224,484.94278,747.020691
-275,494,600,-275.981842,497.111969,600.189697
-310,616,607,-310.98172,619.108643,607.190308
-246,616,921,-246.981689,619.116699,921.19043
-275,494,600,-275.981842,497.111969,600.189697
-246,616,921,-246.981689,619.116699,921.19043
-211,494,914,-211.98172,497.119995,914.190308
-485,494,970,-484.020081,498.275391,969.800659
-450,616,963,-449.021881,620.271851,962.791992
-514,616,649,-513.021301,620.279907,648.794739
-485,494,970,-484.020081,498.275391,969.800659
-514,616,649,-513.021301,620.279907,648.794739
-549,494,656,-548.021301,498.283203,655.794739
-265,551,648,-264.817688,553.867004,648.983215
-222,551,640,-221.817688,553.867981,640.983215
-228,480,611,-227.817886,482.868225,611.983276
-265,551,648,-264.798828,552.891113,648.979553
-228,480,611,-227.799118,481.888855,611.979614
-271,480,620,-270.797638,481.890472,620.979309
-231,480,816,-231.200851,481.775391,815.020386
-188,480,807,-188.200409,481.776489,806.020325
-194,551,778,-194.200531,552.774658,777.020325
-231,480,816,-231.200851,481.775391,815.020386
-194,551,778,-194.200531,552.774658,777.020325
-237,551,787,-237.200378,552.773376,786.020325
-245,782,-1103,-244.004913,786.222778,-1103.099
-221,591,-612,-220.004883,595.182495,-612.098694
-201,736,-608,-200.004883,740.182068,-608.098694
-469,591,-1059,-469.999054,632.080688,-1058.95654
-462,750,-566,-462.999115,791.046692,-565.957947
-457,591,-566,-457.999115,632.109802,-565.957947
-89,360,1161,-89.1514664,371.673126,1160.0116
-248,400,1181,-248.144989,411.662201,1180.01062
-246,200,1196,-246.151031,211.660202,1195.01147
-89,360,1161,-89.1514664,375.267059,1160.0116
-246,200,1196,-246.151031,215.295319,1195.01147
-87,140,1177,-87.1514664,155.302155,1176.0116
71,400,1154,70.9558182,406.95401,1153.00098
-89,360,1161,-89.0425262,366.933441,1160.00098
-87,140,1177,-87.0441742,146.973709,1176.00098
-453,771,-1058,-453.209442,807.661743,-1058.97778
-350,562,-1076,-350.209503,598.65094,-1076.97778
-232,591,-1101,-232.209442,627.743713,-1101.97778
-1241,720,1134,-1240.84741,721.597778,1134.98828
-1454,720,1167,-1453.84668,721.589417,1167.98816
-1463,792,1190,-1462.85388,793.586121,1190.98926
-1241,720,1134,-1240.84668,724.340576,1134.98816
-1463,792,1190,-1462.85388,796.345581,1190.98926
-1256,848,1174,-1255.84668,852.339722,1174.98816
-1463,792,1190,-1462.84668,794.648621,1190.98804
-1444,882,1213,-1443.84741,884.648132,1213.98828
-1281,898,1192,-1280.85388,900.654968,1192.98926
-1463,792,1190,-1462.84668,795.605042,1190.98816
-1281,898,1192,-1280.8606,901.607971,1192.99023
-1256,848,1174,-1255.84668,851.606995,1174.98816
-1177,720,1545,-1177.93127,724.302307,1544.63574
-1090,720,1321,-1090.93152,724.291504,1320.63635
-1201,837,1514,-1201.93176,841.305054,1513.63696
-1090,720,1321,-1090.98425,721.81311,1320.82324
-1156,823,1314,-1156.98438,824.814148,1313.82397
-1201,837,1514,-1201.98438,838.809448,1513.82397
-1090,720,1321,-1090.78442,722.300049,1321.62
-1241,720,1134,-1241.77686,722.305298,1134.62964
-1256,848,1174,-1256.78833,850.300537,1174.61511
-1090,720,1321,-1090.86365,722.011292,1321.50391
-1256,848,1174,-1256.85779,850.012756,1174.51367
-1156,823,1314,-1156.85205,825.013977,1314.52332
-1177,720,1545,-1177.15723,723.480164,1544.01245
-1201,837,1514,-1201.15723,840.479431,1513.01245
-1405,794,1559,-1405.16321,797.484375,1558.01343
-1201,837,1514,-1201.15723,841.252502,1513.01245
-1394,882,1531,-1394.15137,886.250488,1530.0116
-1405,794,1559,-1405.15881,798.247131,1558.0127
-1409,720,1583,-1409.1748,722.66626,1582.0155
-1177,720,1545,-1177.15881,722.669556,1544.0127
-1405,794,1559,-1405.1748,796.667297,1558.0155
-1405,794,1559,-1404.22571,797.30957,1558.36719
-1394,882,1531,-1393.22583,885.308594,1530.36707
-1505,900,1386,-1504.22571,903.304199,1385.36719
-1405,794,1559,-1404.22583,796.160339,1558.36707
-1505,900,1386,-1504.22571,902.171021,1385.36719
-1540,794,1391,-1539.22571,796.170044,1390.36719
-1540,794,1391,-1539.06799,797.776367,1391.36243
-1505,900,1386,-1504.06799,903.773315,1386.3623
-1444,882,1213,-1443.06836,885.776917,1213.36328
-1540,794,1391,-1539.07202,796.920837,1391.37256
-1444,882,1213,-1443.06799,884.91925,1213.3623
-1463,792,1190,-1462.06799,794.916504,1190.3623
531,520,734,531.914978,541.500793,733.596497
559,491,801,559.911377,512.494446,800.58844
587,500,864,587.911133,521.494934,863.587891
531,520,734,531.914734,541.968567,733.595947
587,500,864,587.914612,521.954956,863.595703
627,520,953,627.911133,541.955017,952.587891
661,691,907,661.974487,693.474792,906.775574
600,647,739,600.974548,649.477234,738.775879
531,520,734,531.97644,522.478394,733.784241
661,691,907,661.914917,695.13208,906.596375
531,520,734,531.914734,524.118958,733.595947
627,520,953,627.914917,524.126221,952.596375
600,647,739,600.863708,650.199829,739.503906
695,685,591,695.871521,688.191345,591.490234
673,520,540,673.863708,523.190369,540.503906
600,647,739,600.80896,648.388245,739.58783
673,520,540,673.806091,521.390259,540.591736
531,520,734,531.808899,521.384399,734.58783
895,600,588,894.084534,605.299377,588.402344
879,685,611,878.084839,690.301392,611.403076
953,685,780,952.082092,690.298889,780.39679
895,600,588,894.084534,604.836426,588.402344
953,685,780,952.084534,689.84314,780.402344
981,600,783,980.084656,604.845276,783.402588
683,600,565,682.900696,604.258179,565.995056
695,685,591,694.900696,689.254456,591.995056
879,685,611,878.891602,689.24939,611.99408
683,600,565,682.891907,603.734131,565.994141
879,685,611,878.891907,688.739441,611.994141
895,600,588,894.88385,603.733887,588.993225
627,520,953,627.098633,523.194153,952.004883
865,520,980,865.11615,523.19989,979.006775
841,700,925,841.106812,703.20343,924.005737
627,520,953,627.116577,524.917664,952.006836
841,700,925,841.115601,704.928406,924.006714
661,691,907,661.106506,695.925293,906.005737
-1148,720,140,-1148.57031,724.190308,139.178574
-1077,740,82,-1077.58105,744.187988,81.186142
-1158,900,81,-1158.5813,904.182434,80.1863174
-964,720,-15,-964.698242,722.874634,-15.715827
-1018,890,-34,-1018.70605,892.867737,-34.7081146
-1031,739,44,-1031.70801,741.87616,43.2938385
-1031,739,44,-1031.65356,742.875,43.2431297
-1018,890,-34,-1018.65338,893.877197,-34.7570076
-1158,900,81,-1158.65344,903.884888,80.2430267
-1031,739,44,-1031.6416,740.59259,43.2329636
-1158,900,81,-1158.6416,901.584045,80.2329636
-1077,740,82,-1077.64258,741.592285,81.2337799
-979,639,77,-979.76593,734.936707,77.6429214
-953,599,107,-953.765808,694.900757,107.643051
-1005,600,46,-1005.76581,695.949036,46.6430206
-979,639,77,-979.752747,722.803406,77.6583099
-1005,600,46,-1005.7522,683.786377,46.6589241
-1018,600,31,-1018.75208,683.782776,31.6590519
-1030,599,171,-1030.64258,599.615601,170.23378
-979,639,77,-979.642456,639.613159,76.2336807
-1055,639,141,-1055.64844,639.615356,140.238739
-1161,643,-109,-1160.23938,707.384766,-109.649193
-1033,639,44,-1032.23352,703.15387,43.3577347
-1031,739,44,-1030.23438,803.242432,43.3567162
-964,720,-15,-964.985107,724.962341,-14.8285265
-1006,720,-251,-1006.98346,724.950806,-250.818878
-1037,840,-225,-1037.98535,844.951965,-224.829468
-964,720,-15,-964.985229,722.345215,-14.8287611
-1037,840,-225,-1037.98328,842.353455,-224.817886
-1018,890,-34,-1018.98517,892.347168,-33.8286438
-1006,720,-251,-1006.34375,723.969727,-250.060944
-1232,720,-333,-1232.34424,723.957275,-332.061127
-1225,842,-292,-1225.34509,845.960327,-291.061432
-1006,720,-251,-1006.34375,722.471924,-250.060944
-1225,842,-292,-1225.34375,844.454468,-291.060944
-1037,840,-225,-1037.34387,842.464905,-224.060989
-1153,800,114,-1152.65527,803.317139,113.061302
-1158,900,81,-1157.65662,903.322205,80.0608063
-1328,900,20,-1327.65527,903.327698,19.0612984
-1153,800,114,-1152.65662,802.601929,113.060806
-1328,900,20,-1327.6554,902.617798,19.0612526
-1353,800,41,-1352.6554,802.614685,40.0612526
-1625,923,232,-1625.18262,925.306213,232.983139
-1834,920,194,-1834.18262,922.309814,194.98317
-1841,1100,247,-1841.18274,1102.30347,247.983154
-1625,923,232,-1625.177,927.696045,232.984207
-1841,1100,247,-1841.18262,1104.70032,247.983154
-1666,1102,278,-1666.18262,1106.69751,278.983093
-1542,803,457,-1542.94202,869.82489,457.335297
-1624,803,231,-1624.94324,869.97345,231.332031
-1625,923,232,-1625.94324,989.901245,232.332077
-1542,803,457,-1542.94202,855.942749,457.335388
-1625,923,232,-1625.94604,976.040222,232.324005
-1544,923,457,-1544.94214,975.884644,457.335083
-1624,803,231,-1624.57056,823.705627,230.178757
-1353,800,41,-1353.58118,820.696655,40.1862259
-1323,920,16,-1323.57715,940.690735,15.1833611
-1544,923,457,-1544.94275,927.507141,457.333496
-1625,923,232,-1625.94324,927.512573,232.332001
-1666,1102,278,-1666.94604,1106.51184,278.324005
-1544,923,457,-1544.93921,926.068298,457.343109
-1666,1102,278,-1666.94238,1105.06787,278.334534
-1605,1102,448,-1605.9397,1105.06995,448.341949
-1698,920,641,-1698.76318,921.880249,640.353821
-1544,923,457,-1544.76294,924.887512,456.353546
-1605,1102,448,-1605.76892,1103.87988,447.360657
-1698,920,641,-1698.76343,923.411865,640.354126
-1605,1102,448,-1605.7561,1105.4093,447.345551
-1721,1100,585,-1721.76318,1103.40869,584.353821
-1697,800,640,-1697.76453,861.191956,639.355408
-1542,803,457,-1542.76904,864.184631,456.360809
-1544,923,457,-1544.75623,984.0755,456.345703
-1935,917,599,-1934.82324,918.802063,598.015747
-1698,920,641,-1697.82324,921.811157,640.015747
-1721,1100,585,-1720.81274,1101.81775,584.0177
-1935,917,599,-1934.82324,918.854675,598.015747
-1721,1100,585,-1720.82495,1101.84363,584.015442
-1898,1097,554,-1897.82324,1098.84937,553.015747
443,204,1355,443.310822,225.731461,1354.04956
646,204,1421,646.3078,225.715912,1420.04858
639,400,1409,639.307617,421.753967,1408.04858
443,204,1355,443.292236,239.551178,1354.0437
639,400,1409,639.275391,435.487396,1408.0387
439,402,1349,439.282135,437.516235,1348.04065
-1148,720,140,-1148.97449,724.984985,139.775558
-1153,800,114,-1153.97546,804.99353,113.779846
-1180,800,230,-1180.97534,804.990784,229.77948
741,251,1791,741.99939,301.209717,1791.03479
742,297,1757,742.999329,347.267853,1757.03589
742,284,1718,742.999268,334.287506,1718.03699
742,297,1757,742.999573,381.390167,1757.0282
743,376,1697,743.999512,460.433075,1697.03003
742,284,1718,742.999512,368.423798,1718.02942
209,600,122,209.983765,681.401672,121.820549
270,494,435,270.980743,574.913147,434.804718
271,600,435,271.980743,680.989136,434.804718
-387,275,2515,-387.097656,283.440399,2514.00488
-393,200,2525,-393.106964,208.433609,2524.00586
-329,200,2519,-329.098389,208.431641,2518.00488
-387,275,2515,-387.097656,281.102264,2514.00488
-329,200,2519,-329.10672,206.095703,2518.00586
-336,275,2510,-336.107086,281.102264,2509.00586
-336,275,2510,-336.82074,328.895477,2510.57129
-366,200,2466,-366.811218,253.913513,2466.58472
-366,275,2468,-366.819946,328.87973,2468.57227
-366,275,2468,-365.091431,371.549103,2468.41772
-366,200,2466,-365.091095,296.628296,2466.41699
-393,200,2525,-392.091431,296.61731,2525.41772
-366,275,2468,-365.091095,351.170929,2468.41699
-393,200,2525,-392.091431,276.227234,2525.41772
-387,275,2515,-386.087555,351.216766,2515.40918
-342,500,2505,-341.047333,502.983429,2505.30396
-387,275,2515,-386.046936,277.988556,2515.30273
-351,488,2526,-350.047089,490.982941,2526.30322
-383,616,2561,-383.777069,623.168762,2560.37061
-324,494,2524,-324.776855,501.164734,2523.37036
-380,624,2555,-380.77655,631.16925,2554.37012
-324,494,2524,-324.803925,494.939331,2524.59473
-342,500,2505,-342.796051,500.940002,2505.60522
-380,624,2555,-380.803894,624.944275,2555.59473
-364,462,2454,-364.977661,466.618103,2454.20996
-365,444,2429,-365.978729,448.617035,2429.20508
-389,489,2366,-389.97995,493.615814,2366.19922
-383,462,2451,-382.841187,465.833221,2450.0127
-336,275,2510,-335.853821,278.825806,2509.01074
-364,462,2454,-363.853821,465.833221,2453.01074
-364,462,2454,-364.992859,468.737,2454.11914
-336,275,2510,-336.992859,281.734222,2510.11914
-365,444,2429,-365.992859,450.739166,2429.11914
-383,462,2451,-383.963531,464.238525,2450.73242
-368,384,2492,-368.963531,386.242188,2491.73242
-336,275,2510,-336.960693,277.247009,2509.72241
-342,500,2505,-341.011841,503.06192,2504.84668
-368,384,2492,-367.011841,387.060577,2491.84668
-387,275,2515,-386.012054,278.060089,2514.84521
-368,384,2492,-367.087128,394.555817,2492.4082
-366,275,2468,-365.087341,285.565826,2468.40869
-387,275,2515,-386.087128,285.557465,2515.4082
-1180,740,2338,-1179.42603,766.73175,2338.81885
-1178,600,2330,-1177.42883,626.691833,2330.8208
-1231,600,2367,-1230.42578,626.660217,2367.8186
-1180,740,2338,-1179.42883,761.796021,2338.8208
-1231,600,2367,-1230.42639,621.743286,2367.81909
-1223,740,2368,-1222.42578,761.783386,2368.8186
-1223,740,2368,-1222.5957,823.748718,2367.08545
-1231,600,2367,-1230.58521,683.696472,2366.09009
-1172,600,2394,-1171.58691,683.682312,2393.08936
-1223,740,2368,-1222.58789,796.220581,2367.08887
-1172,600,2394,-1171.5957,656.131592,2393.08545
-1176,740,2389,-1175.59619,796.208923,2388.08521
-1176,740,2389,-1176.99512,774.921631,2389.09863
-1172,600,2394,-1172.99597,634.984253,2394.08862
-1178,600,2330,-1178.99512,634.950195,2330.09863
-1176,740,2389,-1176.99695,801.137085,2389.07715
-1178,600,2330,-1178.99707,661.108704,2330.07495
-1180,740,2338,-1180.99707,801.110962,2338.07617
-1243,892,2297,-1242.80334,893.50531,2296.01953
-1223,740,2368,-1222.79395,741.510559,2367.02148
-1209,892,2304,-1208.80835,893.50531,2303.01855
-1209,892,2304,-1209.99902,899.314026,2303.95605
-1180,740,2338,-1180.99902,747.320618,2337.95605
-1209,892,2274,-1209.99902,899.314026,2273.95605
-1214,982,2355,-1213.44751,983.332764,2355.8335
-1209,892,2274,-1208.44531,893.330444,2274.83203
-1243,892,2297,-1242.44788,893.330139,2297.83374
-1214,982,2355,-1213.47656,982.680298,2355.85205
-1243,892,2297,-1242.47192,892.679871,2297.84912
-1222,982,2360,-1221.47168,982.680298,2360.84888
-1213,982,2365,-1213.99902,1009.20905,2364.95605
-1209,892,2304,-1209.99902,919.215942,2303.95605
-1209,892,2274,-1209.99902,919.215942,2273.95605
-1213,982,2365,-1213.99597,986.637085,2365.08887
-1209,892,2274,-1209.995,896.637695,2274.09937
-1214,982,2355,-1214.99512,986.637939,2355.09863
-1164,918,2427,-1163.75977,921.3302,2427.9707
-1223,740,2368,-1222.75586,743.335449,2368.96973
-1168,918,2428,-1167.75879,921.329895,2428.97046
-1168,918,2428,-1167.21033,948.522217,2427.38647
-1223,740,2368,-1222.21399,770.499207,2367.38184
-1158,907,2442,-1157.21021,937.528198,2441.38672
-1158,907,2442,-1158.93616,942.573364,2442.35156
-1176,740,2389,-1176.93127,775.732117,2389.36426
-1164,918,2427,-1164.93127,953.579346,2427.36426
-1164,918,2427,-1163.42603,920.203186,2427.81885
-1187,777,2363,-1186.41919,779.208679,2363.81396
-1223,740,2368,-1222.41235,742.209229,2368.80908
-1176,740,2389,-1176.93127,789.067444,2389.36426
-1187,777,2363,-1187.93127,826.053223,2363.36426
-1164,918,2427,-1164.93127,966.976013,2427.36426
-1209,892,2304,-1209.99927,896.51178,2304.03491
-1187,777,2363,-1187.99976,781.501587,2362.98071
-1180,740,2338,-1180.99988,744.500122,2337.99902
-1187,777,2363,-1187.99609,779.397278,2363.08765
-1176,740,2389,-1176.99609,742.397583,2389.08765
-1180,740,2338,-1180.99609,742.39447,2338.08789
-1223,740,2368,-1222.70312,743.191284,2367.04517
-1187,777,2363,-1186.68762,780.192932,2362.05005
-1209,892,2304,-1208.69043,895.197205,2303.04932
-1648,936,1166,-1647.00781,937.193787,1166.12402
-1589,1005,1176,-1588.00769,1006.1922,1176.12378
-1587,1005,1159,-1586.00879,1006.19202,1159.13184
-1648,936,1166,-1647.00281,937.105591,1166.07422
-1587,1005,1159,-1586.00281,1006.10535,1159.07483
-1646,937,1149,-1645.00281,938.105408,1149.07397
-1638,915,1131,-1637.61023,930.924683,1131.9209
-1634,800,1125,-1633.61023,815.950317,1125.9209
-1693,800,1150,-1692.60938,815.964478,1150.92053
-1638,915,1131,-1637.62195,946.37439,1131.92578
-1693,800,1150,-1692.61084,831.360474,1150.92114
-1676,915,1147,-1675.62109,946.381714,1147.92542
-1676,915,1147,-1675.38477,923.688416,1146.21167
-1693,800,1150,-1692.38574,808.673279,1149.21094
-1642,800,1189,-1641.38647,808.677734,1188.21033
-1676,915,1147,-1675.255,974.527466,1146.33301
-1642,800,1189,-1641.26477,859.46936,1188.32227
-1645,915,1182,-1644.25586,974.539185,1181.33203
-1645,915,1182,-1645.99316,953.578186,1181.8833
-1642,800,1189,-1642.99304,838.578979,1188.88281
-1634,800,1125,-1634.99304,838.578979,1124.88281
-1645,915,1182,-1645.99109,966.06427,1181.86719
-1634,800,1125,-1634.99133,851.032043,1124.86865
-1638,915,1131,-1638.99109,966.068726,1130.86719
-1707,1079,1083,-1706.69043,1081.36902,1082.04919
-1676,915,1147,-1675.69043,917.371948,1146.04919
-1685,1089,1087,-1684.69043,1091.36926,1086.04919
-1685,1089,1087,-1685.99902,1093.15833,1086.95593
-1638,915,1131,-1638.9989,919.15918,1130.95508
-1680,1073,1072,-1680.99902,1077.15796,1071.95593
-1620,1118,1224,-1619.90039,1120.58606,1224.995
-1676,915,1147,-1675.90137,917.585388,1147.99512
-1629,1118,1225,-1628.90039,1120.58606,1225.995
-1620,1118,1224,-1619.59583,1120.21289,1224.91467
-1650,952,1154,-1649.59583,954.208008,1154.91467
-1676,915,1147,-1675.59583,917.206787,1147.91467
-1685,1089,1087,-1685.99902,1092.0437,1086.95593
-1650,952,1154,-1650.99805,955.03894,1153.93762
-1638,915,1131,-1638.99805,918.039612,1130.93762
-1650,952,1154,-1650.99109,954.572205,1153.86719
-1645,915,1182,-1645.99109,917.571472,1181.86719
-1638,915,1131,-1638.99121,917.573608,1130.8678
-1676,915,1147,-1675.42969,918.194153,1146.17859
-1650,952,1154,-1649.43005,955.193726,1153.17834
-1685,1089,1087,-1684.42871,1092.19788,1086.17932
622,717,225,621.390747,734.913513,225.792969
631,600,224,630.390686,617.894897,224.792923
579,600,184,578.390625,617.894897,184.792877
622,717,225,621.382874,737.897583,225.78685
579,600,184,578.382996,620.877686,184.786957
581,717,193,580.382935,737.897278,193.786911
581,717,193,581.991089,764.435181,193.132935
579,600,184,579.991089,647.41571,184.132965
571,600,248,571.99115,647.424927,248.132492
581,717,193,581.991089,757.768066,193.132843
571,600,248,571.990112,640.803955,248.139908
574,717,244,574.989136,757.782776,244.146759
574,717,244,573.632812,782.585999,243.069855
571,600,248,570.632812,665.600586,247.069855
631,600,224,630.632812,665.633545,223.069855
574,717,244,573.63324,784.122986,243.069687
631,600,224,630.632812,667.137024,223.069855
622,717,225,621.632812,784.155945,224.069855
638,814,157,638.989136,815.724182,157.14682
581,717,193,581.989136,718.721802,193.146652
644,834,188,644.989075,835.725586,188.14682
644,834,188,643.590027,840.18866,187.087906
622,717,225,621.589844,723.190186,224.087997
669,807,183,668.590088,813.191284,182.087875
665,882,179,664.415283,901.455078,179.811234
638,814,157,637.415588,833.452454,157.811447
644,882,164,643.41687,901.441467,164.812378
644,882,164,644.989319,890.881348,164.145767
638,814,157,638.989136,822.880981,157.146851
640,882,192,640.98938,890.880127,192.14534
640,882,192,639.524414,900.174988,191.120331
669,807,183,668.524536,825.19043,182.12027
665,882,179,664.525574,900.180115,178.119705
619,985,205,618.415039,986.436157,205.81105
665,882,179,664.415283,883.436157,179.811234
644,882,164,643.415283,883.436157,164.811234
644,882,164,644.648621,889.987122,164.761108
614,978,208,614.654297,985.988525,208.75621
619,985,205,619.648438,992.988953,205.761261
614,978,208,613.492188,1084.18542,207.138535
665,882,179,664.493774,988.147644,178.137604
619,985,205,618.492188,1091.18896,204.138535
546,918,273,545.199463,920.580322,273.599274
581,717,193,580.199646,719.582397,193.599518
537,918,261,536.199463,920.57959,261.599274
546,918,273,545.350769,921.333496,273.76059
596,754,226,595.350464,757.331848,226.76033
581,717,193,580.345215,720.332031,193.755814
644,834,188,643.632812,839.074829,187.069855
596,754,226,595.634644,759.072205,225.069138
622,717,225,621.632812,722.07428,224.069855
596,754,226,595.632812,759.605591,225.069855
574,717,244,573.633057,722.607239,243.069763
622,717,225,621.632812,722.607117,224.069855
581,717,193,581.989075,718.057983,193.147064
596,754,226,596.989197,755.059448,226.146561
644,834,188,644.989319,835.059265,188.145752
-353,730,-2010,-353.561584,733.210388,-2010.82739
-318,581,-1998,-318.567963,584.203003,-1998.823
-315,752,-2041,-315.560944,755.210327,-2041.82776
-315,752,-2041,-315.835266,760.639771,-2041.5498
-318,581,-1998,-318.840302,589.632507,-1998.54199
-279,561,-2053,-279.83847,569.631165,-2053.54492
-279,561,-2053,-279.996948,563.599548,-2052.92212
-316,743,-2076,-316.996979,745.584717,-2075.92236
-315,752,-2041,-315.996948,754.585999,-2040.922
-279,561,-2053,-279.680817,581.549561,-2052.26758
-335,581,-2104,-335.682892,601.551575,-2103.26953
-316,743,-2076,-316.680847,763.602051,-2075.26758
-316,743,-2076,-316.107605,749.51001,-2075.00586
-335,581,-2104,-335.098541,587.502991,-2103.00488
-364,730,-2083,-364.107391,736.509827,-2082.00586
-335,581,-2104,-334.54007,615.960815,-2103.11206
-392,595,-2074,-391.539581,629.953552,-2073.1123
-364,730,-2083,-363.540985,765.017456,-2082.11157
-364,730,-2083,-363.027863,737.061035,-2082.76562
-392,595,-2074,-391.027863,602.071838,-2073.76562
-372,730,-2050,-371.028809,737.062012,-2049.76172
-372,730,-2050,-371.011993,737.200623,-2050.1543
-392,595,-2074,-391.011871,602.211731,-2074.15356
-382,595,-2009,-381.011841,602.21814,-2009.15332
-318,581,-1998,-317.852997,607.861572,-1998.98914
-353,730,-2010,-352.852997,756.868713,-2010.98914
-382,595,-2009,-381.852997,621.846497,-2009.98914
-382,595,-2009,-381.09668,600.174255,-2009.42896
-353,730,-2010,-352.096222,735.173462,-2010.42798
-372,730,-2050,-371.10318,735.172546,-2050.44238
-169,710,-2242,-169.322372,718.197388,-2242.94653
-140,561,-2228,-140.322372,569.190613,-2228.94653
-132,747,-2260,-132.316299,755.200989,-2260.94849
-132,747,-2260,-132.930115,767.603088,-2260.36719
-140,561,-2228,-140.93013,581.530151,-2228.36719
-104,581,-2318,-104.931625,601.495178,-2318.36328
-104,581,-2318,-104.988174,587.428101,-2317.84668
-139,747,-2305,-139.986771,753.423279,-2304.83789
-132,747,-2260,-132.986893,753.419983,-2259.83862
-104,581,-2318,-104.333611,584.84906,-2317.05737
-159,598,-2335,-159.342499,601.855347,-2334.06055
-139,747,-2305,-139.333313,750.864441,-2304.05737
-139,747,-2305,-139.195343,752.96521,-2304.01929
-159,598,-2335,-159.185272,603.96582,-2334.01733
-184,727,-2317,-184.201126,732.961548,-2316.02051
-214,598,-2307,-213.546783,616.671875,-2306.10864
-184,727,-2317,-183.540985,745.647034,-2316.11157
-159,598,-2335,-158.538727,616.678589,-2334.11279
-184,727,-2317,-183.10318,733.478088,-2316.55762
-214,598,-2307,-213.104141,604.470825,-2306.55566
-204,727,-2276,-203.105118,733.479492,-2275.55371
-204,727,-2276,-203.000885,741.973877,-2275.95801
-214,598,-2307,-213.000885,612.982361,-2306.95801
-218,581,-2244,-217.000885,595.981812,-2243.95801
-140,561,-2228,-139.818542,574.752686,-2228.9834
-169,710,-2242,-168.828766,723.728455,-2242.98511
-218,581,-2244,-217.818542,594.738953,-2244.9834
-218,581,-2244,-217.36763,585.6026,-2244.77466
-169,710,-2242,-168.36792,714.595154,-2242.7749
-204,727,-2276,-203.36763,731.593262,-2276.77466
146,762,-2245,145.415344,773.059082,-2245.81128
175,591,-2238,174.415344,602.057678,-2238.81128
184,751,-2270,183.419785,762.061279,-2270.81445
184,751,-2270,183.177567,768.788513,-2270.56885
175,591,-2238,174.177063,608.788147,-2238.56812
208,619,-2288,207.176895,636.787292,-2288.56787
101,605,-2313,101.402428,640.775879,-2312.08472
131,751,-2322,131.388977,786.746277,-2321.07886
159,627,-2338,159.389023,662.782043,-2337.07886
131,751,-2322,131.931366,759.822876,-2321.63599
101,605,-2313,101.933533,613.822266,-2312.6416
111,733,-2278,111.933556,741.821228,-2277.6416
111,733,-2278,111.989815,751.502197,-2278.14233
101,605,-2313,101.989777,623.509216,-2313.14258
109,581,-2248,109.990059,599.482422,-2248.14062
175,591,-2238,175.145508,637.90155,-2238.98926
146,762,-2245,146.131729,808.973206,-2245.99121
109,581,-2248,109.139076,627.955872,-2248.99023
109,581,-2248,109.744377,585.745728,-2248.66772
146,762,-2245,146.742599,766.749329,-2245.66968
111,733,-2278,111.744156,737.750671,-2278.66797
42,743,-1801,41.5369911,748.194946,-1801.88635
74,593,-1791,73.5379257,598.18811,-1791.88684
83,743,-1822,82.5372238,748.194153,-1822.88647
83,743,-1822,82.0999527,762.507385,-1822.43579
74,593,-1791,73.0984879,612.536499,-1791.43274
112,581,-1865,111.098892,600.549133,-1865.43359
112,581,-1865,111.011826,586.472351,-1864.84668
76,743,-1867,75.0118256,748.46521,-1866.84668
83,743,-1822,82.0118256,748.463196,-1821.84668
112,581,-1865,111.410797,591.197205,-1864.19202
54,557,-1910,53.414772,567.195862,-1909.18921
76,743,-1867,75.4107971,753.217529,-1866.19202
76,743,-1867,75.8465729,749.415283,-1866.01184
54,557,-1910,53.840538,563.414429,-1909.01282
31,743,-1874,30.8345413,749.416504,-1873.01379
54,557,-1910,54.6231079,576.075073,-1909.2179
0,561,-1867,0.622152805,580.073303,-1866.21716
31,743,-1874,31.6231079,762.096191,-1873.2179
31,743,-1874,31.8764591,749.127197,-1873.51855
0,561,-1867,0.876742244,567.135071,-1866.51904
10,743,-1834,10.8812361,749.123962,-1833.52734
10,743,-1834,10.9998016,763.399902,-1833.9801
0,561,-1867,0.999976218,581.417053,-1866.99316
0,581,-1798,0.999972403,601.422241,-1797.99316
74,593,-1791,74.0971985,616.054993,-1791.99524
42,743,-1801,42.0973969,766.076416,-1801.99524
0,581,-1798,0.107893027,604.044434,-1798.99414
0,581,-1798,0.711260855,587.016479,-1798.70288
42,743,-1801,42.7072945,749.007751,-1801.70691
10,743,-1834,10.7172842,749.009033,-1834.69678
-101,1099,-2092,-100.406967,1114.95862,-2092.80518
-91,916,-2077,-90.3948975,932.004883,-2077.79614
-46,1101,-2051,-45.4030075,1116.93262,-2051.80225
8,1082,-2085,7.44054031,1094.41199,-2085.82886
-46,1101,-2051,-46.5495224,1113.41541,-2051.83545
-16,916,-2059,-16.5524521,928.380798,-2059.8335
-60,1085,-2150,-59.0460014,1114.47241,-2149.7002
-75,916,-2128,-74.045929,945.51825,-2127.70044
-91,916,-2077,-90.0457001,945.507568,-2076.70117
-2031,-614,2675,-2030.68469,-597.253967,2674.05103
-1669,-585,2789,-1668.7002,-568.160461,2788.04614
-1669,-520,2786,-1668.69067,-503.179077,2785.04907
-2408,-405,2651,-2407.00073,-296.893768,2651.03174
-2400,369,2604,-2399.00073,477.628052,2604.03296
-2398,366,2396,-2397.00098,474.367981,2396.03931
-2460,376,2979,-2459.09546,436.064606,2979.42627
-2452,-400,2928,-2451.0957,-339.78833,2928.42676
-2564,-505,3160,-2563.09473,-444.856567,3160.42456
-2400,-505,2406,-2399.44458,-418.094879,2405.16846
-2398,366,2396,-2397.44727,452.926697,2395.16675
-2616,364,2247,-2615.44727,450.841766,2246.16675
-2400,-505,2406,-2399.44531,-465.045563,2405.16797
-2616,364,2247,-2615.44751,404.849976,2246.1665
-2618,-505,2258,-2617.44727,-465.274109,2257.16675
-2937,-60,2557,-2937.59033,-55.0493279,2556.19287
-2616,364,2247,-2616.58984,368.980072,2246.19263
-2827,367,2400,-2827.59033,371.96579,2399.19287
-2993,-54,2879,-2993.83154,-34.4975281,2879.55542
-2974,377,2948,-2974.84424,396.58075,2948.53589
-2790,381,3218,-2790.83447,400.614685,3218.55078
-3060,-505,2335,-3060.17603,-417.078186,2334.01562
-2618,-505,2258,-2618.18628,-416.977173,2257.01758
-2616,364,2247,-2616.17603,451.23877,2246.01562
2450,-160,5063,2450.91504,-157.276184,5062.59668
2432,-134,5002,2432.91504,-131.274704,5001.59668
2425,-160,5006,2425.91089,-157.274948,5005.5874
2482,-130,4980,2482.39355,-116.222862,4980.91895
2509,-87,4973,2509.40332,-73.2215652,4973.91504
2584,-128,4935,2584.39746,-114.230476,4935.91748
2510,-128,5037,2510.90527,-126.280014,5036.5752
2509,-87,4973,2509.90283,-85.2788239,4972.57031
2482,-130,4980,2482.90479,-128.278931,4979.57422
2510,-128,5037,2510.8833,-126.06488,5036.53125
2534,-90,5026,2534.8833,-88.0649719,5025.53125
2509,-87,4973,2509.8833,-85.064743,4972.53125
2215,-40,4820,2214.93774,-25.3911667,4820.99805
1738,-40,4798,1737.93762,-25.4497719,4798.99805
2099,40,4820,2098.95605,54.5990677,4820.99902
2232,811,4468,2231.17798,840.168457,4467.43066
2229,-160,4512,2228.17798,-130.284653,4511.43066
2391,-160,4286,2390.18042,-130.121185,4285.42725
2232,811,4468,2231.02148,815.86615,4468.20605
2391,-160,4286,2390.01831,-155.142426,4286.19043
2079,822,3750,2078.02026,826.898987,3750.2002
2640,-160,5161,2640.24023,-101.704216,5161.9707
2845,-396,5102,2845.2627,-337.697021,5102.96484
2684,-436,5146,2684.27148,-377.35434,5146.9624
2502,252,3181,2502.63916,275.469513,3180.23096
3171,-640,3780,3171.64526,-617.048889,3779.23608
3174,-160,3763,3174.64502,-136.839783,3762.23584
2502,252,3181,2502.59082,260.556976,3180.19336
2353,-516,3164,2353.59082,-507.434723,3163.19336
3171,-640,3780,3171.59058,-631.446106,3779.19312
2353,-516,3164,2353.59082,-506.571655,3163.19336
2350,-624,3178,2350.58667,-614.575439,3177.19019
3171,-640,3780,3171.58008,-630.587158,3779.18555
2216,-436,3510,2215.07397,-402.25,3509.62256
2247,-396,3435,2246.07397,-362.251221,3434.62256
2214,-280,3507,2213.07422,-246.286331,3506.62207
2247,-396,3435,2246.06348,-363.072968,3434.64941
2320,-416,3248,2319.05933,-383.049194,3247.66089
2214,-280,3507,2213.06323,-247.082321,3506.65015
2320,-416,3248,2319.06226,-384.526794,3247.65283
2196,-160,3540,2195.06836,-128.552551,3539.63672
2214,-280,3507,2213.06494,-248.536926,3506.64551
2502,252,3181,2501.11157,259.318115,3180.54102
2290,711,3390,2289.10474,718.300232,3389.55469
2079,822,3750,2078.10962,829.296082,3749.54492
2627,-516,5471,2626.93774,-494.939484,5471.99805
2664,-436,5477,2663.95605,-414.941925,5477.99902
2823,-396,5486,2822.95605,-374.951996,5486.99902
2627,-516,5471,2626.92358,-472.003906,5471.99707
2823,-396,5486,2822.91187,-351.989258,5486.99609
2903,-431,5491,2902.91187,-386.917267,5491.99609
2627,-516,5471,2626.92358,-495.916779,5471.99707
2903,-431,5491,2902.93774,-410.910278,5491.99805
2943,-516,5489,2942.92358,-495.887604,5489.99707
