240,198,-31,240.99913,203.34343,-31.0415268
240,198,143,240.9991,203.343185,142.957581
256,322,-28,256.999115,327.351807,-28.0415268
240,198,-31,240.99913,203.34343,-31.0415268
256,322,-28,256.999115,327.351807,-28.0415268
240,198,-200,240.9991,203.343185,-200.042267
-119,149,-183,-119.043526,155.154541,-183.999039
-152,149,-183,-152.043274,155.154617,-183.999054
-152,114,-176,-152.043274,120.153503,-176.999054
-152,114,-176,-152.043274,120.153503,-176.999054
-152,149,-183,-152.043274,155.154617,-183.999054
-185,149,-183,-185.043274,155.154617,-183.999054
-229,114,25,-229.999039,136.80191,24.9561653
-230,149,25,-230.999039,171.795502,24.9561653
-230,149,58,-230.999039,171.795502,57.9561653
-230,149,-9,-230.999039,171.795502,-9.04361343
-230,149,25,-230.999039,171.795502,24.9561653
-229,114,25,-229.999039,136.80191,24.9561653
-236,0,-68,-236.013062,20.3392601,-67.0000916
-234,37,-66,-234.013062,57.3307838,-65.0000916
-230,37,-66,-230.013062,57.3307838,-65.0000916
-236,0,-68,-236.013062,20.3392601,-67.0000916
-230,37,-66,-230.013062,57.3307838,-65.0000916
-228,0,-68,-228.013062,20.3392601,-67.0000916
-236,0,-60,-235.00087,24.8833561,-60.0415268
-234,37,-62,-233.00087,61.8748779,-62.0415268
-234,37,-66,-233.00087,61.8748779,-66.0415268
-236,0,-60,-235.00087,24.8833561,-60.0415268
-234,37,-66,-233.00087,61.8748779,-66.0415268
-236,0,-68,-235.00087,24.8833561,-68.0415268
-242,49,-70,-241.00087,50.2180061,-70.0415268
-235,62,-85,-234.00087,63.2177048,-85.0415268
-235,62,-89,-234.00087,63.2177048,-89.0415268
-242,49,-70,-241.00087,50.2180061,-70.0415268
-235,62,-89,-234.00087,63.2177048,-89.0415268
-242,49,-74,-241.00087,50.2180061,-74.0415268
-229,0,-60,-229.043274,16.8503208,-60.9990616
-230,37,-62,-230.043274,53.8418427,-62.9990616
-234,37,-62,-234.043274,53.8418427,-62.9990616
-229,0,-60,-229.043274,16.8503208,-60.9990616
-234,37,-62,-234.043274,53.8418427,-62.9990616
-236,0,-60,-236.043274,16.8503208,-60.9990616
-230,37,-62,-230.043274,38.6129761,-62.9990616
-238,49,-70,-238.043274,50.6129761,-70.9990616
-242,49,-70,-242.043274,50.6129761,-70.9990616
-230,37,-62,-230.043274,38.6129761,-62.9990616
-242,49,-70,-242.043274,50.6129761,-70.9990616
-234,37,-62,-234.043274,38.6129761,-62.9990616
-231,62,-85,-231.043274,64.6679764,-85.9990616
-233,74,-91,-233.043274,76.6679688,-91.9990616
-237,74,-91,-237.043274,76.6679688,-91.9990616
-231,62,-85,-231.043274,64.6679764,-85.9990616
-237,74,-91,-237.043274,76.6679688,-91.9990616
-235,62,-85,-235.043274,64.6679764,-85.9990616
-228,0,-68,-228.999039,12.2913151,-68.0435257
-230,37,-66,-230.999039,49.2828369,-66.0435257
-230,37,-62,-230.999039,49.2828369,-62.0435257
-228,0,-68,-228.992828,16.2180843,-68.1194763
-230,37,-62,-230.992844,53.2128601,-62.1194153
-229,0,-60,-229.992828,16.2180843,-60.1194725
-230,37,-66,-230.999039,38.2262764,-66.0435257
-238,49,-74,-238.999039,50.2262688,-74.0435257
-238,49,-70,-238.999039,50.2262688,-70.0435257
-230,37,-66,-230.999039,38.2262764,-66.0435257
-238,49,-70,-238.999039,50.2262688,-70.0435257
-230,37,-62,-230.999039,38.2262764,-62.0435257
-231,62,-89,-231.999039,65.9430389,-89.0435257
-233,74,-95,-233.999039,77.9425812,-95.0435257
-233,74,-91,-233.999039,77.9425812,-91.0435257
-231,62,-89,-231.999039,65.9430389,-89.0435257
-233,74,-91,-233.999039,77.9425812,-91.0435257
-231,62,-85,-231.999039,65.9430389,-85.0435257
-191,0,-172,-191.042267,6.89876986,-171.0009
-191,37,-169,-191.042267,43.9002838,-168.0009
-187,37,-169,-187.042267,43.9002838,-168.0009
-191,0,-172,-191.042267,6.89876986,-171.0009
-187,37,-169,-187.042267,43.9002838,-168.0009
-184,0,-172,-184.042267,6.89876986,-171.0009
-184,0,-172,-184.999054,17.2613697,-172.043274
-187,37,-169,-187.999054,54.2628822,-169.043274
-187,37,-165,-187.999054,54.2628822,-165.043274
-184,0,-172,-184.999054,17.2613697,-172.043274
-187,37,-165,-187.999054,54.2628822,-165.043274
-184,0,-165,-184.999054,17.2613697,-165.043274
-191,37,-169,-191.042267,38.7135315,-168.0009
-185,49,-158,-185.042267,50.7136307,-157.0009
-181,49,-158,-181.042267,50.7136307,-157.0009
-191,37,-169,-191.042267,38.7135315,-168.0009
-181,49,-158,-181.042267,50.7136307,-157.0009
-187,37,-169,-187.042267,38.7135315,-168.0009
-191,37,-165,-190.0009,38.1385574,-165.042267
-185,49,-154,-184.0009,50.1385689,-154.042267
-185,49,-158,-184.0009,50.1385689,-158.042267
-191,37,-165,-190.0009,38.1385574,-165.042267
-185,49,-158,-184.0009,50.1385689,-158.042267
-191,37,-169,-190.0009,38.1385574,-169.042267
-202,58,-161,-202.124847,63.2818832,-160.007828
-210,70,-159,-210.118011,75.2825928,-158.006989
-202,70,-158,-202.118011,75.2822113,-157.006989
-202,58,-161,-202.042267,60.9187393,-160.0009
-202,70,-158,-202.042267,72.9191284,-157.0009
-198,58,-161,-198.042267,60.9187393,-160.0009
-198,58,-161,-198.99086,63.0400848,-161.134842
-202,70,-158,-202.989868,75.0393906,-158.141907
-203,70,-151,-203.989868,75.0393906,-151.141891
-198,58,-161,-198.999039,61.588932,-161.043274
-203,70,-151,-203.999054,73.5884857,-151.043274
-198,58,-157,-198.999039,61.588932,-157.043274
-181,49,-154,-181.362549,50.8863907,-153.068039
-198,58,-157,-198.354492,59.8869438,-156.064941
-202,62,-157,-202.362671,63.8867531,-156.068085
-181,49,-154,-181.043274,53.5012207,-154.999054
-202,62,-157,-202.043274,66.5012283,-157.999054
-185,49,-154,-185.043274,53.5012207,-154.999054
-223,62,-63,-223.043274,67.6869507,-63.9990616
-217,74,-65,-217.043274,79.6865845,-65.9990616
-221,74,-65,-221.043274,79.6865845,-65.9990616
-223,62,-63,-223.043274,67.6869507,-63.9990616
-221,74,-65,-221.043274,79.6865845,-65.9990616
-227,62,-63,-227.043274,67.6869507,-63.9990616
-227,62,-63,-226.00087,64.5246124,-63.0415268
-221,74,-65,-220.00087,76.5245819,-65.0415268
-221,74,-69,-220.00087,76.5245819,-69.0415268
-227,62,-63,-226.00087,64.5246124,-63.0415268
-221,74,-69,-220.00087,76.5245819,-69.0415268
-227,62,-67,-226.00087,64.5246124,-67.0415268
-242,49,-74,-242.013062,50.0446281,-73.0000916
-227,62,-67,-227.013062,63.0443115,-66.0000916
-223,62,-67,-223.013062,63.0443115,-66.0000916
-242,49,-74,-242.013062,50.0446281,-73.0000916
-223,62,-67,-223.013062,63.0443115,-66.0000916
-238,49,-74,-238.013062,50.0446281,-73.0000916
-186,37,-168,-186.972565,41.676487,-168.232559
-189,70,-181,-189.972565,74.6781845,-181.232605
-190,70,-177,-190.972565,74.6783524,-177.232605
-186,37,-168,-186.949417,40.8124161,-168.314011
-190,70,-177,-190.95134,73.8137283,-177.308136
-187,37,-165,-187.947861,40.8125687,-165.31868
-187,37,-165,-186.684143,39.1926804,-165.948807
-190,70,-177,-189.680054,72.1914215,-177.947433
-193,70,-178,-192.68576,72.1913147,-178.949341
-187,37,-165,-186.755325,39.4062462,-165.969604
-193,70,-178,-192.755325,72.4068298,-178.969604
-191,37,-166,-190.755264,39.4060555,-166.969589
