330,-1395,-2022,330.709167,-1380.84082,-2021.29504
288,-1855,-2022,288.706299,-1840.87036,-2021.29211
288,-1395,-1980,288.710266,-1380.84082,-1979.29614
372,-1395,-1980,371.286896,-1376.62305,-1979.29895
372,-1855,-2022,371.286072,-1836.65454,-2021.2998
330,-1395,-2022,329.28714,-1376.62305,-2021.29871
180,-1495,-1602,180.709976,-1484.98584,-1601.29578
138,-1855,-1602,138.709122,-1844.97998,-1601.29492
138,-1495,-1560,138.70961,-1484.98584,-1559.29541
222,-1495,-1560,221.286301,-1481.25244,-1559.29956
222,-1855,-1602,221.286774,-1841.24597,-1601.29907
180,-1495,-1602,179.286774,-1481.25244,-1601.29907
-138,-1495,-1560,-138.712112,-1484.98657,-1559.29797
-138,-1855,-1602,-138.711975,-1844.97998,-1601.29785
-180,-1495,-1602,-180.711975,-1484.98657,-1601.29785
-180,-1495,-1602,-179.291992,-1481.25244,-1601.29382
-222,-1855,-1602,-221.291992,-1841.24597,-1601.29382
-222,-1495,-1560,-221.291992,-1481.25244,-1559.29382
-288,-1395,-1980,-288.710266,-1380.84082,-1979.29614
-288,-1855,-2022,-288.71286,-1840.87036,-2021.29871
-330,-1395,-2022,-330.712097,-1380.84082,-2021.29797
-330,-1395,-2022,-329.291992,-1376.62305,-2021.29382
-372,-1855,-2022,-371.288971,-1836.65454,-2021.29688
-372,-1395,-1980,-371.288452,-1376.62305,-1979.29736
195,-595,-135,194.000946,-518.977783,-135.043274
197,-803,-225,196.000946,-727.009583,-225.043274
195,-595,-225,194.000946,-518.977783,-225.043274
-615,-1395,-510,-615.768738,-1370.73547,-510.639465
-690,-1250,-425,-690.774597,-1225.74402,-425.632385
-690,-1395,-420,-690.774597,-1370.77966,-420.632324
-615,-1250,-524,-615.829468,-1241.08093,-524.558533
-615,-1095,-540,-615.829407,-1086.0614,-540.558594
-690,-1095,-430,-690.82666,-1086.08984,-430.562683
-615,-1250,-524,-615.794739,-1208.19507,-524.606934
-690,-1095,-430,-690.792664,-1053.2218,-430.60965
-690,-1250,-425,-690.799011,-1208.26404,-425.601166
-210,-1005,690,-210.432007,-996.177551,690.901855
-150,-1185,690,-150.432037,-1176.16431,690.901855
-266,-1211,631,-266.432007,-1202.14966,631.901855
-312,-853,690,-312.711975,-851.314636,690.702087
-210,-1005,690,-210.711975,-1003.31232,690.702148
-250,-1011,646,-250.712021,-1009.31055,646.702148
-312,-853,690,-312.388763,-849.697449,690.921326
-250,-1011,646,-250.388763,-1007.70038,646.921326
-333,-867,675,-333.388702,-863.697327,675.921326
-250,-1011,646,-249.24408,-1005.89038,646.654663
-266,-1211,631,-265.238892,-1205.89453,631.648621
-330,-1305,690,-329.2388,-1299.88257,690.648499
-250,-1011,646,-249.272903,-1000.19397,646.686523
-330,-1305,690,-329.273071,-1294.16821,690.686707
-295,-1041,690,-294.273071,-1030.20203,690.686707
-330,-1305,690,-329.406799,-1303.37402,689.194946
-266,-1211,631,-265.398743,-1209.37244,630.200989
-420,-1245,554,-419.398773,-1243.37048,553.200928
-150,-1245,510,-149.522781,-1185.68628,510.878784
-123,-1305,494,-122.510132,-1245.74548,494.871796
-210,-1425,540,-209.525726,-1365.74768,540.880371
-150,-1185,540,-150.268997,-1183.95483,540.963135
-150,-1245,510,-150.283554,-1243.95276,510.958954
-360,-1245,450,-360.275909,-1243.95056,450.961182
-56,-1365,498,-56.5672379,-1363.46716,498.823486
-105,-1365,465,-105.567238,-1363.46729,465.823547
-123,-1305,494,-123.567238,-1303.46973,494.823547
-123,-1305,494,-122.351913,-1300.74963,494.761566
-105,-1365,465,-104.35199,-1360.7533,465.761627
-210,-1425,540,-209.354324,-1420.75586,540.763611
-210,-1425,540,-209.028809,-1417.9834,539.761719
-240,-1575,510,-239.029907,-1567.97058,509.757294
-195,-1575,690,-194.028046,-1567.9613,689.764832
-210,-1425,540,-209.020859,-1414.74011,539.796875
-195,-1575,690,-194.01915,-1564.77136,689.805237
-173,-1365,690,-172.021881,-1354.74915,689.791992
-105,-1365,465,-104.298943,-1360.00378,465.713104
-150,-1575,420,-149.30307,-1570.00708,420.717133
-240,-1575,510,-239.304077,-1570.0072,510.718079
-105,-1365,465,-104.317924,-1361.34033,465.731262
-240,-1575,510,-239.321198,-1571.35559,510.734283
-210,-1425,540,-209.318176,-1421.34863,540.731506
8,-1365,540,7.44162703,-1342.38257,540.82959
-15,-1575,510,-15.5479689,-1552.38037,510.836487
-150,-1575,420,-150.556915,-1552.40344,420.830566
8,-1365,540,7.44171762,-1356.47485,540.829651
-150,-1575,420,-150.559906,-1566.50305,420.828552
-105,-1365,465,-105.549362,-1356.51001,465.835571
-431,-1305,-470,-431.043274,-1296.05164,-470.999054
-390,-1185,-480,-390.043274,-1176.04419,-480.999054
-420,-1185,-480,-420.043274,-1176.04419,-480.999054
-431,-1305,-470,-431.507568,-1279.5907,-470.861603
-420,-1185,-480,-420.507721,-1159.6084,-480.861511
-484,-1250,-441,-484.507568,-1224.57727,-441.861572
-690,-1095,-600,-690.632812,-1093.13806,-599.225708
-690,-945,-530,-690.633423,-943.142517,-529.226196
-615,-945,-470,-615.61615,-943.142517,-469.212372
-690,-1095,-600,-690.632812,-1093.13806,-599.225708
-615,-945,-470,-615.61615,-943.142517,-469.212372
-615,-1095,-540,-615.632812,-1093.13806,-539.225708
-690,-1575,-690,-690.62793,-1573.84546,-689.221741
-690,-1395,-570,-690.62793,-1393.8374,-569.221741
-615,-1395,-510,-615.632812,-1393.8335,-509.225708
-690,-1575,-690,-690.772827,-1570.94214,-689.365417
-615,-1395,-510,-615.774536,-1390.94531,-509.367523
-540,-1575,-510,-540.768738,-1570.94812,-509.360474
-540,-1575,-510,-540.76886,-1571.29993,-510.639374
-615,-1395,-510,-615.774902,-1391.297,-510.63208
-690,-1395,-420,-690.774597,-1391.29407,-420.632416
-540,-1575,-510,-540.701172,-1570.83081,-510.712952
-690,-1395,-420,-690.702148,-1390.823,-420.711945
-690,-1575,-360,-690.700684,-1570.83081,-360.71347
-144,-955,1614,-144.042267,-905.684631,1613.00098
-30,-1185,1618,-30.0425262,-1135.59338,1617.00098
60,-1185,1618,59.9558182,-1135.59338,1617.00098
-144,-955,1614,-144.098221,-946.713501,1613.00488
60,-1185,1618,59.9013023,-1176.70715,1617.00488
-90,-865,1599,-90.0980148,-856.722656,1598.00488
-90,-865,1500,-90.5102692,-858.415833,1500.85999
87,-1185,1522,86.4877319,-1178.42126,1522.85876
33,-1185,1490,32.4880409,-1178.41785,1490.85901
-90,-865,1500,-90.5524139,-860.973328,1500.8335
33,-1185,1490,32.4474754,-1180.95984,1490.8335
-119,-955,1455,-119.552666,-950.966675,1455.83337
-90,-865,1599,-90.9637833,-861.632751,1598.7334
60,-1185,1618,59.0386696,-1181.625,1617.72461
87,-1185,1522,86.0356598,-1181.62695,1521.73535
-90,-865,1599,-90.999054,-862.293945,1598.95654
87,-1185,1522,86.0009308,-1182.28894,1521.95691
-90,-865,1500,-90.999054,-862.293945,1499.95654
-324,-585,1524,-323.939514,-581.0047,1523.00183
-144,-955,1614,-143.939514,-951.019714,1613.00183
-90,-865,1599,-89.9375839,-861.020081,1598.00195
-324,-585,1524,-324.144989,-582.850037,1523.01062
-90,-865,1599,-90.1575241,-862.85321,1598.01257
-226,-585,1509,-226.151031,-582.850342,1508.01147
-210,-585,1410,-210.742355,-577.338684,1410.66992
-90,-865,1500,-90.7432022,-857.344971,1500.66895
-119,-955,1455,-119.743309,-947.33728,1455.66895
-226,-585,1509,-226.999054,-583.227356,1508.95654
-90,-865,1599,-90.9990311,-863.226257,1598.95605
-90,-865,1500,-90.9990311,-863.226257,1499.95605
-226,-585,1509,-226.986755,-583.35022,1508.83789
-90,-865,1500,-90.9878464,-863.34375,1499.84473
-210,-585,1410,-210.986832,-583.352966,1409.83826
112,-585,1090,112.603157,-582.225281,1090.79761
-79,-835,1154,-78.3950577,-832.232971,1154.79626
-106,-745,1203,-105.399422,-742.232544,1203.79956
112,-585,1090,112.810883,-583.89386,1090.58521
-106,-745,1203,-105.1819,-743.888123,1203.57507
54,-585,1171,54.8111839,-583.893188,1171.58472
112,-585,1252,111.955818,-576.537476,1251.00098
-36,-745,1273,-36.0425262,-736.56488,1272.00098
16,-835,1284,15.9558172,-826.569946,1283.00098
54,-585,1171,54.707058,-583.454956,1170.29285
-106,-745,1203,-105.293678,-743.458008,1202.29211
-36,-745,1273,-35.2888145,-743.458008,1272.297
54,-585,1171,54.8113213,-583.709167,1170.41541
-36,-745,1273,-35.1819,-743.705872,1272.42493
112,-585,1252,112.811501,-583.710144,1251.41565
-79,-835,1154,-78.2879715,-824.138733,1154.70215
-165,-1065,1200,-164.288452,-1054.15796,1200.70264
-222,-1065,1258,-221.288101,-1054.16138,1258.70227
-79,-835,1154,-78.2720871,-828.327759,1154.68567
-222,-1065,1258,-221.273132,-1058.3175,1258.68677
-106,-745,1203,-105.262009,-738.3396,1203.6748
-36,-745,1273,-36.2544098,-737.219971,1272.03296
-178,-1065,1336,-178.250732,-1057.24939,1335.03198
-123,-1065,1322,-123.255669,-1057.24182,1321.03333
-36,-745,1273,-36.0425262,-741.294617,1272.00098
-123,-1065,1322,-123.042526,-1061.29517,1321.00098
16,-835,1284,15.9558172,-831.294922,1283.00098
-106,-745,1203,-105.12841,-741.655579,1202.50977
-222,-1065,1258,-221.132645,-1061.66028,1257.50232
-178,-1065,1336,-177.132645,-1061.66016,1335.50232
-106,-745,1203,-105.288094,-742.066833,1202.29773
-178,-1065,1336,-177.291992,-1062.05249,1335.29382
-36,-745,1273,-35.2891769,-742.066833,1272.29663
-339,-1385,1336,-338.132294,-1382.02539,1335.50293
-178,-1065,1336,-177.132645,-1062.03284,1335.50232
-222,-1065,1258,-221.132294,-1062.03662,1257.50293
-339,-1385,1336,-338.288971,-1381.69031,1335.29688
-222,-1065,1258,-221.290024,-1061.70789,1257.29578
-433,-1385,1242,-432.287994,-1381.69031,1241.29785
-268,-1385,1351,-267.797943,-1371.24524,1350.02063
-178,-1065,1336,-177.797928,-1051.19946,1335.02063
-339,-1385,1336,-338.797546,-1371.25232,1335.02075
-433,-1385,1242,-432.290161,-1383.01208,1242.70435
-222,-1065,1258,-221.288223,-1063.00793,1258.70239
-165,-1065,1200,-164.288971,-1063.0105,1200.70312
-433,-1385,1242,-432.126434,-1384.17944,1242.48669
-165,-1065,1200,-164.126236,-1064.18604,1200.48633
-396,-1385,1175,-395.126251,-1384.18127,1175.48633
256,-585,1129,256.710175,-551.424011,1128.29602
217,-955,1101,217.710068,-921.318176,1100.2959
286,-955,1171,286.70813,-921.345947,1170.29395
315,-585,1048,315.87265,-581.79657,1048.48828
244,-955,1052,244.872681,-951.768555,1052.48828
217,-955,1101,217.873413,-951.765137,1101.48694
315,-585,1048,315.811035,-579.781616,1048.58496
217,-955,1101,217.811493,-949.817261,1101.58435
256,-585,1129,256.80603,-579.782104,1129.5918
217,-955,1101,217.866562,-952.74353,1100.50098
97,-1185,1104,97.87043,-1182.74463,1103.50781
146,-1185,1190,146.866577,-1182.74341,1189.50098
217,-955,1101,217.710068,-952.343994,1100.2959
146,-1185,1190,146.710098,-1182.34937,1189.2959
286,-955,1171,286.71106,-952.344788,1170.29688
286,-955,1171,286.218903,-944.806091,1170.02429
207,-1185,1175,207.218964,-1174.81885,1174.02429
339,-955,1183,339.209503,-944.802124,1182.02222
244,-955,1052,244.710693,-951.797668,1052.70349
160,-1185,1040,160.710327,-1181.80908,1040.70386
97,-1185,1104,97.7083969,-1181.81067,1104.70581
244,-955,1052,244.872665,-952.594238,1052.48828
97,-1185,1104,97.8764725,-1182.58936,1104.48145
217,-955,1101,217.872604,-952.593933,1101.48828
445,-1215,1457,445.114838,-1213.44739,1456.00671
300,-1155,1410,300.114838,-1153.45288,1409.00671
341,-1215,1444,341.130951,-1213.45081,1443.00867
445,-1215,1457,445.145508,-1213.37207,1456.01074
389,-1155,1423,389.138,-1153.3689,1422.00964
300,-1155,1410,300.145538,-1153.36633,1409.01074
530,-1305,1509,530.123047,-1302.47009,1508.00769
445,-1215,1457,445.122894,-1212.47217,1456.00769
341,-1215,1444,341.123749,-1212.47485,1443.00769
530,-1305,1509,530.106445,-1303.46741,1508.00574
341,-1215,1444,341.106781,-1213.4624,1443.00574
440,-1359,1524,440.106964,-1357.46423,1523.00574
446,-1215,1356,445.000946,-1213.97766,1355.95654
390,-1155,1320,389.000946,-1153.97925,1319.95654
445,-1215,1457,444.000946,-1213.97559,1456.95654
390,-1155,1320,389.000946,-1154.13928,1319.95654
389,-1155,1423,388.000946,-1154.13965,1422.95654
445,-1215,1457,444.000946,-1214.13953,1456.95654
530,-1305,1410,529.000977,-1303.97534,1409.95593
446,-1215,1356,445.000946,-1213.97766,1355.95654
445,-1215,1457,444.000946,-1213.97559,1456.95654
530,-1305,1410,529.000977,-1304.31567,1409.95593
445,-1215,1457,444.000946,-1214.31726,1456.95654
530,-1305,1509,529.000977,-1304.31567,1508.95593
55,-1485,1240,55.8654251,-1482.98218,1239.49902
146,-1185,1190,146.866577,-1182.98157,1189.50098
97,-1185,1104,97.8707504,-1182.98633,1103.5083
55,-1485,1240,55.7110481,-1482.0094,1239.29688
97,-1185,1104,97.7103119,-1182.00366,1103.29614
-13,-1485,1169,-12.2823572,-1482.00574,1168.30359
108,-1485,1250,107.743591,-1478.98474,1249.03345
207,-1185,1175,206.747253,-1178.98022,1174.03247
146,-1185,1190,145.747253,-1178.98401,1189.03247
108,-1485,1250,108.16964,-1480.41443,1249.01453
146,-1185,1190,146.180298,-1180.41785,1189.01648
55,-1485,1240,55.1862526,-1480.41101,1239.01758
-13,-1485,1169,-12.2807026,-1472.0769,1169.6947
97,-1185,1104,97.7100754,-1172.12878,1104.7041
160,-1185,1040,160.709488,-1172.14111,1040.70471
-13,-1485,1169,-12.1356735,-1481.51978,1169.50293
160,-1185,1040,160.866531,-1181.4967,1040.49902
16,-1485,1119,16.8618412,-1481.51807,1119.50708
-268,-1385,1217,-268.375519,-1364.76086,1217.92676
-275,-1485,1208,-275.382355,-1464.75574,1208.92395
-382,-1485,1166,-382.374725,-1464.77258,1166.92712
-268,-1385,1217,-268.323242,-1376.6947,1217.94629
-382,-1485,1166,-382.322235,-1476.68982,1166.94666
-396,-1385,1175,-396.319336,-1376.67957,1175.94763
-24,-1485,1607,-23.0966759,-1471.22595,1606.57104
-30,-1185,1528,-29.0974884,-1171.21667,1527.56934
-67,-1485,1518,-66.0974884,-1471.21326,1517.56934
-67,-1485,1518,-66.4829559,-1471.0249,1518.85596
-30,-1185,1528,-29.4886551,-1171.05261,1528.85938
33,-1185,1490,33.5151672,-1171.0553,1490.85706
-67,-1485,1518,-66.2972412,-1477.85889,1518.71143
33,-1185,1490,33.6901512,-1177.86365,1490.72363
3,-1485,1449,3.71296978,-1477.86255,1449.70117
3,-1485,1449,2.49096441,-1470.75537,1449.86072
33,-1185,1490,32.4929886,-1170.724,1490.86194
87,-1185,1522,86.4805374,-1170.72778,1522.85449
635,-1485,1346,634.685059,-1483.05664,1346.9491
440,-1334,1365,439.678833,-1332.05542,1365.94702
530,-1305,1410,529.678833,-1303.05127,1410.94702
635,-1485,1346,634.707214,-1483.58215,1346.95618
530,-1305,1410,529.704041,-1303.58264,1410.9552
750,-1485,1380,749.706421,-1483.58203,1380.95593
732,-1485,1481,731.841187,-1429.05334,1480.0127
530,-1305,1509,529.84082,-1249.06543,1508.01282
440,-1359,1524,439.852997,-1303.0802,1523.01086
732,-1485,1481,731.793274,-1477.89624,1480.02161
440,-1359,1524,439.788696,-1351.90271,1523.02258
603,-1485,1508,602.793274,-1477.90332,1507.02161
-564,-1485,1731,-563.3927,-1482.06763,1731.79443
-519,-1385,1754,-518.3927,-1382.06543,1754.79443
-449,-1415,1683,-448.398773,-1412.06897,1683.79907
-564,-1485,1731,-563.380249,-1482.42627,1731.78479
-449,-1415,1683,-448.378601,-1412.42822,1683.78345
-483,-1485,1666,-482.373657,-1482.42615,1666.77954
-508,-1485,1826,-507.153412,-1481.28479,1825.46777
-474,-1415,1843,-473.147888,-1411.2854,1842.47668
-519,-1385,1754,-518.154663,-1381.28125,1753.46582
-508,-1485,1826,-507.14444,-1481.98718,1825.4823
-519,-1385,1754,-518.143799,-1381.98877,1753.4834
-564,-1485,1731,-563.140869,-1481.98486,1730.48828
-405,-1485,1820,-405.042267,-1479.50293,1819.00098
-180,-1245,1770,-180.042267,-1239.5061,1769.00098
-366,-1245,1770,-366.042267,-1239.5061,1769.00098
-405,-1485,1820,-405.430664,-1475.37134,1819.09753
-366,-1245,1770,-366.43869,-1235.34888,1769.10144
-474,-1415,1843,-474.436035,-1405.35815,1842.1001
-519,-1385,1754,-518.496155,-1382.18103,1754.86377
-366,-1245,1701,-365.504486,-1242.18921,1701.86853
-306,-1245,1666,-305.499695,-1242.1908,1666.86584
-519,-1385,1754,-518.385071,-1382.56812,1754.78857
-306,-1245,1666,-305.398743,-1242.56238,1666.79895
-449,-1415,1683,-448.399109,-1412.56677,1683.79932
-366,-1245,1701,-365.499481,-1222.06274,1701.86572
-300,-1185,1665,-299.504608,-1162.06458,1665.86865
-306,-1245,1666,-305.494446,-1222.04236,1666.86279
-300,-1185,1665,-299.678711,-1105.80408,1665.9469
-255,-1185,1650,-254.678833,-1105.77319,1650.94702
-306,-1245,1666,-305.675995,-1165.80994,1666.94604
-474,-1415,1843,-473.238739,-1413.67395,1842.35156
-366,-1245,1770,-365.229736,-1243.67542,1769.3623
-519,-1385,1754,-518.235474,-1383.67358,1753.35547
596,-1359,1796,595.00061,-1357.4718,1796.0332
495,-1215,1804,494.000366,-1213.4707,1804.02637
496,-1215,1981,495.000854,-1213.46704,1981.04102
596,-1359,1796,595.006714,-1357.88147,1795.8844
496,-1215,1981,495.006897,-1213.88025,1980.88281
580,-1359,1923,579.007629,-1357.87903,1922.87683
495,-1215,1804,494.000946,-1207.80701,1803.95654
490,-1155,1801,489.000946,-1147.80322,1800.95654
490,-1155,1981,489.000946,-1147.80322,1980.95654
495,-1215,1804,494.000793,-1210.29797,1804.03906
490,-1155,1981,489.000793,-1150.30164,1981.03906
496,-1215,1981,495.000793,-1210.30908,1981.03906
370,-1215,1799,369.955841,-1169.94226,1799.99902
370,-1155,1801,369.955841,-1109.96252,1801.99902
490,-1155,1801,489.955841,-1109.96252,1801.99902
316,-1215,1905,316.887817,-1178.72205,1905.45996
370,-1155,1801,370.893829,-1118.77234,1801.44824
370,-1215,1799,370.894867,-1178.73828,1799.44629
385,-1215,1984,385.754578,-1207.36646,1983.34387
310,-1155,1891,310.755585,-1147.35425,1890.34497
316,-1215,1905,316.755707,-1207.35242,1904.34509
580,-1359,1923,579.636047,-1347.06824,1922.0686
385,-1215,1984,384.623444,-1203.10657,1983.07361
463,-1359,1969,462.623444,-1347.08887,1968.07361
496,-1215,1981,495.955841,-1190.8645,1980.00098
370,-1155,1981,369.955841,-1130.85132,1980.00098
385,-1215,1984,384.955841,-1190.85376,1983.00098
120,-1485,1710,119.955818,-1483.22754,1710.99902
119,-1125,1908,118.955818,-1123.22632,1908.99902
200,-1125,1908,199.955826,-1123.22632,1908.99902
120,-1485,1710,120.151367,-1482.67468,1710.9884
200,-1125,1908,200.145996,-1122.67786,1908.98926
253,-1485,1690,253.145065,-1482.67151,1690.98938
253,-1485,1690,252.062073,-1482.75513,1690.3468
200,-1125,1908,199.062027,-1122.76001,1908.34668
230,-1125,1989,229.062424,-1122.76025,1989.34778
253,-1485,1690,252.102402,-1483.30444,1690.4408
230,-1125,1989,229.102524,-1123.31238,1989.44104
311,-1485,1808,310.102234,-1483.30042,1808.44043
264,-955,1881,264.558868,-951.638367,1881.82922
119,-1125,1908,119.555237,-1121.63843,1908.83167
210,-865,1957,210.561066,-861.634338,1957.82776
210,-865,2055,210.77977,-857.202454,2054.37402
120,-1125,1994,120.778336,-1117.19653,1993.37219
144,-1125,2024,144.77272,-1117.19458,2023.36536
210,-865,1957,210.999069,-862.161194,1956.95691
119,-1125,1908,119.999863,-1122.15027,1907.98535
120,-1125,1994,120.999901,-1122.15137,1993.98596
210,-865,1957,210.9991,-860.939575,1956.95764
120,-1125,1994,120.999908,-1120.9447,1993.98657
210,-865,2055,210.9991,-860.939575,2054.95776
444,-585,2031,444.369812,-583.899048,2031.92896
264,-955,1881,264.369751,-953.892761,1881.92908
210,-865,1957,210.369888,-863.895996,1957.92896
444,-585,2031,444.145691,-583.457092,2031.98926
210,-865,1957,210.14505,-863.456177,1957.98938
346,-585,2047,346.151184,-583.459412,2047.9884
346,-585,2047,346.999115,-583.363892,2046.95801
210,-865,1957,210.9991,-863.362732,1956.95764
210,-865,2055,210.9991,-863.362732,2054.95776
346,-585,2047,346.987762,-582.045593,2047.15527
210,-865,2055,210.987869,-862.052856,2055.15527
330,-585,2145,330.987793,-582.04303,2145.15527
-1159,-1316,1200,-1159.91504,-1307.45837,1200.40332
-1185,-1113,1200,-1185.91455,-1104.45642,1200.4043
-1170,-1125,1230,-1170.91467,-1116.45825,1230.40417
-1159,-1316,1200,-1159.849,-1306.61267,1200.5282
-1170,-1125,1230,-1170.849,-1115.60034,1230.5282
-1140,-1316,1230,-1140.85193,-1306.61267,1230.52344
-1271,-1508,1185,-1271.04297,-1497.37598,1185.99902
-1196,-1316,1200,-1196.04297,-1305.36768,1200.99902
-1159,-1316,1200,-1159.04297,-1305.36768,1200.99902
-1271,-1508,1185,-1271.04297,-1497.37598,1185.99902
-1159,-1316,1200,-1159.04297,-1305.36768,1200.99902
-1234,-1508,1185,-1234.04297,-1497.37598,1185.99902
-1290,-1508,1230,-1289.33984,-1504.62366,1230.7511
-1230,-1316,1230,-1229.33984,-1312.61292,1230.7511
-1196,-1316,1200,-1195.33984,-1312.61438,1200.7511
-1290,-1508,1230,-1289.08191,-1505.96899,1230.39636
-1196,-1316,1200,-1195.08484,-1313.96265,1200.40295
-1271,-1508,1185,-1270.08203,-1505.9679,1185.39661
2151,-1261,161,2151.59277,-1221.45166,160.194641
2152,-1116,159,2152.59375,-1076.45007,158.195358
2140,-1117,150,2140.59473,-1077.43188,149.196075
2137,-1261,145,2137.99902,-1217.16821,144.955826
2140,-1117,150,2140.99902,-1073.13721,149.955826
2140,-1114,137,2140.99902,-1070.14758,136.955826
2137,-1261,145,2137.99902,-1197.9187,144.955826
2140,-1114,137,2140.99902,-1051.00537,136.955826
2137,-1261,128,2137.99902,-1197.9187,127.955818
2137,-1261,128,2137.42505,-1240.61511,128.905167
2140,-1114,137,2140.41699,-1093.62012,137.90889
2151,-1111,132,2151.42773,-1090.62061,132.903824
2137,-1261,128,2137.54175,-1252.9458,128.840515
2151,-1111,132,2151.53296,-1102.91846,132.846069
2151,-1261,119,2151.53296,-1252.94751,119.846107
2130,-1425,180,2130.99902,-1406.18762,179.955826
2137,-1261,145,2137.99902,-1242.14966,144.955826
2137,-1261,128,2137.99902,-1242.14966,127.955818
2130,-1425,180,2130.99902,-1406.18762,179.955826
2137,-1261,128,2137.99902,-1242.14966,127.955818
2130,-1425,163,2130.99902,-1406.18762,162.955826
2151,-1426,189,2151.74756,-1413.01868,188.335815
2151,-1261,161,2151.74805,-1248.01904,160.336365
2137,-1261,145,2137.74658,-1248.01794,144.334717
2151,-1426,189,2151.37988,-1423.1897,188.074966
2137,-1261,145,2137.38965,-1258.19238,144.079041
2130,-1425,180,2130.38989,-1422.19067,179.079147
2172,-1428,180,2171.25146,-1420.59485,179.336914
2165,-1261,145,2164.25146,-1253.60327,144.336914
2151,-1261,161,2150.24316,-1253.60327,160.346405
2172,-1428,180,2171.58984,-1420.9126,179.087997
2151,-1261,161,2150.58984,-1253.92383,160.087997
2151,-1426,189,2150.58984,-1418.91223,188.087997
2172,-1428,163,2171.00098,-1410.97729,162.955826
2165,-1261,128,2164.00098,-1243.94458,127.955818
2165,-1261,145,2164.00098,-1243.94458,144.955826
2172,-1428,163,2171.00098,-1410.97729,162.955826
2165,-1261,145,2164.00098,-1243.94458,144.955826
2172,-1428,180,2171.00098,-1410.97729,179.955826
2151,-1261,119,2150.65234,-1245.92969,119.937599
2151,-1111,132,2150.6543,-1095.95532,132.938339
2167,-1109,138,2166.6543,-1093.95459,138.938339
2151,-1261,119,2150.448,-1241.8988,119.833839
2167,-1109,138,2166.4502,-1089.85779,138.835251
2165,-1261,128,2164.45703,-1241.89368,128.839706
2352,-1272,59,2352.64136,-1269.31616,59.7671967
2450,-1132,36,2450.64648,-1129.31299,36.762867
2459,-1135,27,2459.64062,-1132.31323,27.7678337
2352,-1272,59,2352.49902,-1266.97192,59.8665695
2459,-1135,27,2459.49902,-1129.96252,27.8665428
2366,-1272,51,2366.49023,-1266.97192,51.8715324
2400,-1427,32,2399.49902,-1422.50488,32.8654251
2366,-1272,51,2365.50781,-1267.51941,51.8704262
2382,-1272,60,2381.50781,-1267.5188,60.8704453
2400,-1427,32,2399.48047,-1422.18018,32.8543434
2382,-1272,60,2381.4707,-1267.1842,60.8483963
2415,-1427,41,2414.4707,-1422.18018,41.8483887
2415,-1427,41,2414.03809,-1424.25574,41.2729607
2382,-1272,60,2381.04077,-1269.25293,60.2822952
2388,-1272,80,2387.03589,-1269.25403,80.2653275
2415,-1427,41,2414.00684,-1417.07947,40.8832741
2388,-1272,80,2387.00684,-1262.06726,79.8832779
2412,-1426,63,2411.00781,-1416.07971,62.875248
2412,-1426,63,2411.38867,-1403.79797,62.2086258
2368,-1272,84,2367.3894,-1249.8009,83.2080612
2394,-1427,77,2393.3894,-1404.80249,76.2080612
2353,-1272,76,2353.94604,-1269.35632,76.3239517
2446,-1130,52,2446.94751,-1127.35889,52.3196869
2450,-1132,36,2450.94751,-1129.3584,36.3197212
2353,-1272,76,2353.99805,-1269.96484,75.9375381
2450,-1132,36,2450.99805,-1129.9679,35.9375343
2352,-1272,59,2352.99805,-1269.96509,58.9375343
2368,-1272,84,2368.41992,-1268.73853,83.0924454
2457,-1134,59,2457.41162,-1130.73206,58.0886459
2446,-1130,52,2446.41113,-1126.7323,51.0884247
2368,-1272,84,2368.47754,-1269.71497,83.1213913
2446,-1130,52,2446.47803,-1127.71533,51.1216583
2353,-1272,76,2353.47363,-1269.71497,75.119278
2388,-1272,80,2387.80078,-1254.27246,79.02005
2457,-1134,59,2456.81104,-1116.26343,58.0180168
2368,-1272,84,2367.80078,-1254.27002,83.02005
2220,-1272,-185,2219.59009,-1254.76758,-184.087875
2220,-1119,-171,2219.59009,-1101.75916,-170.087875
2234,-1109,-164,2233.59668,-1091.7594,-163.084946
2220,-1272,-185,2219.4502,-1254.03381,-184.164719
2234,-1109,-164,2233.45044,-1091.0127,-163.164551
2234,-1272,-176,2233.45166,-1254.03381,-175.163757
2241,-1438,-141,2240.00098,-1424.06079,-141.042267
2234,-1272,-176,2233.00098,-1258.11658,-176.042267
2234,-1272,-159,2233.00098,-1258.11658,-159.042267
2241,-1438,-141,2240.00098,-1424.06079,-141.042267
2234,-1272,-159,2233.00098,-1258.11658,-159.042267
2241,-1438,-124,2240.00098,-1424.06079,-124.042526
2241,-1438,-124,2240.2395,-1433.5592,-124.649231
2234,-1272,-159,2233.24268,-1267.56714,-159.652969
2220,-1272,-143,2219.24243,-1267.56641,-143.652695
2241,-1438,-124,2240.5957,-1430.93945,-124.914589
2220,-1272,-143,2219.59668,-1264.92859,-143.915039
2220,-1437,-115,2219.59644,-1429.9364,-115.91494
2220,-1437,-115,2220.7417,-1426.02405,-115.6707
2220,-1272,-143,2220.74634,-1261.02441,-143.665543
2206,-1272,-159,2206.74731,-1261.02332,-159.664322
2220,-1437,-115,2220.38574,-1431.09241,-115.922569
2206,-1272,-159,2206.38965,-1266.09473,-159.920959
2199,-1436,-124,2199.39087,-1430.09326,-124.920441
2199,-1436,-124,2199.99902,-1407.67078,-124.042526
2206,-1272,-159,2206.99902,-1243.63281,-159.042267
2206,-1272,-176,2206.99902,-1243.63281,-176.042267
2199,-1436,-124,2199.99902,-1407.67078,-124.042526
2206,-1272,-176,2206.99902,-1243.63281,-176.042267
2199,-1436,-141,2199.99902,-1407.67078,-141.042267
2206,-1272,-176,2206.4082,-1258.53235,-175.087112
2206,-1109,-164,2206.40845,-1095.53503,-163.087219
2220,-1119,-171,2220.4082,-1105.53381,-170.087112
2206,-1272,-176,2206.53223,-1253.42822,-175.153412
2220,-1119,-171,2220.52783,-1100.44836,-170.150665
2220,-1272,-185,2220.54028,-1253.42822,-184.158524
1252,-949,1398,1252.80908,-939.438904,1397.41235
1222,-855,1341,1222.80652,-845.445374,1340.40881
1243,-962,1388,1243.80334,-952.437256,1387.40454
1264,-940,1396,1263.77563,-938.023621,1395.02551
1229,-855,1347,1228.77563,-853.025452,1346.02551
1220,-855,1349,1219.77563,-853.025696,1348.02551
1264,-940,1396,1264.16907,-938.018677,1395.0144
1220,-855,1349,1220.17517,-853.020386,1348.0155
1252,-949,1398,1252.17029,-947.018066,1397.01465
1271,-939,1384,1270.38477,-937.383545,1383.21167
1241,-855,1338,1240.38477,-853.38501,1337.21167
1229,-855,1347,1228.38538,-853.38501,1346.21118
1271,-939,1384,1270.16541,-938.155884,1383.44922
1229,-855,1347,1228.15588,-854.155151,1346.46387
1264,-940,1396,1263.15466,-939.156433,1395.46582
1321,-1005,1452,1321.27576,-1002.84686,1451.03882
1264,-940,1396,1264.27673,-937.842957,1395.03906
1252,-949,1398,1252.28259,-946.84314,1397.04077
1321,-1005,1452,1321.29272,-1003.32703,1451.04382
1252,-949,1398,1252.30896,-947.325623,1397.04895
1327,-1035,1471,1327.30774,-1033.32776,1470.04858
1339,-1027,1425,1338.19019,-1024.93286,1425.58667
1267,-948,1373,1266.18616,-945.928894,1373.58105
1271,-939,1384,1270.18994,-936.929443,1384.5863
1267,-948,1373,1266.18005,-905.128601,1373.57239
1232,-855,1325,1231.16992,-812.080688,1325.55762
1241,-855,1338,1240.18005,-812.06897,1338.57239
1267,-948,1373,1266.0885,-938.486633,1373.41125
1241,-855,1338,1240.0885,-845.48053,1338.41125
1271,-939,1384,1270.08911,-929.487854,1384.4126
1099,-1051,1389,1099.78882,-991.982422,1389.61462
1101,-906,1391,1101.78967,-847.045288,1391.61353
1110,-907,1379,1110.78833,-848.049988,1379.61511
1115,-1051,1375,1115.07605,-1017.10059,1375.99707
1110,-907,1379,1110.07593,-873.080383,1379.99707
1123,-904,1378,1123.07593,-870.079285,1378.99707
1115,-1051,1375,1114.95593,-994.026489,1375.99902
1123,-904,1378,1122.95593,-847.119202,1378.99902
1132,-1051,1375,1131.95593,-994.026489,1375.99902
1132,-1051,1375,1131.08228,-1040.06152,1375.39709
1123,-904,1378,1122.08154,-893.051697,1378.39551
1128,-901,1390,1127.08533,-890.051758,1390.40417
1132,-1051,1375,1131.15479,-1036.71326,1375.53442
1128,-901,1390,1127.15479,-886.738586,1390.53442
1141,-1051,1389,1140.15564,-1036.71643,1389.53577
1080,-1215,1368,1079.95593,-1202.18237,1368.99902
1115,-1051,1375,1114.95593,-1038.14734,1375.99902
1132,-1051,1375,1131.95593,-1038.14734,1375.99902
1080,-1215,1368,1079.95593,-1202.18237,1368.99902
1132,-1051,1375,1131.95593,-1038.14734,1375.99902
1097,-1215,1368,1096.95593,-1202.18237,1368.99902
1071,-1215,1389,1071.65137,-1202.8783,1389.75867
1099,-1051,1389,1099.65906,-1038.8844,1389.75208
1115,-1051,1375,1115.6582,-1038.8844,1375.75281
1071,-1215,1389,1071.91467,-1210.22534,1389.40405
1115,-1051,1375,1115.91467,-1046.21448,1375.40417
1080,-1215,1368,1080.91455,-1210.22412,1368.4043
1080,-1215,1410,1080.6582,-1209.83435,1409.24719
1115,-1051,1403,1115.65247,-1045.83325,1402.24219
1099,-1051,1389,1099.6582,-1045.83472,1388.24719
1080,-1215,1410,1080.9176,-1206.46436,1409.60254
1099,-1051,1389,1099.91492,-1042.4729,1388.59644
1071,-1215,1389,1071.91492,-1206.46582,1388.59644
1097,-1215,1410,1096.95593,-1189.43835,1409.00098
1132,-1051,1403,1131.95593,-1025.4032,1402.00098
1115,-1051,1403,1114.95593,-1025.4032,1402.00098
1097,-1215,1410,1096.95593,-1189.43835,1409.00098
1115,-1051,1403,1114.95593,-1025.4032,1402.00098
1080,-1215,1410,1079.95593,-1189.43835,1409.00098
1141,-1051,1389,1140.06311,-1036.63867,1388.65039
1128,-901,1390,1127.06348,-886.647949,1389.64941
1122,-899,1405,1121.06348,-884.646423,1404.64941
1141,-1051,1389,1140.1499,-1036.11035,1388.47339
1122,-899,1405,1121.14978,-884.069397,1404.47363
1132,-1051,1403,1131.15466,-1036.10535,1402.46582
1369,-1005,1480,1368.67883,-877.098206,1479.05298
1311,-825,1497,1310.68469,-697.003723,1496.05103
1329,-1005,1493,1328.68469,-877.135742,1492.05103
1387,-1005,1450,1386.14978,-996.325439,1449.47363
1334,-825,1484,1333.15466,-816.346008,1483.46582
1327,-825,1495,1326.1499,-816.347717,1494.47339
1387,-1005,1450,1386.1355,-997.452759,1449.49744
1327,-825,1495,1326.13513,-817.459045,1494.49805
1369,-1005,1480,1368.13525,-997.451965,1479.4978
1371,-1005,1421,1370.29504,-1001.42328,1421.70923
1325,-825,1475,1324.28271,-821.430237,1475.69678
1334,-825,1484,1333.28271,-821.430237,1484.69678
1371,-1005,1421,1370.12256,-1002.16467,1421.47961
1334,-825,1484,1333.12305,-822.170898,1484.48047
1387,-1005,1450,1386.1228,-1002.16357,1450.4801
1411,-1215,1488,1410.13513,-1211.59106,1487.49805
1387,-1005,1450,1386.13513,-1001.57599,1449.49805
1369,-1005,1480,1368.13513,-1001.5766,1479.49805
1411,-1215,1488,1410.12732,-1208.41064,1487.51172
1369,-1005,1480,1368.12732,-998.415405,1479.51172
1394,-1215,1518,1393.12256,-1208.40808,1517.52039
1394,-1215,1518,1393.68762,-1212.63464,1517.05005
1369,-1005,1480,1368.68176,-1002.63446,1479.052
1329,-1005,1493,1328.68176,-1002.63324,1492.052
1394,-1215,1518,1394.12378,-1203.41064,1517.00769
1329,-1005,1493,1329.13086,-993.444885,1492.00867
1349,-1215,1512,1349.12366,-1203.41541,1511.00769
1349,-1215,1512,1349.78833,-1197.59619,1511.38477
1321,-1005,1452,1321.78857,-987.543335,1451.38513
1321,-1215,1476,1321.7887,-1197.58752,1475.38525
1338,-1005,1422,1337.75488,-1000.87701,1422.96948
1309,-825,1471,1308.75879,-820.885864,1471.97046
1325,-825,1475,1324.75977,-820.885437,1475.9707
1338,-1005,1422,1338.04333,-1001.41437,1422.99902
1325,-825,1475,1325.04041,-821.415955,1475.99915
1371,-1005,1421,1371.04114,-1001.41309,1421.99915
1564,-1024,1090,1564.48828,-1022.85968,1089.12732
1710,-921,1064,1710.47961,-919.86084,1063.12256
1537,-1009,1059,1537.48938,-1007.85938,1058.12793
1593,-1041,1090,1592.95593,-1023.29254,1089.00098
1710,-927,1078,1709.95593,-909.291321,1077.00098
1564,-1024,1090,1563.95593,-1006.28699,1089.00098
1527,-1202,1119,1526.91113,-1191.65942,1118.00403
1593,-1041,1090,1592.90137,-1030.67896,1089.00488
1564,-1024,1090,1563.91174,-1013.67889,1089.00391
1527,-1202,1119,1527.01538,-1195.40417,1118.00012
1564,-1024,1090,1564.04077,-1017.4126,1089.00085
1480,-1203,1119,1480.04333,-1196.41248,1118.00098
1480,-1203,1119,1480.63904,-1200.3136,1118.23083
1564,-1024,1090,1564.63904,-1021.31885,1089.23083
1537,-1009,1059,1537.63904,-1006.32019,1058.23083
1480,-1203,1119,1480.9054,-1201.7262,1118.57544
1537,-1009,1059,1537.9054,-1007.72589,1058.57544
1455,-1198,1060,1455.90479,-1196.72766,1059.57422
1455,-1198,1060,1455.67773,-1194.33301,1060.73511
1537,-1009,1059,1537.67773,-1005.33264,1059.73523
1564,-1024,1028,1564.67834,-1020.3335,1028.73474
1455,-1198,1060,1455.94592,-1196.91016,1060.3241
1564,-1024,1028,1564.94592,-1022.90643,1028.32422
1478,-1192,1001,1478.94653,-1190.90796,1001.32257
1478,-1192,1001,1477.92285,-1185.81519,1001.99701
1564,-1024,1028,1563.92358,-1017.81732,1028.99707
1593,-1041,1028,1592.92358,-1034.81238,1028.99707
1478,-1192,1001,1478.04199,-1188.47339,1001.99908
1593,-1041,1028,1593.03137,-1037.45117,1028.99939
1525,-1191,1001,1525.03345,-1187.46887,1001.99939
1564,-1024,1028,1563.92358,-1014.70496,1028.99707
1710,-942,1050,1709.91174,-932.718262,1050.99609
1593,-1041,1028,1592.92358,-1031.70422,1028.99707
1537,-1009,1059,1537.48145,-1007.81866,1059.87646
1710,-927,1050,1710.46692,-925.818848,1050.88428
1564,-1024,1028,1564.46692,-1022.81848,1028.88428
-150,-330,330,-150.043274,-324.696625,329.000946
-105,-595,375,-105.043526,-589.684875,374.000977
-15,-595,375,-15.0436134,-589.684875,374.000977
-150,-330,330,-150.043274,-324.696625,329.000946
-15,-595,375,-15.0436134,-589.684875,374.000977
30,-330,330,29.9558182,-324.696808,329.000977
-150,-330,510,-150.999054,-323.30957,509.956543
-105,-595,465,-105.999054,-588.297729,464.956543
-105,-595,375,-105.999054,-588.297729,374.956543
-150,-330,510,-150.999054,-323.30957,509.956543
-105,-595,375,-105.999054,-588.297729,374.956543
-150,-330,330,-150.999054,-323.30957,329.956543
30,-330,510,29.9579391,-323.762268,510.999115
-15,-595,465,-15.0416126,-588.750366,465.999115
-105,-595,465,-105.041527,-588.750366,465.999115
30,-330,510,29.9579391,-323.762268,510.999115
-105,-595,465,-105.041527,-588.750366,465.999115
-150,-330,510,-150.042267,-323.762451,510.999084
30,-330,330,30.9999104,-325.144501,329.986633
-15,-595,375,-14.000164,-590.133118,374.981903
-15,-595,465,-14.000164,-590.133118,464.981903
30,-330,330,30.9999104,-325.144501,329.986633
-15,-595,465,-14.000164,-590.133118,464.981903
30,-330,510,30.9999104,-325.144501,509.986633
390,-330,150,390.999084,-325.602356,149.95723
345,-595,195,345.999084,-590.590454,194.95723
345,-595,285,345.999084,-590.590454,284.957245
390,-330,150,390.999084,-325.602356,149.95723
345,-595,285,345.999084,-590.590454,284.957245
390,-330,330,390.999084,-325.602356,329.957245
390,-330,330,389.957245,-326.522308,330.999084
345,-595,285,344.957245,-591.510376,285.999084
255,-595,285,254.95723,-591.510376,285.999084
390,-330,330,389.957245,-326.522308,330.999084
255,-595,285,254.95723,-591.510376,285.999084
210,-330,330,209.95723,-326.522308,330.999084
210,-330,330,209.000946,-322.856628,329.956543
255,-595,285,254.000946,-587.844788,284.956543
255,-595,195,254.000946,-587.844788,194.956528
210,-330,330,209.000946,-322.856628,329.956543
255,-595,195,254.000946,-587.844788,194.956528
210,-330,150,209.000946,-322.856628,149.956528
210,-330,150,209.956528,-321.936676,149.000946
255,-595,195,254.956528,-586.924866,194.000946
345,-595,195,344.956543,-586.924866,194.000946
210,-330,150,209.956528,-321.936676,149.000946
345,-595,195,344.956543,-586.924866,194.000946
390,-330,150,389.956543,-321.936676,149.000946
-30,-330,30,-30.0435257,-326.06958,29.000948
15,-595,75,14.9563379,-591.057739,74.0009537
105,-595,75,104.956345,-591.057739,74.0009537
-30,-330,30,-30.0435257,-326.06958,29.000948
105,-595,75,104.956345,-591.057739,74.0009537
150,-330,30,149.956604,-326.069519,29.0009422
-30,-330,210,-30.9990578,-325.149536,209.956604
15,-595,165,14.0009375,-590.137634,164.956711
15,-595,75,14.000948,-590.137756,74.9564743
-30,-330,210,-30.9990578,-325.149536,209.956604
15,-595,75,14.000948,-590.137756,74.9564743
-30,-330,30,-30.999052,-325.149567,29.9564705
150,-330,210,149.957581,-322.389343,210.9991
105,-595,165,104.958305,-587.377319,165.99913
15,-595,165,14.9583025,-587.377319,165.99913
150,-330,210,149.957581,-322.389343,210.9991
15,-595,165,14.9583025,-587.377319,165.99913
-30,-330,210,-30.0415268,-322.38916,210.99913
150,-330,30,150.99913,-323.309113,29.9583035
105,-595,75,105.999908,-588.292725,74.9864731
105,-595,165,105.999908,-588.292725,164.986481
150,-330,30,150.99913,-323.309113,29.9583035
105,-595,165,105.999908,-588.292725,164.986481
150,-330,210,150.9991,-323.309296,209.957581
150,-330,-270,149.956528,-321.469574,-270.999054
195,-595,-225,194.956528,-586.457764,-225.999054
285,-595,-225,284.956543,-586.457764,-225.999054
150,-330,-270,149.956528,-321.469574,-270.999054
285,-595,-225,284.956543,-586.457764,-225.999054
330,-330,-270,329.956543,-321.469574,-270.999054
150,-330,-90,149.000961,-321.936768,-90.0435257
195,-595,-135,194.000946,-586.924866,-135.043274
195,-595,-225,194.000946,-586.924866,-225.043274
150,-330,-90,149.000961,-321.936768,-90.0435257
195,-595,-225,194.000946,-586.924866,-225.043274
150,-330,-270,149.000946,-321.936676,-270.043274
330,-330,-90,329.986481,-326.984497,-89.0000916
285,-595,-135,284.957245,-591.977478,-134.000916
195,-595,-135,194.95723,-591.977478,-134.000916
330,-330,-90,329.986481,-326.984497,-89.0000916
195,-595,-135,194.95723,-591.977478,-134.000916
150,-330,-90,149.986481,-326.984497,-89.0000916
330,-330,-270,330.999084,-326.522308,-270.042267
285,-595,-225,285.999084,-591.510376,-225.042267
285,-595,-135,285.999084,-591.510376,-135.042267
330,-330,-270,330.999084,-326.522308,-270.042267
285,-595,-135,285.999084,-591.510376,-135.042267
330,-330,-90,330.999115,-326.522125,-90.0415268
-150,-330,-150,-149.0009,-321.936401,-150.042267
-195,-595,-105,-194.00087,-586.924377,-105.041527
-195,-595,-15,-194.00087,-586.924377,-15.0416126
-150,-330,-150,-149.0009,-321.936401,-150.042267
-195,-595,-15,-194.00087,-586.924377,-15.0416126
-150,-330,30,-149.00087,-321.936218,29.9583035
-150,-330,30,-150.013062,-325.144501,30.9999104
-195,-595,-15,-195.018097,-590.133118,-14.000164
-285,-595,-15,-285.018097,-590.133118,-14.000164
-150,-330,30,-150.013062,-325.144501,30.9999104
-285,-595,-15,-285.018097,-590.133118,-14.000164
-330,-330,30,-330.013062,-325.144501,30.9999104
-330,-330,30,-330.999023,-326.522675,29.9558182
-285,-595,-15,-285.999023,-591.510742,-15.0436134
-285,-595,-105,-285.999023,-591.510742,-105.043526
-330,-330,30,-330.999023,-326.522675,29.9558182
-285,-595,-105,-285.999023,-591.510742,-105.043526
-330,-330,-150,-330.999054,-326.522491,-150.043274
-330,-330,-150,-330.043274,-323.30957,-150.999054
-285,-595,-105,-285.043274,-588.297729,-105.999054
-195,-595,-105,-195.043274,-588.297729,-105.999054
-330,-330,-150,-330.043274,-323.30957,-150.999054
-195,-595,-105,-195.043274,-588.297729,-105.999054
-150,-330,-150,-150.043274,-323.30957,-150.999054
60,590,0,59.9953995,591.163086,0.99998939
-148,330,-216,-148.042267,331.165588,-215.0009
-272,330,-216,-272.042267,331.165588,-215.0009
60,590,0,59.5007248,604.766968,0.866435647
-272,330,-216,-272.500549,344.645233,-215.134293
-44,590,-60,-44.4990959,604.744507,-59.1334534
-44,590,-60,-43.1324081,592.432495,-60.4972763
-272,330,-216,-271.134338,332.448822,-216.500626
-210,330,-108,-209.1315,332.44516,-108.495689
-44,590,-60,-43.0000801,592.338745,-60.0125427
-210,330,-108,-209.00087,332.337006,-108.041527
-44,590,60,-43.0000801,592.338745,59.9873466
-306,330,210,-306.043274,331.703339,209.000946
-150,330,210,-150.043274,331.703339,209.000946
60,590,120,59.9561653,591.710815,119.000961
-228,330,75,-227.135239,330.767242,75.5021744
-306,330,210,-305.134308,330.766144,210.500549
-44,590,60,-43.1363983,590.774719,60.5041733
60,590,0,60.5041733,594.172241,0.863601565
-228,330,75,-227.502472,334.16452,75.8674469
-44,590,60,-43.4956818,594.173096,60.8635178
60,590,0,59.1362915,591.2771,0.50398773
168,300,-255,167.134293,301.285004,-254.499451
90,300,-390,89.1342926,301.28772,-389.499451
60,590,0,59.000927,595.795593,-0.043009311
90,300,-390,89.0009384,305.822205,-390.043274
60,590,-120,59.0009499,595.795349,-120.043526
60,590,-120,60.8627892,591.75885,-119.494438
90,300,-390,90.8674469,301.764069,-389.502472
12,300,-255,12.8633385,301.76535,-254.495377
60,590,-120,60.4971771,591.180725,-119.132355
12,300,-255,12.5056448,301.171387,-254.137268
-44,590,-60,-43.500824,591.178528,-59.133503
164,590,-60,163.495483,600.779358,-59.1366005
285,210,-31,284.495636,220.797882,-30.1365089
60,590,-120,59.5007248,600.78479,-119.13356
60,590,0,59.1363029,591.024048,-0.504006386
363,210,104,362.12796,211.022003,103.510567
441,210,-31,440.127686,211.020569,-31.488945
60,590,0,59.5007248,592.899292,-0.866425693
441,210,-31,440.497498,212.875305,-31.8645725
164,590,-60,163.497498,592.894348,-60.8645706
60,590,0,60.9999084,596.926453,-0.0130093265
25,210,-23,25.9999199,216.888321,-23.0125427
60,590,120,60.9999199,596.926575,119.98735
181,210,-23,180.986908,232.35112,-22.0000858
25,210,-23,24.9873447,232.351212,-22.0000801
60,590,0,59.9948616,612.282166,0.999986768
164,590,60,163.495514,592.550049,60.8634148
181,210,-23,180.495712,212.561264,-22.1364651
60,590,0,59.5007248,592.55011,0.866441905
60,590,120,59.1352959,605.557922,119.497719
103,210,113,102.135292,225.609634,112.497726
181,210,-23,180.12764,225.620316,-23.4888611
12,-330,-495,12.8631878,-319.949463,-494.495117
-6,60,-414,-5.13255262,70.1427765,-413.502472
43,60,-499,43.8674316,70.118782,-498.502472
12,-330,-495,12.8627052,-310.881073,-494.494293
43,60,-499,43.8674278,79.0844803,-498.502472
90,-330,-630,90.865448,-310.868103,-629.499023
90,-330,-630,89.1322937,-326.938873,-629.50293
43,60,-499,42.1342926,63.0514145,-498.499451
92,60,-414,91.1342926,63.0503693,-413.499451
90,-330,-630,89.1326065,-328.047668,-629.50238
92,60,-414,91.1343994,61.938942,-413.499268
168,-330,-495,167.134293,-328.055664,-494.499451
168,300,-255,167.134323,310.605438,-254.499405
92,60,-414,91.1342926,70.5657196,-413.499451
43,60,-499,42.1342926,70.5613937,-498.499451
168,300,-255,167.134293,319.972198,-254.499451
43,60,-499,42.1342926,80.0807953,-498.499451
90,300,-390,89.1342926,320.011963,-389.499451
90,300,-390,90.8674545,302.092682,-389.502502
43,60,-499,43.8674431,62.091011,-498.502472
-6,60,-414,-5.13270998,62.094696,-413.502197
90,300,-390,90.8674469,301.223633,-389.502472
-6,60,-414,-5.13323593,61.225647,-413.501282
12,300,-255,12.8631964,301.224854,-254.495132
441,210,-31,440.986908,222.597687,-30.0000858
510,-330,-90,509.986481,-317.387482,-89.0000916
432,-330,-90,431.986481,-317.387482,-89.0000916
441,210,-31,440.986908,222.597687,-30.0000858
432,-330,-90,431.986481,-317.387482,-89.0000916
285,210,-31,284.986908,222.597687,-30.0000858
246,-330,390,245.956528,-325.507996,389.000946
242,30,308,241.956528,34.5054741,307.000946
164,30,308,163.956528,34.5054741,307.000946
246,-330,390,245.956528,-325.507996,389.000946
164,30,308,163.956528,34.5054741,307.000946
90,-330,390,89.9558182,-325.508118,389.000977
90,-330,390,90.8604202,-310.977905,390.509583
164,30,308,164.864609,49.1003418,308.502441
203,30,241,203.864532,49.1197395,241.502563
90,-330,390,90.861557,-318.057892,390.50766
203,30,241,203.864517,42.0686607,241.502563
168,-330,255,168.864517,-318.017731,255.502563
363,210,104,362.135437,229.533356,103.497482
471,-330,-23,470.135315,-310.543213,-23.5022907
510,-330,-90,509.135406,-310.533691,-90.5024414
363,210,104,362.131927,236.904831,103.503563
510,-330,-90,509.131287,-303.167145,-90.495285
441,210,-31,440.135406,236.926132,-31.5024624
186,390,330,185.134293,393.837982,330.500549
242,30,308,241.134964,33.8290215,308.501709
203,30,241,202.134796,33.8237801,241.501419
186,390,330,185.134293,393.960724,330.500549
203,30,241,202.13446,33.9739189,241.500839
108,390,195,107.134575,393.957886,195.501038
33,-330,-270,32.9579391,-322.353821,-269.000885
111,-30,-218,110.958305,-22.3409004,-217.00087
189,-30,-218,188.957581,-22.3410797,-217.0009
33,-330,-270,32.9579391,-322.353821,-269.000885
189,-30,-218,188.957581,-22.3410797,-217.0009
150,-330,-270,149.95723,-322.353973,-269.000916
92,-330,-169,92.8634186,-323.237762,-169.504486
150,-30,-150,150.864609,-23.236515,-150.502441
111,-30,-218,111.864441,-23.234705,-218.502731
92,-330,-169,92.8634186,-322.886566,-169.504486
111,-30,-218,111.863419,-22.8946953,-218.504486
33,-330,-270,33.8633957,-322.876343,-270.504517
181,210,-23,180.986908,210.790588,-22.0000858
189,-30,-218,188.957581,-29.2067738,-217.0009
111,-30,-218,110.958305,-29.2067509,-217.00087
181,210,-23,180.986908,210.790588,-22.0000858
111,-30,-218,110.958305,-29.2067509,-217.00087
25,210,-23,24.9869003,210.790588,-22.0000858
-252,-330,-285,-252.860428,-310.724762,-285.509552
-326,30,-203,-326.860474,49.3530045,-203.509491
-365,30,-136,-365.860443,49.3724022,-136.509521
-252,-330,-285,-252.860474,-309.368652,-285.509491
-365,30,-136,-365.861115,50.7579041,-136.508408
-330,-330,-150,-330.861511,-309.328491,-150.507736
-408,-330,-285,-408.042267,-323.802399,-284.000916
-404,30,-203,-404.042267,36.2111397,-202.0009
-326,30,-203,-326.042267,36.2111397,-202.0009
-408,-330,-285,-408.042267,-323.802399,-284.000916
-326,30,-203,-326.042267,36.2111397,-202.0009
-252,-330,-285,-252.042267,-323.802399,-284.000916
-272,330,-216,-271.135132,331.412476,-216.501999
-404,30,-203,-403.134796,31.4188709,-203.501419
-365,30,-136,-364.134735,31.4210796,-136.501312
-272,330,-216,-271.134338,332.229614,-216.500626
-365,30,-136,-364.134277,32.24189,-136.500519
-210,330,-108,-209.131302,332.232574,-108.495323
-228,-330,195,-228.865036,-308.335052,195.501709
-276,-30,142,-276.864563,-8.37203884,142.502518
-237,-30,209,-237.864761,-8.3646183,209.502182
-228,-330,195,-228.864532,-312.415497,195.502548
-237,-30,209,-237.864548,-12.3812819,209.502548
-150,-330,330,-150.868561,-312.373352,330.495514
-150,-330,330,-150.043274,-326.451813,329.000946
-237,-30,209,-237.043274,-26.4641914,208.000946
-315,-30,209,-315.043274,-26.4641914,208.000946
-150,-330,330,-150.043274,-326.451813,329.000946
-315,-30,209,-315.043274,-26.4641914,208.000946
-306,-330,330,-306.043274,-326.451813,329.000946
-228,330,75,-227.135239,357.267334,75.5021744
-276,-30,142,-275.134399,-2.64186859,142.500732
-315,-30,209,-314.134369,-2.65246153,209.500671
-228,330,75,-227.135239,353.582581,75.5021744
-315,-30,209,-314.134308,-6.25278902,209.500549
-306,330,210,-305.134338,353.567352,210.500626
-1970,0,60,-1969.11292,2.35369873,59.5383949
-1955,0,90,-1954.11279,2.35369873,89.5386353
-1940,45,90,-1939.11279,47.353817,89.5386353
-1970,0,60,-1969.11292,2.35369873,59.5383949
-1940,45,90,-1939.11279,47.353817,89.5386353
-1955,45,60,-1954.11316,47.353817,59.5379257
-2060,45,90,-2060.88867,49.3541832,89.5414581
-2045,0,90,-2045.89038,4.35406494,89.5447845
-2030,0,60,-2030.89258,4.35449219,59.5491104
-2060,45,90,-2060.88867,49.3541832,89.5414581
-2030,0,60,-2030.89258,4.35449219,59.5491104
-2045,45,60,-2045.89038,49.3541832,59.5447845
-2158,62,52,-2158.90869,64.5429688,51.5826797
-2214,26,192,-2214.89795,28.5452919,191.559937
-2203,0,188,-2203.9021,2.5456748,187.568481
-2158,62,52,-2158.90869,67.389801,51.5826797
-2203,0,188,-2203.90234,5.39422894,187.568985
-2150,0,75,-2150.90918,5.38915396,74.5836029
-2214,26,192,-2214.97534,29.3552647,192.220505
-2180,0,285,-2180.97534,3.35276842,285.220398
-2203,0,188,-2203.97559,3.35575891,188.219437
-2150,0,75,-2149.56543,3.53695035,74.0993652
-2120,0,90,-2119.56543,3.53856659,89.0993652
-2158,62,52,-2157.56567,65.5355148,51.099247
-1760,180,270,-1759.01062,181.703445,269.854675
-1760,240,120,-1759.01257,241.700912,119.841927
-1775,195,133,-1774.0127,196.702545,132.841171
-1775,195,133,-1774.03503,196.701706,132.737625
-1760,240,120,-1759.03296,241.699265,119.745384
-1760,300,29,-1759.03296,301.694122,28.7453804
