150,390,150,149.281662,392.931274,150.695694
60,390,60,59.2686653,392.929688,60.6820183
42,432,60,41.2686653,434.930328,60.6820183
150,390,150,149.304138,393.816467,150.71817
42,432,60,41.31884,435.818146,60.732132
106,496,150,105.294792,499.814606,150.709
106,496,150,105.610664,496.565857,150.921082
42,432,60,41.6054382,432.563049,60.918869
0,450,60,-0.391007841,450.562775,60.9203682
106,496,150,105.611282,497.65918,150.921356
0,450,60,-0.379007995,451.657349,60.9253578
0,540,150,-0.380068064,541.65741,150.924957
0,540,150,0.392061621,541.206543,150.919937
0,450,60,0.390989184,451.206512,60.9203873
-42,432,60,-41.611763,433.206726,60.9215317
0,540,150,0.379989326,540.775085,150.924957
-42,432,60,-41.611763,432.776428,60.9215546
-106,496,150,-105.610779,496.774139,150.921143
-106,496,150,-105.298943,500.567719,150.713104
-42,432,60,-41.2989349,436.561096,60.7130966
-60,390,60,-59.2989349,394.560455,60.7130852
-106,496,150,-105.298943,500.001923,150.713104
-60,390,60,-59.2873611,393.99765,60.7015305
-150,390,150,-149.299042,393.997589,150.713196
106,240,106,105.597435,241.764908,105.08461
42,330,42,41.5972939,331.762146,41.084671
0,330,60,-0.400007725,331.761871,59.0834885
106,240,106,105.621666,241.659149,105.074333
0,330,60,-0.386007905,331.657349,59.077507
0,240,150,-0.385007918,241.657349,149.077087
0,240,150,0.384989262,241.206451,149.077087
0,330,60,0.385989249,331.206451,59.0774994
-42,330,42,-41.6167603,331.206696,41.0763512
0,240,150,0.384999633,241.27211,149.077087
-42,330,42,-41.6167603,331.273438,41.0763512
-106,240,106,-105.616844,241.27121,105.076317
150,240,0,149.077087,241.206451,-0.385007918
60,330,0,59.077507,331.206451,-0.386007905
42,330,42,41.07864,331.206757,41.61129
150,240,0,149.077087,241.27211,-0.385007918
42,330,42,41.0735207,331.273407,41.6236572
106,240,106,105.073532,241.271194,105.623627
106,240,-106,105.076149,241.764893,-105.617249
42,330,-42,41.0757103,331.762115,-41.618309
60,330,0,59.0782318,331.761902,0.387741268
106,240,-106,105.075531,241.659149,-105.618744
60,330,0,59.0774994,331.657349,0.385989249
150,240,0,149.077087,241.657349,0.384989262
0,240,-150,-0.399007738,241.206482,-149.083054
0,330,-60,-0.398007751,331.206482,-59.0826187
42,330,-42,41.604702,331.206787,-41.0814476
0,240,-150,-0.380625725,241.27211,-149.075272
42,330,-42,41.6166611,331.273438,-41.0763931
106,240,-106,105.616844,241.27121,-105.076317
-106,240,-106,-105.611763,241.764938,-105.078445
-42,330,-42,-41.611763,331.762146,-41.0784416
0,330,-60,0.390989184,331.761932,-59.0796051
-106,240,-106,-105.611763,241.659149,-105.078445
0,330,-60,0.378989339,331.657349,-59.0746002
0,240,-150,0.379989326,241.657349,-149.075012
-150,240,0,-149.080032,241.206497,0.391989172
-60,330,0,-59.0826111,331.206482,0.397989094
-42,330,-42,-41.0835876,331.206726,-41.5997658
-150,240,0,-149.075272,241.27211,0.380625725
-42,330,-42,-41.0776024,331.273438,-41.6137619
-106,240,-106,-105.077606,241.271194,-105.613754
-106,240,106,-105.080612,241.764954,105.606651
-42,330,42,-41.0806046,331.762177,41.6066666
-60,330,0,-59.0826187,331.761902,-0.398007751
-106,240,106,-105.075569,241.659149,105.618652
-60,330,0,-59.0746078,331.657349,-0.379007995
-150,240,0,-149.075027,241.657349,-0.380007982
25,394,665,24.0009251,394.860352,664.957031
25,394,150,24.0009384,394.860321,149.956696
0,423,150,-0.999062896,423.860138,149.956726
25,394,665,24.0009251,394.860352,664.957031
0,423,150,-0.999062896,423.860138,149.956726
0,423,665,-0.999062896,423.860138,664.956726
0,423,665,0.999949336,423.861145,664.993164
0,423,150,0.999949336,423.861145,149.992981
-25,394,150,-24.0000858,394.861328,149.986908
0,423,665,0.999949336,423.861145,664.993164
-25,394,150,-24.0000858,394.861328,149.986908
-25,394,665,-24.000082,394.861328,664.987244
-38,-390,-37,-38.0125427,-377.612488,-36.0000801
-30,-330,-30,-30.0125427,-317.611969,-29.0000801
30,-330,-30,29.9870472,-317.611969,-29.0000839
-38,-390,-37,-38.0125427,-377.612488,-36.0000801
30,-330,-30,29.9870472,-317.611969,-29.0000839
38,-390,-37,37.9873466,-377.612488,-36.0000801
38,-390,37,37.9564285,-377.619965,36.0009499
30,-330,30,29.9563828,-317.619415,29.0009518
-30,-330,30,-30.0435257,-317.619415,29.000948
38,-390,37,37.9564285,-377.619965,36.0009499
-30,-330,30,-30.0435257,-317.619415,29.000948
-38,-390,37,-38.0435257,-377.619965,36.0009499
-37,-390,38,-36.0000801,-377.612488,37.9873466
-30,-330,30,-29.0000801,-317.611969,29.9873447
-30,-330,-30,-29.0000801,-317.611969,-30.0125427
-37,-390,38,-36.0000801,-377.612488,37.9873466
-30,-330,-30,-29.0000801,-317.611969,-30.0125427
-37,-390,-38,-36.0000801,-377.612488,-38.0125427
30,-330,30,29.000948,-317.619415,29.9564705
37,-390,38,36.0009499,-377.619965,37.9564285
37,-390,-38,36.0009499,-377.619965,-38.0435257
30,-330,30,29.000948,-317.619415,29.9564705
37,-390,-38,36.0009499,-377.619965,-38.0435257
30,-330,-30,29.000948,-317.619415,-30.0435257
246,-540,-635,245.399094,-533.40094,-635.799316
306,-720,-635,305.399109,-713.400879,-635.799316
276,-510,-665,275.390747,-503.396393,-665.792969
635,-1170,246,635.946594,-1165.64844,246.322418
635,-1080,306,635.945923,-1075.64404,306.32431
665,-990,276,665.946167,-985.639709,276.323669
461,-990,-480,461.692902,-988.826294,-480.721008
483,-990,-458,483.692902,-988.826294,-458.720978
521,-930,-480,521.700623,-928.82605,-480.713531
521,-570,480,521.702148,-568.558777,480.712006
483,-630,458,483.69574,-628.55896,458.718292
461,-630,480,461.69574,-628.55896,480.718292
315,-360,626,315.525238,-355.352325,626.850952
246,-450,635,246.524734,-445.355988,635.851257
216,-420,665,216.52504,-415.355896,665.851074
315,-360,626,315.709045,-358.358429,626.705078
216,-420,665,216.710083,-418.358398,665.704102
276,-360,665,276.708069,-358.358429,665.706055
504,-420,437,504.293091,-415.722992,437.956024
453,-450,446,453.293091,-445.7229,446.956055
483,-360,458,483.293121,-355.720428,458.956055
453,-450,446,453.693909,-445.457306,446.720032
400,-360,540,400.708069,-355.465149,540.706055
483,-360,458,483.69397,-355.458893,458.720001
519,-780,-628,519.042664,-704.978516,-628.999084
306,-720,-635,306.042572,-644.937256,-635.999084
246,-810,-635,246.041321,-734.937866,-635.999146
483,-720,-458,483.290527,-715.846802,-458.956848
453,-810,-446,453.29071,-805.849304,-446.956787
504,-780,-437,504.29007,-775.849365,-437.957001
483,-720,-458,483.692902,-715.366577,-458.721008
461,-720,-480,461.692932,-715.366577,-480.720978
453,-810,-446,453.694763,-805.366943,-446.719238
-504,-1140,-437,-504.306396,-1135.97546,-437.951874
-453,-1170,-446,-453.309143,-1165.97571,-446.950958
-483,-1080,-458,-483.309143,-1075.97314,-458.950989
-453,-1170,-446,-453.721039,-1165.97021,-446.69281
-461,-1080,-480,-461.720062,-1075.96948,-480.693848
-483,-1080,-458,-483.721069,-1075.96948,-458.692841
635,-1080,306,635.999023,-1036.8197,306.042969
635,-1170,246,635.999084,-1126.86707,246.042557
628,-1140,521,628.999084,-1096.8479,521.041931
1328,-570,840,1327.00098,-568.873474,839.955872
1305,-540,833,1304.00098,-538.872986,832.955872
1305,-540,1680,1304.00098,-538.872986,1679.95593
1305,-540,630,1304.00098,-538.872986,629.955872
1305,-540,728,1304.00098,-538.872986,727.955872
1328,-570,720,1327.00098,-568.873474,719.955872
1305,-540,630,1304.00098,-539.072083,629.955872
1328,-570,720,1327.00195,-569.071594,719.937561
1335,-570,600,1334.00098,-569.073364,599.955872
1545,-645,746,1545.48022,-567.731873,745.122864
1510,-645,727,1510.46863,-567.725647,726.116638
1531,-970,742,1531.47949,-892.700012,741.122498
1545,-645,746,1545.61328,-598.27002,745.210144
1531,-970,742,1531.61414,-923.178955,741.210815
1545,-970,753,1545.61353,-923.19342,752.210327
1545,-645,746,1545.46729,-642.722778,745.115906
1545,-480,630,1545.47961,-477.724335,629.122559
1510,-645,727,1510.47986,-642.7229,726.122681
1545,-480,630,1545.58777,-478.323242,629.190979
1515,-510,630,1515.58643,-508.323273,629.190002
1510,-645,727,1510.58777,-643.319885,726.190979
1580,-645,726,1579.49622,-643.481262,725.13623
1545,-480,630,1544.49609,-478.484436,629.136292
1545,-645,746,1544.49609,-643.481262,745.136292
1580,-645,726,1579.4043,-642.610107,725.196838
1575,-510,630,1574.4043,-507.609985,629.196838
1545,-480,630,1544.4093,-477.609833,629.193115
1545,-970,753,1544.49121,-912.598633,752.13916
1580,-645,726,1579.49683,-587.753723,725.135864
1545,-645,746,1544.49121,-587.779785,745.13916
1571,-645,1030,1570.21021,-608.34906,1029.38672
1567,-1040,1044,1566.20715,-1002.96283,1043.39062
1578,-1040,1030,1577.20825,-1002.96283,1029.38916
1571,-645,1030,1570.12146,-643.143921,1029.52234
1455,-440,1030,1454.12256,-438.136597,1029.52039
1552,-645,1065,1551.11572,-643.145264,1064.53308
1455,-440,1030,1454.12732,-438.655731,1029.51172
1455,-470,1060,1454.1283,-468.65564,1059.51001
1552,-645,1065,1551.12732,-643.655945,1064.51172
1551,-645,995,1550.12256,-643.28717,995.479675
1455,-440,1030,1454.12817,-438.293488,1030.48975
1571,-645,1030,1570.13135,-643.286621,1030.49524
1551,-645,995,1550.12256,-643.571472,995.479614
1455,-470,1000,1454.12769,-468.574402,1000.48889
1455,-440,1030,1454.12769,-438.574493,1030.48889
1578,-1040,1030,1577.12769,-971.811584,1030.48889
1551,-645,995,1550.13574,-576.736389,995.502991
1571,-645,1030,1570.12769,-576.728455,1030.48889
1519,-675,1250,1519.87158,-622.179382,1250.49023
1539,-675,1215,1539.86768,-622.179382,1215.49695
1523,-980,1236,1523.86438,-927.253174,1236.50281
1519,-675,1250,1519.78906,-644.535278,1250.61426
1523,-980,1236,1523.78149,-949.663025,1236.6239
1512,-980,1250,1512.78833,-949.65625,1250.61523
1519,-675,1250,1519.86426,-673.045837,1250.50293
1635,-470,1250,1635.86377,-468.052979,1250.50378
1539,-675,1215,1539.87158,-673.046387,1215.49011
1635,-470,1250,1635.87158,-468.959198,1250.49023
1635,-500,1220,1635.86804,-498.959259,1220.49646
1539,-675,1215,1539.86377,-673.956299,1215.50378
1538,-675,1285,1538.87744,-673.242798,1284.52039
1635,-470,1250,1635.87646,-468.234222,1249.51855
1519,-675,1250,1519.87646,-673.241821,1249.51855
1538,-675,1285,1538.86816,-672.895752,1284.50378
1635,-500,1280,1635.86426,-497.895874,1279.49707
1635,-470,1250,1635.86475,-467.895813,1249.4978
1512,-980,1250,1512.87708,-925.896118,1249.51965
1538,-675,1285,1538.88391,-620.991638,1284.53235
1519,-675,1250,1519.87646,-620.988647,1249.51855
1688,-970,1547,1687.8606,-893.234924,1547.99023
1641,-585,1548,1640.86719,-508.285919,1548.99109
1684,-585,1554,1683.85352,-508.26709,1554.98914
1641,-585,1548,1640.84668,-583.21698,1548.98816
1650,-450,1650,1649.84668,-448.219238,1650.98816
1684,-585,1554,1683.8606,-583.217773,1554.99023
1641,-585,1548,1640.82471,-583.701843,1548.9845
1605,-480,1620,1604.8302,-478.703156,1620.98547
1650,-450,1650,1649.8302,-448.704712,1650.98547
1684,-585,1554,1683.13513,-582.504517,1554.50195
1650,-450,1650,1649.13818,-447.504517,1650.5072
1706,-585,1591,1705.13562,-582.503784,1591.50281
1650,-450,1650,1649.19592,-448.774597,1650.59448
1695,-480,1680,1694.20178,-478.776306,1680.60229
1706,-585,1591,1705.20422,-583.778381,1591.60547
1684,-585,1554,1683.13611,-525.46582,1554.50366
1706,-585,1591,1705.13843,-525.46582,1591.50757
1697,-970,1567,1696.1355,-909.982605,1567.50256
1684,-585,1554,1683.08862,-524.383972,1554.4115
1697,-970,1567,1696.08484,-909.301941,1567.40308
1688,-970,1547,1687.0885,-909.276733,1547.41125
1402,-970,1547,1402.85803,-911.08783,1547.51355
1384,-585,1591,1384.86438,-526.067749,1591.50281
1406,-585,1554,1406.86389,-526.08783,1554.50366
1384,-585,1591,1384.86084,-583.343689,1591.50867
1440,-450,1650,1440.85205,-448.344513,1650.52332
1406,-585,1554,1406.86389,-583.344177,1554.50366
1384,-585,1591,1384.78442,-582.360413,1591.62012
1395,-480,1680,1395.78833,-477.358246,1680.61523
1440,-450,1650,1440.78821,-447.356537,1650.61511
1406,-585,1554,1406.13135,-584.145447,1554.99133
1440,-450,1650,1440.13123,-449.146698,1650.99133
1449,-585,1548,1449.13086,-584.144653,1548.99133
1440,-450,1650,1440.16895,-448.890228,1650.98547
1485,-480,1620,1485.16895,-478.888702,1620.98547
1449,-585,1548,1449.15198,-583.887268,1548.98828
1406,-585,1554,1406.13086,-482.436554,1554.99133
1449,-585,1548,1449.12317,-482.4263,1548.99231
1423,-970,1547,1423.12305,-867.501709,1547.99231
1406,-585,1554,1405.95593,-507.903961,1554.99902
1423,-970,1547,1422.95593,-892.690857,1547.99902
1402,-970,1547,1401.95593,-892.690857,1547.99902
1700,-195,2603,1699.95593,-192.04982,2603.99902
1670,-165,2618,1669.95593,-162.049927,2618.99902
1875,-165,2618,1874.95593,-162.049927,2618.99902
1700,-195,2603,1699.95593,-192.04982,2603.99902
1875,-165,2618,1874.95593,-162.049927,2618.99902
1845,-195,2603,1844.95593,-192.04982,2603.99902
1670,-165,2648,1669.95593,-162.279205,2647.00098
1700,-195,2663,1699.95593,-192.279099,2662.00098
1875,-195,2663,1874.95593,-192.279099,2662.00098
1670,-165,2648,1669.95593,-162.279205,2647.00098
1875,-195,2663,1874.95593,-192.279099,2662.00098
1875,-165,2648,1874.95593,-162.279205,2647.00098
1245,-195,2603,1244.95593,-192.04982,2603.99902
1215,-165,2618,1214.95593,-162.049927,2618.99902
1420,-165,2618,1419.95593,-162.049927,2618.99902
1245,-195,2603,1244.95593,-192.04982,2603.99902
1420,-165,2618,1419.95593,-162.049927,2618.99902
1390,-195,2603,1389.95593,-192.04982,2603.99902
1215,-165,2648,1214.95593,-162.279205,2647.00098
1215,-195,2663,1214.95593,-192.279099,2662.00098
1390,-195,2663,1389.95593,-192.279099,2662.00098
1215,-165,2648,1214.95593,-162.279205,2647.00098
1390,-195,2663,1389.95593,-192.279099,2662.00098
1420,-165,2648,1419.95593,-162.279205,2647.00098
1273,-750,-695,1272.02136,-747.725525,-694.794434
1284,-780,-684,1283.01941,-777.725708,-683.803955
1273,-780,-738,1272.02136,-777.724792,-737.794434
1357,-530,-1459,1357.69678,-521.862,-1459.71729
1491,-536,-1325,1491.69836,-527.862671,-1325.7157
1591,-530,-1226,1591.69739,-521.862,-1226.71667
1357,-690,-1480,1356.29492,-671.160828,-1479.29089
1462,-630,-1375,1461.29895,-611.088623,-1374.28699
1502,-630,-1336,1501.3009,-611.057434,-1335.28503
1601,-530,-1236,1600.2959,-527.263062,-1235.28992
1502,-536,-1336,1501.30103,-533.264465,-1335.28491
1462,-536,-1375,1461.29944,-533.265137,-1374.2865
-2340,-435,-314,-2340.04199,-433.868866,-313.000885
-2310,-435,-314,-2310.04199,-433.868866,-313.000885
-2310,-450,-322,-2310.04199,-448.868591,-321.000885
-1976,-435,-314,-1976.04199,-433.701935,-313.000885
-2006,-465,-329,-2006.04199,-463.701904,-328.000885
-2310,-465,-329,-2310.04199,-463.701904,-328.000885
-1976,-435,-314,-1976.04199,-433.701935,-313.000885
-2310,-465,-329,-2310.04199,-463.701904,-328.000885
-2310,-435,-314,-2310.04199,-433.701935,-313.000885
-2310,-435,-284,-2310.04297,-433.985992,-284.999054
-2340,-435,-284,-2340.04297,-433.985992,-284.999054
-2340,-465,-269,-2340.04297,-463.985962,-269.999054
-2310,-435,-284,-2310.04297,-433.985992,-284.999054
-2340,-465,-269,-2340.04297,-463.985962,-269.999054
-2310,-465,-269,-2310.04297,-463.985962,-269.999054
-1976,-435,-284,-1976.04297,-433.985992,-284.999054
-2310,-435,-284,-2310.04297,-433.985992,-284.999054
-2310,-465,-269,-2310.04297,-463.985962,-269.999054
-1976,-435,-284,-1976.04297,-433.985992,-284.999054
-2310,-465,-269,-2310.04297,-463.985962,-269.999054
-2006,-465,-269,-2006.04297,-463.985962,-269.999054
-1961,-580,-284,-1961.04297,-577.092896,-284.999054
-1976,-580,-284,-1976.04297,-577.092896,-284.999054
-2006,-610,-269,-2006.04297,-607.092834,-269.999054
-1961,-580,-284,-1961.04297,-577.092896,-284.999054
-2006,-610,-269,-2006.04297,-607.092834,-269.999054
-1961,-610,-269,-1961.04297,-607.092834,-269.999054
-1961,-580,-314,-1961.04199,-579.044861,-313.000885
-1961,-610,-329,-1961.04199,-609.0448,-328.000885
-2006,-610,-329,-2006.04199,-609.0448,-328.000885
-1961,-580,-314,-1961.04199,-579.044861,-313.000885
-2006,-610,-329,-2006.04199,-609.0448,-328.000885
-1976,-580,-314,-1976.04199,-579.044861,-313.000885
-2340,-640,-840,-2340.04297,-639.016418,-840.999023
-1980,-640,-840,-1980.04297,-639.016418,-840.999023
-1980,-610,-855,-1980.04297,-609.016357,-855.999023
-2340,-640,-840,-2340.04297,-639.016418,-840.999023
-1980,-610,-855,-1980.04297,-609.016357,-855.999023
-2310,-610,-855,-2310.04297,-609.016357,-855.999023
-1980,-640,-900,-1980.04297,-637.49469,-899.000977
-2340,-640,-900,-2340.04297,-637.49469,-899.000977
-2310,-610,-885,-2310.04297,-607.494751,-884.000977
-1980,-640,-900,-1980.04297,-637.49469,-899.000977
-2310,-610,-885,-2310.04297,-607.494751,-884.000977
-1980,-610,-885,-1980.04297,-607.494751,-884.000977
-1440,-893,-134,-1439.05762,-890.543396,-134.334473
-1425,-863,-134,-1424.05371,-860.543579,-134.323059
-1425,-610,-495,-1424.05334,-607.536316,-495.322235
-1440,-893,-134,-1439.05762,-890.543396,-134.334473
-1425,-610,-495,-1424.05334,-607.536316,-495.322235
-1440,-640,-495,-1439.05762,-637.536133,-495.334534
-1440,-893,-134,-1439.00098,-890.158203,-134.042267
-1440,-893,-89,-1439.00098,-890.158203,-89.0425262
-1425,-863,-104,-1424.00098,-860.158264,-104.042526
-1440,-893,-134,-1439.00098,-890.158203,-134.042267
-1425,-863,-104,-1424.00098,-860.158264,-104.042526
-1425,-863,-134,-1424.00098,-860.158264,-134.042267
-1380,-640,-495,-1380.99902,-639.02594,-495.042267
-1380,-640,-900,-1380.99902,-639.02594,-900.042969
-1395,-610,-885,-1395.99902,-609.026062,-885.042969
-1380,-640,-495,-1380.99902,-639.02594,-495.042267
-1395,-610,-885,-1395.99902,-609.026062,-885.042969
-1395,-610,-495,-1395.99902,-609.026062,-495.042267
-1380,-893,-149,-1380.94263,-890.729309,-149.333817
-1380,-640,-495,-1380.94202,-637.738159,-495.335052
-1395,-610,-495,-1395.94214,-607.737915,-495.335052
-1380,-893,-149,-1380.96851,-890.333801,-149.248688
-1395,-610,-495,-1395.96753,-607.324768,-495.252594
-1395,-863,-134,-1395.96765,-860.3349,-134.252243
-1440,-640,-840,-1439.00098,-637.485107,-840.042969
-1440,-640,-495,-1439.00098,-637.485107,-495.042267
-1425,-610,-495,-1424.00098,-607.485229,-495.042267
-1440,-640,-840,-1439.00098,-637.485107,-840.042969
-1425,-610,-495,-1424.00098,-607.485229,-495.042267
-1425,-610,-855,-1424.00098,-607.485229,-855.042969
-1680,-640,-840,-1680.04297,-639.016418,-840.999023
-1440,-640,-840,-1440.04297,-639.016418,-840.999023
-1425,-610,-855,-1425.04297,-609.016357,-855.999023
-1680,-640,-840,-1680.04297,-639.016418,-840.999023
-1425,-610,-855,-1425.04297,-609.016357,-855.999023
-1680,-610,-855,-1680.04297,-609.016357,-855.999023
-1380,-640,-900,-1380.04297,-637.49469,-899.000977
-1680,-640,-900,-1680.04297,-637.49469,-899.000977
-1680,-610,-885,-1680.04297,-607.494751,-884.000977
-1380,-640,-900,-1380.04297,-637.49469,-899.000977
-1680,-610,-885,-1680.04297,-607.494751,-884.000977
-1395,-610,-885,-1395.04297,-607.494751,-884.000977
-1440,-893,-89,-1440.04297,-891.067322,-89.999054
-1320,-893,-89,-1320.04297,-891.067322,-89.999054
-1320,-863,-104,-1320.04297,-861.067261,-104.999069
-1440,-893,-89,-1440.04297,-891.067322,-89.999054
-1320,-863,-104,-1320.04297,-861.067261,-104.999069
-1425,-863,-104,-1425.04297,-861.067261,-104.999069
-1320,-863,-134,-1320.04199,-860.789673,-133.000885
-1320,-893,-149,-1320.04199,-890.789673,-148.000885
-1380,-893,-149,-1380.04199,-890.789673,-148.000885
-1320,-863,-134,-1320.04199,-860.789673,-133.000885
-1380,-893,-149,-1380.04199,-890.789673,-148.000885
-1395,-863,-134,-1395.04199,-860.789673,-133.000885
-1919,-915,-85,-1919.04297,-844.690186,-85.9990692
-1922,-1290,-77,-1922.04297,-1219.62585,-77.9990692
-1738,-1290,-77,-1738.04297,-1219.62585,-77.9990692
-1919,-915,-85,-1919.04297,-844.690186,-85.9990692
-1738,-1290,-77,-1738.04297,-1219.62585,-77.9990692
-1741,-915,-85,-1741.04297,-844.690186,-85.9990692
-1741,-915,-85,-1741.70605,-871.643982,-85.7081528
-1738,-1290,-77,-1738.70801,-1246.37378,-77.7061539
-1608,-1290,-207,-1608.70117,-1246.37378,-207.712982
-1741,-915,-85,-1741.71118,-861.024963,-85.7029953
-1608,-1290,-207,-1608.70337,-1236.21021,-207.7108
-1616,-915,-211,-1616.70557,-861.100403,-211.708618
-1616,-915,-211,-1616.99902,-860.025208,-211.042267
-1608,-1290,-207,-1608.99902,-1234.96082,-207.042267
-1608,-1290,-391,-1608.99902,-1234.96082,-391.042267
-1616,-915,-211,-1616.99902,-860.025208,-211.042267
-1608,-1290,-391,-1608.99902,-1234.96082,-391.042267
-1616,-915,-388,-1616.99902,-860.025208,-388.042267
-1616,-915,-388,-1616.70459,-888.122742,-387.290405
-1608,-1290,-391,-1608.70605,-1262.94238,-390.29187
-1738,-1290,-522,-1738.7168,-1263.03931,-521.302734
-1616,-915,-388,-1616.70215,-879.50354,-387.287994
-1738,-1290,-522,-1738.71497,-1254.62842,-521.300842
-1741,-915,-513,-1741.71399,-879.50354,-512.299866
-1741,-915,-513,-1741.04297,-869.632507,-512.000977
-1738,-1290,-522,-1738.04297,-1244.72278,-521.000977
-1922,-1290,-522,-1922.04297,-1244.72278,-521.000977
-1741,-915,-513,-1741.04297,-869.632507,-512.000977
-1922,-1290,-522,-1922.04297,-1244.72278,-521.000977
-1919,-915,-513,-1919.04297,-869.632507,-512.000977
-1919,-915,-513,-1918.29993,-886.313477,-512.28595
-1922,-1290,-522,-1921.28381,-1261.21558,-521.302124
-2052,-1290,-391,-2051.29614,-1261.12903,-390.289673
-1919,-915,-513,-1918.30078,-883.267151,-512.285095
-2052,-1290,-391,-2051.29614,-1257.99097,-390.289673
-2044,-915,-388,-2043.29639,-883.261292,-387.289429
-2044,-915,-388,-2043.00098,-870.250916,-388.042267
-2052,-1290,-391,-2051.00098,-1245.18079,-391.042267
-2052,-1290,-207,-2051.00098,-1245.18079,-207.042267
-2044,-915,-388,-2043.00098,-870.250916,-388.042267
-2052,-1290,-207,-2051.00098,-1245.18079,-207.042267
-2044,-915,-211,-2043.00098,-870.250916,-211.042267
-2044,-915,-211,-2043.2959,-875.746582,-211.710098
-2052,-1290,-207,-2051.29785,-1250.87146,-207.711975
-1922,-1290,-77,-1921.29211,-1250.87146,-77.7062378
-2044,-915,-211,-2043.29797,-879.48938,-211.712082
-1922,-1290,-77,-1921.29211,-1254.55164,-77.7062912
-1919,-915,-85,-1918.29236,-879.406799,-85.7065582
-1699,-750,-245,-1699.99902,-748.415344,-245.042267
-1616,-915,-211,-1616.99902,-913.411865,-211.042267
-1616,-915,-388,-1616.99902,-913.411865,-388.042267
-1699,-750,-245,-1699.99902,-748.415344,-245.042267
-1616,-915,-388,-1616.99902,-913.411865,-388.042267
-1699,-750,-354,-1699.99902,-748.415344,-354.042267
-1699,-750,-354,-1699.70215,-747.241028,-353.287994
-1616,-915,-388,-1616.70337,-912.237549,-387.289185
-1741,-915,-513,-1741.7113,-912.237549,-512.297119
-1699,-750,-354,-1699.70447,-748.130371,-353.290283
-1741,-915,-513,-1741.70142,-913.128296,-512.287292
-1776,-750,-430,-1776.70422,-748.1297,-429.290039
-1776,-750,-430,-1776.04199,-748.228516,-429.000885
-1741,-915,-513,-1741.04297,-913.225403,-512.000977
-1919,-915,-513,-1919.04297,-913.225403,-512.000977
-1776,-750,-430,-1776.04199,-748.228516,-429.000885
-1919,-915,-513,-1919.04297,-913.225403,-512.000977
-1884,-750,-430,-1884.04199,-748.228516,-429.000885
-1884,-750,-430,-1883.29395,-747.308228,-429.29187
-1919,-915,-513,-1918.30176,-912.302734,-512.28418
-2044,-915,-388,-2043.29602,-912.302429,-387.289795
-1884,-750,-430,-1883.2959,-748.142578,-429.289917
-2044,-915,-388,-2043.29651,-913.148621,-387.289307
-1961,-750,-354,-1960.2959,-748.142029,-353.289917
-1961,-750,-354,-1960.00098,-747.561584,-354.042267
-2044,-915,-388,-2043.00098,-912.558105,-388.042267
-2044,-915,-211,-2043.00098,-912.558105,-211.042267
-1961,-750,-354,-1960.00098,-747.561584,-354.042267
-2044,-915,-211,-2043.00098,-912.558105,-211.042267
-1961,-750,-245,-1960.00098,-747.561584,-245.042267
-1961,-750,-245,-1960.29785,-748.544006,-245.711975
-2044,-915,-211,-2043.29785,-913.542358,-211.712021
-1919,-915,-85,-1918.29199,-913.542053,-85.7061615
-1961,-750,-245,-1960.29797,-748.774353,-245.712082
-1919,-915,-85,-1918.29211,-913.768311,-85.7063217
-1884,-750,-168,-1883.29797,-748.774353,-168.712112
-1884,-750,-168,-1884.04297,-747.747925,-168.999069
-1919,-915,-85,-1919.04297,-912.744568,-85.9990692
-1741,-915,-85,-1741.04297,-912.744568,-85.9990692
-1884,-750,-168,-1884.04297,-747.747925,-168.999069
-1741,-915,-85,-1741.04297,-912.744568,-85.9990692
-1776,-750,-168,-1776.04297,-747.747925,-168.999069
-1776,-750,-168,-1776.70569,-747.61554,-168.708511
-1741,-915,-85,-1741.70703,-912.61377,-85.7071152
-1616,-915,-211,-1616.70361,-912.615417,-211.710556
-1776,-750,-168,-1776.70422,-748.07196,-168.7099
-1616,-915,-211,-1616.70117,-913.068604,-211.712921
-1699,-750,-245,-1699.7002,-748.07196,-245.713928
-1617,-1290,-26,-1616.03784,-1255.53406,-25.7275105
-1623,-940,17,-1622.04077,-905.689575,17.2822952
-1612,-940,-21,-1611.04077,-905.703369,-20.7173691
-1623,-940,17,-1622.03809,-938.979126,17.2732716
-1530,-820,61,-1529.03796,-818.978271,61.2725029
-1612,-940,-21,-1611.03809,-938.977966,-20.7266483
-1623,-940,17,-1622.01172,-938.405579,17.1521435
-1560,-850,91,-1559.01453,-848.404968,91.1693573
-1530,-820,61,-1529.01453,-818.403503,61.1693573
-1612,-940,-21,-1611.72949,-939.161621,-20.0372829
-1530,-820,61,-1529.72949,-819.161743,61.9626732
-1574,-940,-32,-1573.72949,-939.162659,-31.0372829
-1530,-820,61,-1529.83789,-818.431335,61.9867554
-1500,-850,31,-1499.83789,-848.4328,31.9867287
-1574,-940,-32,-1573.83789,-938.433472,-31.0132275
-1612,-940,-21,-1611.72974,-893.914978,-20.0372143
-1574,-940,-32,-1573.72949,-893.87561,-31.0372829
-1599,-1290,-29,-1598.72949,-1243.89111,-28.0372829
-1612,-940,-21,-1611.83789,-892.460632,-20.0132275
-1599,-1290,-29,-1598.83789,-1242.21619,-28.0132275
-1617,-1290,-26,-1616.83789,-1242.21057,-25.0132275
-2043,-1290,-26,-2043.26855,-1241.12073,-25.0367374
-2086,-940,-32,-2086.26855,-891.276245,-31.0367374
-2048,-940,-21,-2048.26904,-891.293518,-20.0368729
-2086,-940,-32,-2086.28906,-939.555725,-31.0426903
-2130,-820,61,-2130.27051,-819.554626,61.9627113
-2048,-940,-21,-2048.27563,-939.554443,-20.0387383
-2086,-940,-32,-2086.17188,-938.838196,-31.014883
-2160,-850,31,-2160.16016,-848.837341,31.9870605
-2130,-820,61,-2130.16016,-818.835999,61.9870644
-2048,-940,-21,-2048.96191,-938.144897,-20.7266483
-2130,-820,61,-2130.96387,-818.145142,61.2661781
-2037,-940,17,-2037.96191,-938.146057,17.2732735
-2130,-820,61,-2130.98511,-818.801147,61.1712532
-2100,-850,91,-2100.98804,-848.802612,91.1532974
-2037,-940,17,-2037.98816,-938.803223,17.1531181
-2048,-940,-21,-2048.96167,-797.641296,-20.7257919
-2037,-940,17,-2037.96362,-797.59082,17.2671719
-2041,-1290,-9,-2041.96265,-1147.73779,-8.72948647
-2048,-940,-21,-2048.99316,-867.473511,-20.8832741
-2041,-1290,-9,-2041.99402,-1217.14746,-8.89155197
-2043,-1290,-26,-2043.99304,-1217.14746,-25.8826141
-1657,-1290,-707,-1657.86755,-1220.99182,-707.49707
-1639,-850,-751,-1639.86377,-781.295654,-751.503845
-1661,-850,-713,-1661.87207,-781.337158,-713.48938
-1639,-850,-751,-1639.86365,-847.849365,-751.503845
-1725,-715,-809,-1725.87158,-712.8479,-809.490112
-1661,-850,-713,-1661.86768,-847.849731,-713.497009
-1639,-850,-751,-1639.85791,-849.382874,-751.513611
-1680,-745,-839,-1680.85791,-744.38269,-839.513611
-1725,-715,-809,-1725.86377,-714.383484,-809.503784
-1661,-850,-713,-1661.11584,-848.636169,-713.993225
-1725,-715,-809,-1725.11572,-713.636292,-809.993225
-1704,-850,-708,-1704.12317,-848.635132,-708.992371
-1725,-715,-809,-1725.15173,-713.986755,-809.988403
-1770,-745,-779,-1770.15723,-743.985291,-779.987549
-1704,-850,-708,-1704.15149,-848.983582,-708.988403
-1661,-850,-713,-1661.1156,-792.153259,-713.993286
-1704,-850,-708,-1704.11536,-792.207031,-708.993286
-1678,-1290,-706,-1678.1167,-1231.65601,-706.993164
-1661,-850,-713,-1661.04358,-775.976318,-713.999023
-1678,-1290,-706,-1678.04321,-1216.41943,-706.999023
-1657,-1290,-707,-1657.0437,-1216.39771,-707.999023
-2003,-1290,-707,-2002.88281,-1242.2843,-707.993103
-1956,-850,-708,-1955.88281,-802.134521,-708.993042
-1999,-850,-713,-1998.8833,-802.115662,-713.993164
-1956,-850,-708,-1955.90076,-849.351135,-708.995056
-1935,-715,-809,-1934.88281,-714.352234,-809.993103
-1999,-850,-713,-1998.89197,-849.352051,-713.994141
-1956,-850,-708,-1955.84705,-848.376526,-708.98822
-1890,-745,-779,-1889.84705,-743.378235,-779.98822
-1935,-715,-809,-1934.84668,-713.379761,-809.988159
-1999,-850,-713,-1998.13525,-849.278992,-713.502014
-1935,-715,-809,-1934.13525,-714.276917,-809.502136
-2021,-850,-751,-2020.13831,-849.278564,-751.507324
-1935,-715,-809,-1934.1449,-714.109619,-809.518433
-1980,-745,-839,-1979.15002,-744.109009,-839.526794
-2021,-850,-751,-2020.1499,-849.109131,-751.526489
-1999,-850,-713,-1998.13513,-712.091553,-713.501953
-2021,-850,-751,-2020.13562,-712.046265,-751.502747
-2012,-1290,-726,-2011.13513,-1151.77222,-726.501953
-1999,-850,-713,-1998.09656,-797.880005,-713.428589
-2012,-1290,-726,-2011.0946,-1238.2926,-726.424561
-2003,-1290,-707,-2002.09619,-1238.31006,-707.427856
148,20,1845,148.873016,24.0682812,1845.48767
165,90,1845,165.867676,94.0688019,1845.49707
187,90,1806,187.867416,94.0682068,1806.49756
148,20,1845,148.866547,26.9000111,1845.49902
187,90,1806,187.862503,96.8987808,1806.50586
179,20,1791,179.866547,26.8981953,1791.49902
233,90,1806,232.955826,95.0043869,1806.99902
241,20,1791,240.955826,25.0076847,1791.99902
179,20,1791,178.955826,25.0076847,1791.99902
233,90,1806,232.955826,95.0043869,1806.99902
179,20,1791,178.955826,25.0076847,1791.99902
187,90,1806,186.955826,95.0043869,1806.99902
241,20,1791,240.127319,27.003891,1791.48828
233,90,1806,232.128204,97.0041885,1806.48987
255,90,1845,254.127319,97.0057068,1845.48828
241,20,1791,240.128067,24.1405334,1791.48962
255,90,1845,254.127731,94.1395798,1845.48901
272,20,1845,271.127869,24.1381645,1845.48926
272,20,1845,271.126251,25.6626873,1844.51367
255,90,1845,254.127319,95.6637955,1844.51172
233,90,1884,232.127731,95.663208,1883.51099
272,20,1845,271.127319,25.819046,1844.51172
233,90,1884,232.127319,95.8184204,1883.51172
241,20,1899,240.127319,25.8172283,1898.51172
187,90,1884,186.955826,94.3833694,1883.00098
179,20,1899,178.955826,24.3860893,1898.00098
241,20,1899,240.955826,24.3860893,1898.00098
187,90,1884,186.955826,94.3833694,1883.00098
241,20,1899,240.955826,24.3860893,1898.00098
233,90,1884,232.955826,94.3833694,1883.00098
179,20,1899,179.866577,23.1919918,1898.50098
187,90,1884,187.866562,93.1922913,1883.50098
165,90,1845,165.866562,93.1938095,1844.50098
179,20,1899,179.866547,23.0619354,1898.50098
165,90,1845,165.866516,93.0609818,1844.50098
148,20,1845,148.866577,23.0598621,1844.50098
272,20,1845,271.12793,24.6887646,1845.48938
270,-83,1785,269.127869,-78.3100586,1785.48926
241,20,1791,240.127457,24.6892281,1791.48853
241,20,1791,240.955826,34.229805,1791.99902
270,-83,1785,269.955841,-68.745018,1785.99902
150,-83,1785,149.955826,-68.745018,1785.99902
241,20,1791,240.955826,34.229805,1791.99902
150,-83,1785,149.955826,-68.745018,1785.99902
179,20,1791,178.955826,34.229805,1791.99902
179,20,1791,179.866867,22.3126945,1791.49854
150,-83,1785,150.866562,-80.686821,1785.49902
148,20,1845,148.866776,22.3120003,1845.49866
148,20,1845,148.867569,25.36483,1844.50269
150,-83,1905,150.866562,-77.6339951,1904.50098
179,20,1899,179.866577,25.3652935,1898.50098
150,-83,1905,149.955826,-65.4145813,1904.00098
270,-83,1905,269.955841,-65.4145813,1904.00098
241,20,1899,240.955826,37.5602417,1898.00098
150,-83,1905,149.955826,-65.4145813,1904.00098
241,20,1899,240.955826,37.5602417,1898.00098
179,20,1899,178.955826,37.5602417,1898.00098
241,20,1899,240.126633,23.9473877,1898.51294
270,-83,1905,269.127319,-79.0521317,1904.51172
272,20,1845,271.126251,23.9464607,1844.51367
-272,20,1845,-271.136261,23.9464607,1844.49609
-270,-83,1905,-269.136261,-79.0521317,1904.49609
-241,20,1899,-240.132294,23.9473877,1898.50293
-179,20,1899,-179.042267,37.5602417,1898.00098
-241,20,1899,-241.042267,37.5602417,1898.00098
-270,-83,1905,-270.042267,-65.4145813,1904.00098
-179,20,1899,-179.042267,37.5602417,1898.00098
-270,-83,1905,-270.042267,-65.4145813,1904.00098
-150,-83,1905,-150.042267,-65.4145813,1904.00098
-179,20,1899,-179.871567,25.3650627,1898.50977
-150,-83,1905,-150.871658,-77.6342239,1904.50989
-148,20,1845,-148.871582,25.3645992,1844.50977
-148,20,1845,-148.871582,22.3117676,1845.49023
-150,-83,1785,-150.871658,-80.686821,1785.49011
-179,20,1791,-179.871994,22.3124638,1791.4895
-179,20,1791,-179.042267,34.229805,1791.99902
-150,-83,1785,-150.042267,-68.745018,1785.99902
-270,-83,1785,-270.042267,-68.745018,1785.99902
-179,20,1791,-179.042267,34.229805,1791.99902
-270,-83,1785,-270.042267,-68.745018,1785.99902
-241,20,1791,-241.042267,34.229805,1791.99902
-241,20,1791,-240.132431,24.6894608,1791.49731
-270,-83,1785,-269.132294,-78.3098297,1785.49707
-272,20,1845,-271.132294,24.6887646,1845.49707
-148,20,1845,-148.871582,25.1695595,1844.50977
-165,90,1845,-165.871567,95.1700745,1844.50977
-187,90,1884,-187.871826,95.169487,1883.51025
-148,20,1845,-148.871552,24.677824,1844.50977
-187,90,1884,-187.871658,94.6772003,1883.50989
-179,20,1899,-179.871552,24.6760063,1898.50977
-233,90,1884,-233.042267,94.3833694,1883.00098
-241,20,1899,-241.042267,24.3860893,1898.00098
-179,20,1899,-179.042267,24.3860893,1898.00098
-233,90,1884,-233.042267,94.3833694,1883.00098
-179,20,1899,-179.042267,24.3860893,1898.00098
-187,90,1884,-187.042267,94.3833694,1883.00098
-241,20,1899,-240.132431,26.3213253,1898.50269
-233,90,1884,-232.132294,96.3213196,1883.50293
-255,90,1845,-254.132294,96.323143,1844.50293
-241,20,1899,-240.136246,25.8579407,1898.49609
-255,90,1845,-254.132294,95.8566895,1844.50293
-272,20,1845,-271.132294,25.8555717,1844.50293
-272,20,1845,-271.132294,24.561409,1845.49707
-255,90,1845,-254.132294,94.5622177,1845.49707
-233,90,1806,-232.126236,94.5613327,1806.48633
-272,20,1845,-271.136322,23.0802937,1845.50403
-233,90,1806,-232.132294,93.0796738,1806.49707
-241,20,1791,-240.132294,23.0784779,1791.49707
-187,90,1806,-187.042267,95.0043869,1806.99902
-179,20,1791,-179.042267,25.0076847,1791.99902
-241,20,1791,-241.042267,25.0076847,1791.99902
-187,90,1806,-187.042267,95.0043869,1806.99902
-241,20,1791,-241.042267,25.0076847,1791.99902
-233,90,1806,-233.042267,95.0043869,1806.99902
-179,20,1791,-179.872025,23.8748608,1791.48938
-187,90,1806,-187.871506,93.8751602,1806.49023
-165,90,1845,-165.872543,93.8763733,1845.48828
-179,20,1791,-179.87146,26.196743,1791.49023
-165,90,1845,-165.871521,96.1960907,1845.49023
-148,20,1845,-148.873016,26.1949654,1845.48767
-524,-220,1254,-524.87207,-215.967117,1253.51062
-495,-323,1260,-495.871582,-318.966522,1259.50977
-493,-220,1200,-493.87207,-215.967697,1199.51062
-615,-323,1260,-615.042969,-307.516327,1259.00098
-495,-323,1260,-495.042267,-307.516327,1259.00098
-524,-220,1254,-524.042969,-204.541504,1253.00098
-615,-323,1260,-615.042969,-307.516327,1259.00098
-524,-220,1254,-524.042969,-204.541504,1253.00098
-586,-220,1254,-586.042969,-204.541504,1253.00098
-617,-220,1200,-616.135132,-214.56485,1199.49805
-615,-323,1260,-614.138,-317.563904,1259.49316
-586,-220,1254,-585.135132,-214.564377,1253.49805
-586,-220,1146,-585.135193,-215.901917,1146.50208
-615,-323,1140,-614.135132,-318.901215,1140.50195
-617,-220,1200,-616.135254,-215.90239,1200.5022
-524,-220,1146,-524.042969,-205.030472,1146.99902
-495,-323,1140,-495.042267,-308.00531,1140.99902
-615,-323,1140,-615.042969,-308.00531,1140.99902
-524,-220,1146,-524.042969,-205.030472,1146.99902
-615,-323,1140,-615.042969,-308.00531,1140.99902
-586,-220,1146,-586.042969,-205.030472,1146.99902
-493,-220,1200,-493.871582,-217.305237,1200.49023
-495,-323,1140,-495.871796,-320.304047,1140.48987
-524,-220,1146,-524.863892,-217.304779,1146.50354
-586,-220,1254,-585.127319,-217.446136,1253.51172
-578,-150,1239,-577.131226,-147.446152,1238.50488
-600,-150,1200,-599.127319,-147.444321,1199.51172
-586,-220,1254,-585.138184,-214.589035,1253.4928
-600,-150,1200,-599.135132,-144.590286,1199.49805
-617,-220,1200,-616.135132,-214.591415,1199.49805
-578,-150,1239,-578.042969,-145.717087,1238.00098
-586,-220,1254,-586.042969,-215.713776,1253.00098
-524,-220,1254,-524.042969,-215.713776,1253.00098
-578,-150,1239,-578.042969,-145.717087,1238.00098
-524,-220,1254,-524.042969,-215.713776,1253.00098
-532,-150,1239,-532.042969,-145.717087,1238.00098
-493,-220,1200,-493.871582,-216.259872,1199.50977
-510,-150,1200,-510.871552,-146.259354,1199.50977
-532,-150,1239,-532.871582,-146.260101,1238.50977
-493,-220,1200,-493.871704,-215.438232,1199.51001
-532,-150,1239,-532.871704,-145.439011,1238.51001
-524,-220,1254,-524.863892,-215.440048,1253.49634
-524,-220,1146,-524.871521,-215.764664,1146.49023
-532,-150,1161,-532.876465,-145.764679,1161.48145
-510,-150,1200,-510.871521,-145.762848,1200.49023
-524,-220,1146,-524.867615,-213.725449,1146.49707
-510,-150,1200,-510.872101,-143.726395,1200.48926
-493,-220,1200,-493.871552,-213.727814,1200.49023
-532,-150,1161,-532.042969,-146.903763,1161.99902
-524,-220,1146,-524.042969,-216.900467,1146.99902
-586,-220,1146,-586.042969,-216.900467,1146.99902
-532,-150,1161,-532.042969,-146.903763,1161.99902
-586,-220,1146,-586.042969,-216.900467,1146.99902
-578,-150,1161,-578.042969,-146.903763,1161.99902
-617,-220,1200,-616.12793,-217.226517,1200.48938
-600,-150,1200,-599.12793,-147.225998,1200.48938
-578,-150,1161,-577.127319,-147.226883,1161.48828
-617,-220,1200,-616.135132,-213.053604,1200.50195
-578,-150,1161,-577.135193,-143.054382,1161.50208
-586,-220,1146,-585.135132,-213.05542,1146.50195
561,-100,1674,560.127319,-96.163826,1673.51172
590,-203,1680,589.127319,-199.162888,1679.51172
592,-100,1620,591.122681,-96.1647568,1619.52014
470,-203,1680,469.955841,-192.248077,1679.00098
590,-203,1680,589.955872,-192.248077,1679.00098
561,-100,1674,560.955872,-89.2711487,1673.00098
470,-203,1680,469.955841,-192.248077,1679.00098
561,-100,1674,560.955872,-89.2711487,1673.00098
499,-100,1674,498.955841,-89.2711487,1673.00098
468,-100,1620,468.866547,-96.9226913,1619.50098
470,-203,1680,470.86734,-199.921402,1679.50232
499,-100,1674,499.866577,-96.9221115,1673.50098
499,-100,1566,499.866486,-96.6409378,1566.49902
470,-203,1560,470.866669,-199.639999,1560.49878
468,-100,1620,468.858643,-96.6418686,1620.51245
561,-100,1566,560.955872,-79.6177216,1566.99902
590,-203,1560,589.955872,-182.592545,1560.99902
470,-203,1560,469.955841,-182.592545,1560.99902
561,-100,1566,560.955872,-79.6177216,1566.99902
470,-203,1560,469.955841,-182.592545,1560.99902
499,-100,1566,498.955841,-79.6177216,1566.99902
592,-100,1620,591.135193,-95.8830032,1620.50208
590,-203,1560,589.12793,-198.881714,1560.48938
561,-100,1566,560.135193,-95.8824234,1566.50208
499,-100,1674,499.866699,-94.6869965,1673.50122
507,-30,1659,507.873016,-24.6865463,1658.51233
485,-30,1620,485.866699,-24.6851788,1619.50122
499,-100,1674,499.867401,-97.4009933,1673.50244
485,-30,1620,485.867004,-27.4018002,1619.50171
468,-100,1620,468.867004,-97.4032211,1619.50171
507,-30,1659,506.955841,-24.8876762,1658.00098
499,-100,1674,498.955841,-94.8849564,1673.00098
561,-100,1674,560.955872,-94.8849564,1673.00098
507,-30,1659,506.955841,-24.8876762,1658.00098
561,-100,1674,560.955872,-94.8849564,1673.00098
553,-30,1659,552.955872,-24.8876762,1658.00098
592,-100,1620,591.127319,-97.6893921,1619.51172
575,-30,1620,574.127319,-27.6888752,1619.51172
553,-30,1659,552.127319,-27.6894665,1658.51172
592,-100,1620,591.135132,-93.7503586,1619.49805
553,-30,1659,552.13147,-23.7509785,1658.50439
561,-100,1674,560.127319,-93.7527771,1673.51172
561,-100,1566,560.127319,-94.3286819,1566.48828
553,-30,1581,552.127869,-24.3283825,1581.48926
575,-30,1620,574.127319,-24.3268623,1620.48828
561,-100,1566,560.135132,-93.1548615,1566.50195
575,-30,1620,574.136108,-23.1556683,1620.50366
592,-100,1620,591.12793,-93.1570892,1620.48938
553,-30,1581,552.955872,-24.3423977,1581.99902
561,-100,1566,560.955872,-94.3390961,1566.99902
499,-100,1566,498.955841,-94.3390961,1566.99902
553,-30,1581,552.955872,-24.3423977,1581.99902
499,-100,1566,498.955841,-94.3390961,1566.99902
507,-30,1581,506.955841,-24.3423977,1581.99902
468,-100,1620,468.866577,-94.1885452,1620.49902
485,-30,1620,485.866577,-24.1880245,1620.49902
507,-30,1581,507.86261,-24.1892033,1581.50586
468,-100,1620,468.866547,-96.6159744,1620.49902
507,-30,1581,507.862579,-26.6172047,1581.50586
499,-100,1566,499.862518,-96.6184006,1566.50586
586,23,1050,585.955872,24.7325573,1049.00098
391,23,1050,390.955841,24.7325573,1049.00098
361,-8,1080,360.955841,-6.26671553,1079.00098
586,23,1050,585.955872,24.7325573,1049.00098
361,-8,1080,360.955841,-6.26671553,1079.00098
556,-8,1080,555.955872,-6.26671553,1079.00098
361,-8,1080,360.955841,-6.26671553,1079.00098
331,23,1050,330.955841,24.7325573,1049.00098
180,23,1050,179.955826,24.7325573,1049.00098
361,-8,1080,360.955841,-6.26671553,1079.00098
180,23,1050,179.955826,24.7325573,1049.00098
210,-8,1080,209.955826,-6.26671553,1079.00098
-586,-8,1379,-585.000977,-6.29133368,1378.95593
-556,23,1379,-555.000977,24.7078953,1378.95593
-556,23,1319,-555.000977,24.7078953,1318.95593
-586,-8,1379,-585.000977,-6.29133368,1378.95593
-556,23,1319,-555.000977,24.7078953,1318.95593
-586,-8,1349,-585.000977,-6.29133368,1348.95593
-556,23,1379,-556.999023,23.3716927,1378.95593
-526,-8,1379,-526.999023,-7.62753725,1378.95593
-526,-8,1349,-526.999023,-7.62753725,1348.95593
-556,23,1379,-556.999023,23.3716927,1378.95593
-526,-8,1349,-526.999023,-7.62753725,1348.95593
-556,23,1319,-556.999023,23.3716927,1318.95593
120,390,1920,119.000931,391.23468,1919.95691
120,390,1770,119.000931,391.23468,1769.95691
85,475,1770,84.0009308,476.235046,1769.95691
120,390,1920,119.000931,391.23468,1919.95691
85,475,1770,84.0009308,476.235046,1769.95691
85,475,1920,84.0009308,476.235046,1919.95691
-85,475,1920,-84.0000839,476.237152,1919.98706
-85,475,1770,-84.0000839,476.237152,1769.98706
-120,390,1770,-119.000084,391.236725,1769.98706
-85,475,1920,-84.0000839,476.237152,1919.98706
-120,390,1770,-119.000084,391.236725,1769.98706
-120,390,1920,-119.000084,391.236725,1919.98706
27,394,1770,26.0009251,395.645508,1769.95703
27,394,1050,26.0009251,395.645508,1049.95703
0,424,1050,-0.99904567,425.646057,1049.95642
27,394,1770,26.0009251,395.645508,1769.95703
0,424,1050,-0.99904567,425.646057,1049.95642
0,424,1770,-0.99904567,425.646057,1769.95642
0,424,1770,0.999948919,425.647064,1769.99316
0,424,1050,0.999948919,425.647064,1049.99316
-27,394,1050,-26.000082,395.646484,1049.9873
0,424,1770,0.999948919,425.647064,1769.99316
-27,394,1050,-26.000082,395.646484,1049.9873
-27,394,1770,-26.000082,395.646484,1769.9873
0,424,1920,-0.99904567,425.646057,1919.95642
0,424,2280,-0.99904567,425.646057,2279.95654
27,394,2280,26.0009251,395.645508,2279.95703
0,424,1920,-0.99904567,425.646057,1919.95642
27,394,2280,26.0009251,395.645508,2279.95703
27,394,1920,26.0009251,395.645508,1919.95703
-27,394,1920,-26.000082,395.646484,1919.9873
-27,394,2280,-26.000082,395.646484,2279.9873
0,424,2280,0.999948919,425.647064,2279.99316
-27,394,1920,-26.000082,395.646484,1919.9873
0,424,2280,0.999948919,425.647064,2279.99316
0,424,1920,0.999948919,425.647064,1919.99316
-556,23,1689,-556.999023,23.3716927,1688.95593
-526,-8,1659,-526.999023,-7.62753725,1658.95593
-526,-8,1629,-526.999023,-7.62753725,1628.95593
-556,23,1689,-556.999023,23.3716927,1688.95593
-526,-8,1629,-526.999023,-7.62753725,1628.95593
-556,23,1629,-556.999023,23.3716927,1628.95593
-586,-8,1659,-585.000977,-6.29133368,1658.95593
-556,23,1689,-555.000977,24.7078953,1688.95593
-556,23,1629,-555.000977,24.7078953,1628.95593
-586,-8,1659,-585.000977,-6.29133368,1658.95593
-556,23,1629,-555.000977,24.7078953,1628.95593
-586,-8,1629,-585.000977,-6.29133368,1628.95593
3214,-276,-1055,3213.00098,-272.903442,-1055.04297
3214,-276,-905,3213.00098,-272.903442,-905.042969
3245,-350,-905,3244.00098,-346.901031,-905.042969
3214,-276,-1055,3213.00098,-272.903442,-1055.04297
3245,-350,-905,3244.00098,-346.901031,-905.042969
3245,-350,-1055,3244.00098,-346.901031,-1055.04297
3035,-350,-1055,3035.99902,-348.881226,-1055.04297
3035,-350,-905,3035.99902,-348.881226,-905.042969
3066,-276,-905,3066.99902,-274.883636,-905.042969
3035,-350,-1055,3035.99902,-348.881226,-1055.04297
3066,-276,-905,3066.99902,-274.883636,-905.042969
3066,-276,-1055,3066.99902,-274.883636,-1055.04297
2700,-570,336,2699.95801,-562.907043,336.999115
2640,-570,336,2639.95801,-562.907043,336.999115
2655,-480,349,2654.95801,-472.900574,349.999115
2700,-570,336,2699.95801,-562.907043,336.999115
2655,-480,349,2654.95801,-472.900574,349.999115
2685,-480,349,2684.95801,-472.900574,349.999115
2640,-570,426,2639.95654,-564.048096,425.000946
2700,-570,426,2699.95654,-564.048096,425.000946
2685,-480,413,2684.95654,-474.041656,412.000946
2640,-570,426,2639.95654,-564.048096,425.000946
2685,-480,413,2684.95654,-474.041656,412.000946
2655,-480,413,2654.95654,-474.041656,412.000946
2655,-480,349,2654.95801,-473.065002,349.999115
2640,-570,336,2639.95728,-563.074219,336.999084
2640,-450,353,2639.95728,-443.060486,353.999084
2655,-480,349,2654.95801,-469.575348,349.999115
2640,-450,353,2639.95801,-439.577881,353.999115
2655,-450,353,2654.95801,-439.577881,353.999115
2700,-570,336,2700.06079,-565.808228,336.998138
2685,-480,349,2685.06079,-475.80542,349.998138
2685,-450,353,2685.06079,-445.804047,353.998138
2700,-570,336,2699.95801,-565.602417,336.999115
2685,-450,353,2684.95801,-445.599976,353.999115
2700,-450,353,2699.95801,-445.599976,353.999115
2685,-480,413,2685.04199,-474.535461,412.000885
2700,-570,426,2700.04199,-564.544678,425.000885
2700,-450,409,2700.04199,-444.530945,408.000885
2685,-480,413,2684.95654,-472.040985,412.000946
2700,-450,409,2699.95654,-442.043304,408.000946
2685,-450,409,2684.95654,-442.043304,408.000946
2640,-570,426,2639.93652,-564.67334,425.002045
2655,-480,413,2654.92188,-474.671021,412.003082
2655,-450,409,2654.92188,-444.669617,408.003082
2640,-570,426,2639.95654,-561.791199,425.000946
2655,-450,409,2654.95654,-441.788757,408.000946
2640,-450,409,2639.95654,-441.788757,408.000946
3069,-392,429,3068.93677,-384.647827,428.002014
3084,-302,416,3083.93652,-294.64502,415.002045
3084,-272,412,3083.93652,-264.643616,411.002045
3069,-392,429,3068.95654,-383.34317,428.000946
3084,-272,412,3083.95654,-263.340759,411.000946
3069,-272,412,3068.95654,-263.340759,411.000946
3114,-302,416,3114.04199,-295.454102,415.000885
3129,-392,429,3129.04199,-385.463318,428.000885
3129,-272,412,3129.04199,-265.449585,411.000885
3114,-302,416,3113.95654,-297.831116,415.000946
3129,-272,412,3128.95654,-267.833649,411.000946
3114,-272,412,3113.95654,-267.833649,411.000946
3129,-392,339,3129.05957,-381.84024,339.998199
3114,-302,352,3114.06055,-291.837433,352.998108
3114,-272,356,3114.06055,-261.836029,356.998138
3129,-392,339,3128.95801,-387.577393,339.999115
3114,-272,356,3113.95801,-267.574951,356.999115
3129,-272,356,3128.95801,-267.574951,356.999115
3084,-302,352,3083.95801,-295.595764,352.999115
3069,-392,339,3068.95801,-385.605011,339.999115
3069,-272,356,3068.95801,-265.591248,356.999115
3084,-302,352,3083.95728,-295.763519,352.999084
3069,-272,356,3068.95801,-265.765839,356.999115
3084,-272,356,3083.95801,-265.765839,356.999115
3069,-392,429,3068.95605,-381.948853,428.000977
3129,-392,429,3128.95605,-381.948853,428.000977
3114,-302,416,3113.95654,-291.942413,415.000946
3069,-392,429,3068.95605,-381.948853,428.000977
3114,-302,416,3113.95654,-291.942413,415.000946
3084,-302,416,3083.95654,-291.942413,415.000946
3129,-392,339,3128.95801,-388.234924,339.999115
3069,-392,339,3068.95801,-388.234924,339.999115
3084,-302,352,3083.95801,-298.228516,352.999115
3129,-392,339,3128.95801,-388.234924,339.999115
3084,-302,352,3083.95801,-298.228516,352.999115
3114,-302,352,3113.95801,-298.228516,352.999115
3145,-570,735,3145.99902,-562.136536,734.955872
3145,-570,795,3145.99902,-562.136536,794.955872
3158,-480,780,3158.99902,-472.130768,779.955872
3145,-570,735,3145.99902,-562.136536,734.955872
3158,-480,780,3158.99902,-472.130768,779.955872
3158,-480,750,3158.99902,-472.130768,749.955872
3235,-570,795,3234.00098,-564.819641,794.955872
3235,-570,735,3234.00098,-564.819641,734.955872
3222,-480,750,3221.00098,-474.812134,749.955872
3235,-570,795,3234.00098,-564.819641,794.955872
3222,-480,750,3221.00098,-474.812134,749.955872
3222,-480,780,3221.00098,-474.812134,779.955872
3158,-480,780,3158.99927,-475.949799,780.0354
3145,-570,795,3145.99951,-565.957947,795.029419
3162,-450,795,3162.99951,-445.944183,795.029419
3158,-480,780,3158.99902,-474.141144,779.955872
3162,-450,795,3162.99902,-444.144348,794.955872
3162,-450,780,3162.99902,-444.144348,779.955872
3145,-570,735,3145.99707,-559.969971,734.923523
3158,-480,750,3158.99707,-469.967621,749.923523
3162,-450,750,3162.99707,-439.966217,749.923523
3145,-570,735,3145.99902,-564.001953,734.955872
3162,-450,750,3162.99902,-443.998657,749.955872
3162,-450,735,3162.99902,-443.998657,734.955872
3222,-480,750,3221.00098,-471.649597,749.955872
3235,-570,735,3234.00098,-561.659485,734.955872
3218,-450,735,3217.00098,-441.645721,734.955872
3222,-480,750,3221.00098,-475.04068,749.955872
3218,-450,735,3217.00098,-445.043884,734.955872
3218,-450,750,3217.00098,-445.043884,749.955872
3235,-570,795,3234.00195,-562.928467,795.061401
3222,-480,780,3221.00195,-472.924255,780.06134
3218,-450,780,3217.00195,-442.922852,780.061401
3235,-570,795,3234.00098,-563.392761,794.955872
3218,-450,780,3217.00098,-443.391174,779.955872
3218,-450,795,3217.00098,-443.391174,794.955872
3123,20,1035,3122.95605,21.5449963,1035.99902
3093,-10,1020,3092.95605,-8.45504379,1020.99902
2415,-10,1020,2414.95605,-8.45504379,1020.99902
3123,20,1035,3122.95605,21.5449963,1035.99902
2415,-10,1020,2414.95605,-8.45504379,1020.99902
2385,20,1035,2384.95605,21.5449963,1035.99902
3093,-130,1020,3092.95605,-126.965416,1020.99902
3123,-100,1035,3122.95605,-96.9653778,1035.99902
3413,-100,1035,3412.95605,-96.9653778,1035.99902
3093,-130,1020,3092.95605,-126.965416,1020.99902
3413,-100,1035,3412.95605,-96.9653778,1035.99902
3420,-130,1020,3419.95605,-126.965416,1020.99902
3405,-220,660,3405.99902,-218.126816,659.955872
3405,-220,1050,3405.99902,-218.126816,1049.95593
3420,-190,1020,3420.99878,-188.126923,1019.95508
3405,-220,660,3405.99902,-218.126816,659.955872
3420,-190,1020,3420.99878,-188.126923,1019.95508
3420,-190,660,3420.99878,-188.126923,659.955078
3450,-190,660,3449.00098,-187.631775,659.955872
3450,-190,1020,3449.00098,-187.631775,1019.95587
3465,-220,1050,3464.00098,-217.631683,1049.95593
3450,-190,660,3449.00098,-187.631775,659.955872
3465,-220,1050,3464.00098,-217.631683,1049.95593
3465,-220,660,3464.00098,-217.631683,659.955872
3420,-190,410,3420.99878,-188.126923,409.955719
3420,-190,150,3420.99878,-188.126923,149.955719
3405,-220,120,3405.99902,-218.126816,119.955818
3420,-190,410,3420.99878,-188.126923,409.955719
3405,-220,120,3405.99902,-218.126816,119.955818
3405,-220,410,3405.99902,-218.126816,409.955841
3465,-220,120,3464.00098,-217.631683,119.955818
3450,-190,150,3449.00098,-187.631775,149.955826
3450,-190,410,3449.00098,-187.631775,409.955841
3465,-220,120,3464.00098,-217.631683,119.955818
3450,-190,410,3449.00098,-187.631775,409.955841
3465,-220,410,3464.00098,-217.631683,409.955841
68,-1065,2055,67.9558182,-1063.50183,2054.00098
57,-960,2010,56.9558182,-958.504089,2009.00098
38,-1065,2055,37.9558182,-1063.50183,2054.00098
68,-1065,2055,67.9558182,-1063.50183,2054.00098
109,-960,2010,108.955818,-958.504089,2009.00098
57,-960,2010,56.9558182,-958.504089,2009.00098
21,-960,1974,21.7100735,-958.594299,1973.2959
17,-1065,2033,17.7090702,-1063.59436,2032.29492
57,-960,2010,57.710289,-958.594299,2009.29614
17,-1065,2033,17.7252407,-1061.86768,2032.31152
38,-1065,2055,38.7260666,-1061.86768,2054.3125
57,-960,2010,57.7253036,-956.868225,2009.31165
-16,-960,1886,-15.000123,-958.761536,1885.98438
-62,-1065,1925,-61.0000839,-1063.75781,1924.98706
-16,-960,1936,-15.000123,-958.761536,1935.98438
-62,-1065,1925,-61.0000839,-1063.75781,1924.98706
-62,-1065,1955,-61.0000839,-1063.75781,1954.98706
-16,-960,1936,-15.000123,-958.761536,1935.98438
-40,-1065,1976,-39.3119278,-1063.55127,1975.27441
-16,-960,1936,-15.3203335,-958.55249,1935.26648
-62,-1065,1955,-61.3119278,-1063.55042,1954.27441
-40,-1065,1976,-39.2889404,-1061.63538,1975.29688
21,-960,1974,21.7100601,-956.637085,1973.2959
-16,-960,1936,-15.2853317,-956.638,1935.30054
19,-960,1797,19.7070961,-956.768616,1797.70703
-40,-1065,1793,-39.2889404,-1061.76343,1793.70312
-16,-960,1833,-15.2827129,-956.766479,1833.69678
-40,-1065,1793,-39.3119278,-1062.17395,1793.72559
-62,-1065,1814,-61.3121262,-1062.17297,1814.72583
-16,-960,1833,-15.3203335,-957.17511,1833.73352
-62,-1065,1844,-61.0000839,-1063.75781,1843.98706
-16,-960,1833,-15.000123,-958.761536,1832.98438
-62,-1065,1814,-61.0000839,-1063.75781,1813.98706
-62,-1065,1844,-61.0000839,-1063.75781,1843.98706
-16,-960,1886,-15.000123,-958.761536,1885.98438
-16,-960,1833,-15.000123,-958.761536,1832.98438
17,-1065,1736,17.7061081,-1063.00378,1736.70801
57,-960,1760,57.7054482,-957.999939,1760.70874
38,-1065,1715,38.7100754,-1063.00378,1715.7041
17,-1065,1736,17.6861725,-1062.54602,1736.72742
19,-960,1797,19.6862087,-957.547974,1797.72729
57,-960,1760,57.6860924,-957.548889,1760.72742
107,-960,1760,106.955818,-957.945679,1760.99902
68,-1065,1715,67.9558182,-1062.94348,1715.99902
57,-960,1760,56.9558182,-957.945679,1760.99902
68,-1065,1715,67.9558182,-1062.94348,1715.99902
38,-1065,1715,37.9558182,-1062.94348,1715.99902
57,-960,1760,56.9558182,-957.945679,1760.99902
257,-1065,1793,256.288574,-1062.78613,1793.70276
233,-960,1833,232.287369,-957.782471,1833.70154
278,-1065,1814,277.286072,-1062.78625,1814.7002
257,-1065,1793,256.288574,-1062.78613,1793.70276
196,-960,1796,195.28653,-957.782471,1796.70068
233,-960,1833,232.287369,-957.782471,1833.70154
233,-960,1884,232.000931,-957.638123,1883.95691
278,-1065,1844,277.000946,-1062.63586,1843.95654
233,-960,1833,232.000931,-957.638123,1832.95691
278,-1065,1844,277.000946,-1062.63586,1843.95654
278,-1065,1814,277.000946,-1062.63586,1813.95654
233,-960,1833,232.000931,-957.638123,1832.95691
196,-960,1796,195.28653,-957.782471,1796.70068
200,-1065,1736,199.288345,-1062.78613,1736.70251
160,-960,1760,159.286896,-957.782471,1760.70105
200,-1065,1736,199.288345,-1062.78613,1736.70251
179,-1065,1715,178.287018,-1062.78613,1715.70117
160,-960,1760,159.286896,-957.782471,1760.70105
149,-1065,1715,148.955826,-1062.94348,1715.99902
160,-960,1760,159.955826,-957.945679,1760.99902
179,-1065,1715,178.955826,-1062.94348,1715.99902
149,-1065,1715,148.955826,-1062.94348,1715.99902
107,-960,1760,106.955818,-957.945679,1760.99902
160,-960,1760,159.955826,-957.945679,1760.99902
109,-960,2010,108.955818,-958.504089,2009.00098
149,-1065,2055,148.955826,-1063.50183,2054.00098
160,-960,2010,159.955826,-958.504089,2009.00098
149,-1065,2055,148.955826,-1063.50183,2054.00098
179,-1065,2055,178.955826,-1063.50183,2054.00098
160,-960,2010,159.955826,-958.504089,2009.00098
200,-1065,2033,199.271973,-1062.81226,2032.31445
160,-960,2010,159.272095,-957.812927,2009.31433
179,-1065,2055,178.271973,-1062.81226,2054.31445
200,-1065,2033,199.286179,-1061.51196,2032.29968
197,-960,1972,196.286057,-956.514282,1971.2998
160,-960,2010,159.286057,-956.515564,2009.2998
278,-1065,1925,277.000946,-1062.63586,1924.95654
233,-960,1936,232.000931,-957.638123,1935.95691
278,-1065,1955,277.000946,-1062.63586,1954.95654
278,-1065,1925,277.000946,-1062.63586,1924.95654
233,-960,1884,232.000931,-957.638123,1883.95691
233,-960,1936,232.000931,-957.638123,1935.95691
197,-960,1972,196.28714,-959.010925,1971.29871
257,-1065,1976,256.286652,-1064.0144,1975.29919
233,-960,1936,232.286057,-959.010925,1935.2998
257,-1065,1976,256.286652,-1064.0144,1975.29919
278,-1065,1955,277.286316,-1064.0144,1954.29956
233,-960,1936,232.286057,-959.010925,1935.2998
-166,-1170,1833,-166.871582,-1167.49438,1833.49023
-151,-1125,1885,-151.866501,-1122.49011,1885.49902
-136,-1170,1885,-136.867004,-1167.49146,1885.49829
-166,-1170,1833,-166.862473,-1166.85132,1833.5061
-174,-1125,1846,-174.861465,-1121.85022,1846.50781
-151,-1125,1885,-151.861328,-1121.84937,1885.50781
-166,-1075,1831,-166.861435,-1070.21899,1831.50781
-174,-1005,1846,-174.866486,-1000.21783,1846.49902
-151,-1005,1885,-151.861343,-1000.216,1885.50781
-166,-1075,1831,-166.87146,-1067.82239,1831.49023
-151,-1005,1885,-151.871658,-997.819824,1885.49011
-135,-1075,1885,-135.871506,-1067.82495,1885.49023
-226,-1170,1833,-226.042267,-1167.547,1833.99902
-219,-1125,1846,-219.042267,-1122.5459,1846.99902
-166,-1170,1833,-166.042267,-1167.547,1833.99902
-219,-1125,1846,-219.042267,-1122.5459,1846.99902
-174,-1125,1846,-174.042267,-1122.5459,1846.99902
-166,-1170,1833,-166.042267,-1167.547,1833.99902
-256,-1170,1885,-255.132294,-1165.35669,1885.49707
-219,-1125,1846,-218.132294,-1120.36182,1846.49707
-226,-1170,1833,-225.1371,-1165.3606,1833.50537
-256,-1170,1885,-255.144379,-1167.04785,1885.51758
-242,-1125,1885,-241.144379,-1122.05042,1885.51758
-219,-1125,1846,-218.144379,-1122.05249,1846.51758
-258,-1075,1885,-257.144379,-1069.09473,1885.51758
-242,-1005,1885,-241.132294,-999.096497,1885.49707
-219,-1005,1846,-218.144379,-999.098083,1846.51758
-258,-1075,1885,-257.136749,-1071.30994,1885.50476
-219,-1005,1846,-218.132294,-1001.31085,1846.49707
-227,-1075,1831,-226.132294,-1071.31177,1831.49707
-227,-1075,1938,-226.144379,-1071.22729,1937.48242
-219,-1005,1924,-218.144379,-1001.2229,1923.48242
-242,-1005,1885,-241.144379,-1001.22162,1884.48242
-227,-1075,1938,-226.144379,-1070.55164,1937.48242
-242,-1005,1885,-241.132294,-1000.55157,1884.50293
-258,-1075,1885,-257.132294,-1070.54724,1884.50293
-219,-1125,1924,-218.144379,-1121.47583,1923.48242
-242,-1125,1885,-241.144379,-1121.47388,1884.48242
-256,-1170,1885,-255.144379,-1166.47131,1884.48242
-226,-1170,1937,-225.136246,-1167.75598,1936.49609
-219,-1125,1924,-218.132294,-1122.75745,1923.50293
-256,-1170,1885,-255.132294,-1167.75232,1884.50293
-219,-1005,1924,-219.042267,-997.77655,1923.00098
-227,-1075,1938,-227.042267,-1067.77881,1937.00098
-166,-1075,1938,-166.042267,-1067.77881,1937.00098
-219,-1005,1924,-219.042267,-997.77655,1923.00098
-166,-1075,1938,-166.042267,-1067.77881,1937.00098
-174,-1005,1924,-174.042267,-997.77655,1923.00098
-166,-1170,1937,-166.042267,-1167.27515,1936.00098
-174,-1125,1924,-174.042267,-1122.27405,1923.00098
-219,-1125,1924,-219.042267,-1122.27405,1923.00098
-166,-1170,1937,-166.042267,-1167.27515,1936.00098
-219,-1125,1924,-219.042267,-1122.27405,1923.00098
-226,-1170,1937,-226.042267,-1167.27515,1936.00098
-135,-1075,1885,-135.86142,-1068.7373,1884.49219
-151,-1005,1885,-151.861435,-998.739136,1884.49219
-174,-1005,1924,-174.861435,-998.740723,1923.49219
-135,-1075,1885,-135.861435,-1067.59546,1884.49219
-174,-1005,1924,-174.861435,-997.596069,1923.49219
-166,-1075,1938,-166.861664,-1067.59082,1937.49255
-151,-1125,1885,-151.861435,-1123.35803,1884.49219
-174,-1125,1924,-174.86145,-1123.35901,1923.49219
-166,-1170,1937,-166.86145,-1168.36047,1936.49219
-136,-1170,1885,-136.866562,-1167.64246,1884.50098
-151,-1125,1885,-151.866547,-1122.64087,1884.50098
-166,-1170,1937,-166.86145,-1167.64526,1936.49219
-174,-1005,1846,-174.042267,-1002.10052,1846.99902
-166,-1075,1831,-166.042267,-1072.09778,1831.99902
-227,-1075,1831,-227.042267,-1072.09778,1831.99902
-174,-1005,1846,-174.042267,-1002.10052,1846.99902
-227,-1075,1831,-227.042267,-1072.09778,1831.99902
-219,-1005,1846,-219.042267,-1002.10052,1846.99902
-400,-990,2020,-400.882874,-987.966736,2019.5304
-342,-1095,2006,-342.88382,-1092.96326,2005.53223
-376,-990,1975,-376.880676,-987.967041,1974.52637
-342,-1095,2006,-342.880737,-1092.25574,2005.52649
-328,-1095,1979,-328.884735,-1092.25439,1978.53394
-376,-990,1975,-376.881897,-987.25769,1974.52856
-337,-1095,1951,-337.953369,-1091.98303,1951.30176
-376,-990,1975,-376.9534,-986.985535,1975.30164
-328,-1095,1979,-328.953461,-1091.98303,1979.30151
-337,-1095,1951,-337.95639,-1092.50305,1951.29199
-392,-990,1925,-392.953491,-987.501648,1925.30139
-376,-990,1975,-376.953491,-987.502258,1975.30139
-431,-1095,1577,-431.903839,-1093.36902,1577.42773
-464,-990,1613,-464.903961,-988.365784,1613.42761
-418,-1095,1604,-418.89682,-1093.36816,1604.44238
-464,-990,1613,-464.89682,-988.252258,1613.44238
-441,-990,1660,-441.89682,-988.252258,1660.44226
-418,-1095,1604,-418.89679,-1093.25293,1604.44238
-464,-990,1613,-464.333344,-987.758911,1613.94275
-459,-1095,1567,-459.333313,-1092.75854,1567.94275
-512,-990,1596,-512.322388,-987.757996,1596.94653
-464,-990,1613,-464.333313,-988.561768,1613.94275
-431,-1095,1577,-431.335144,-1093.56287,1577.94214
-459,-1095,1567,-459.333496,-1093.56226,1567.94275
-328,-1095,1790,-328.956451,-1092.63208,1789.70813
-376,-990,1795,-376.956787,-987.631592,1794.70923
-337,-1095,1819,-337.956451,-1092.63135,1818.70813
-376,-990,1795,-376.953461,-987.614441,1794.69849
-392,-990,1845,-392.953613,-987.61377,1844.69897
-337,-1095,1819,-337.953461,-1092.61487,1818.69849
-376,-990,1795,-376.880646,-988.037354,1795.47363
-342,-1095,1764,-342.880615,-1093.03345,1764.47363
-400,-990,1750,-400.884094,-988.036987,1750.46729
-376,-990,1795,-376.879608,-987.273926,1795.47559
-328,-1095,1790,-328.88266,-1092.27747,1790.46973
-342,-1095,1764,-342.881622,-1092.27808,1764.47168
-418,-1095,2166,-418.90387,-1093.77747,2165.57227
-464,-990,2156,-464.904236,-988.779907,2155.573
-431,-1095,2193,-431.903839,-1093.77771,2192.57227
-418,-1095,2166,-418.897186,-1091.7323,2165.55835
-441,-990,2109,-441.89682,-986.732544,2108.55762
-464,-990,2156,-464.897186,-986.734558,2155.55835
-512,-990,2173,-512.349792,-987.015381,2172.06323
-459,-1095,2203,-459.322418,-1092.01685,2202.05347
-464,-990,2156,-464.33374,-987.015686,2155.05737
-459,-1095,2203,-459.334473,-1093.40137,2202.05762
-431,-1095,2193,-431.334534,-1093.40259,2192.05762
-464,-990,2156,-464.333832,-988.401367,2155.05737
530,-1260,1465,529.000977,-1257.00989,1464.95593
530,-1260,1705,529.000977,-1257.00989,1704.95593
545,-1290,1714,544.000977,-1287.01001,1713.95593
530,-1260,1465,529.000977,-1257.00989,1464.95593
545,-1290,1714,544.000977,-1287.01001,1713.95593
545,-1290,1465,544.000977,-1287.01001,1464.95593
485,-1290,1495,485.999054,-1288.64307,1494.95654
485,-1290,1714,485.999054,-1288.64307,1713.95654
500,-1260,1705,500.999115,-1258.64307,1704.95801
485,-1290,1495,485.999054,-1288.64307,1494.95654
500,-1260,1705,500.999115,-1258.64307,1704.95801
500,-1260,1465,500.999115,-1258.64307,1464.95801
485,-1290,1714,485.96347,-1286.69922,1714.26758
485,-925,2254,485.963501,-921.70459,2254.26758
500,-903,2233,500.963501,-899.704895,2233.26758
485,-1290,1714,485.963501,-1286.63794,1714.26758
500,-903,2233,500.96347,-899.649902,2233.26758
500,-1260,1705,500.963501,-1256.63757,1705.26758
500,-885,2260,500.963501,-882.841797,2260.26758
500,-903,2233,500.963867,-900.840881,2233.26636
492,-915,2245,492.96347,-912.841003,2245.26758
492,-915,2245,491.955841,-912.522156,2245.99902
485,-915,2245,484.955841,-912.522156,2245.99902
500,-885,2260,499.955841,-882.522278,2260.99902
485,-915,2245,484.955841,-912.522156,2245.99902
485,-885,2260,484.955841,-882.522278,2260.99902
500,-885,2260,499.955841,-882.522278,2260.99902
530,-885,2290,529.955872,-884.055969,2289.00098
485,-885,2290,484.955841,-884.055969,2289.00098
485,-915,2305,484.955841,-914.055908,2304.00098
530,-885,2290,529.955872,-884.055969,2289.00098
485,-915,2305,484.955841,-914.055908,2304.00098
530,-915,2305,529.955872,-914.055908,2304.00098
530,-1260,1705,529.035156,-1256.98767,1705.26282
530,-903,2233,529.035156,-899.958435,2233.2627
545,-925,2254,544.035278,-921.958252,2254.26318
530,-1260,1705,529.034912,-1258.45483,1705.26184
545,-925,2254,544.0354,-923.471924,2254.26367
545,-1290,1714,544.035095,-1288.45422,1714.26257
530,-903,2233,529.0354,-900.025635,2233.26367
530,-885,2260,529.0354,-882.024902,2260.26367
545,-897,2296,544.035217,-894.023804,2296.26294
530,-903,2233,529.0354,-900.025635,2233.26367
545,-897,2296,544.035217,-894.023804,2296.26294
545,-925,2254,544.035217,-922.024902,2254.26294
545,-897,2296,544.955872,-896.056152,2295.00098
530,-885,2290,529.955872,-884.055969,2289.00098
530,-915,2305,529.955872,-914.055908,2304.00098
123,-885,2260,122.955818,-882.522278,2260.99902
485,-885,2260,484.955841,-882.522278,2260.99902
485,-915,2245,484.955841,-912.522156,2245.99902
123,-885,2260,122.955818,-882.522278,2260.99902
485,-915,2245,484.955841,-912.522156,2245.99902
138,-915,2245,137.955826,-912.522156,2245.99902
78,-915,2305,77.9558182,-914.055908,2304.00098
485,-915,2305,484.955841,-914.055908,2304.00098
485,-885,2290,484.955841,-884.055969,2289.00098
78,-915,2305,77.9558182,-914.055908,2304.00098
485,-885,2290,484.955841,-884.055969,2289.00098
93,-885,2290,92.9558182,-884.055969,2289.00098
123,-885,2010,122.000931,-883.51062,2009.95691
123,-885,2260,122.000931,-883.51062,2259.95703
138,-915,2245,137.000931,-913.510681,2244.95703
123,-885,2010,122.000931,-883.51062,2009.95691
138,-915,2245,137.000931,-913.510681,2244.95703
138,-915,2010,137.000931,-913.510681,2009.95691
78,-915,2010,78.9998932,-913.065613,2009.98547
78,-915,2305,78.9998932,-913.065613,2304.9856
93,-885,2290,93.9999084,-883.065552,2289.98657
78,-915,2010,78.9998932,-913.065613,2009.98547
93,-885,2290,93.9999084,-883.065552,2289.98657
93,-885,2010,93.9999084,-883.065552,2009.98657
93,-885,1760,93.9999084,-883.065552,1759.98657
93,-885,1464,93.9999084,-883.065552,1463.98657
78,-915,1495,78.9998932,-913.065613,1494.98547
93,-885,1760,93.9999084,-883.065552,1759.98657
78,-915,1495,78.9998932,-913.065613,1494.98547
78,-915,1760,78.9998932,-913.065613,1759.98547
138,-915,1760,137.000931,-913.510681,1759.95691
138,-915,1464,137.000931,-913.510681,1463.95691
123,-885,1464,122.000931,-883.51062,1463.95691
138,-915,1760,137.000931,-913.510681,1759.95691
123,-885,1464,122.000931,-883.51062,1463.95691
123,-885,1760,122.000931,-883.51062,1759.95691
600,350,-1790,599.955872,353.149323,-1790.99902
431,350,-1790,430.955841,353.149323,-1790.99902
431,320,-1775,430.955841,323.149414,-1775.99902
600,350,-1790,599.955872,353.149323,-1790.99902
431,320,-1775,430.955841,323.149414,-1775.99902
630,320,-1775,629.955872,323.149414,-1775.99902
630,320,-1835,629.955872,321.10199,-1834.00098
431,320,-1835,430.955841,321.10199,-1834.00098
431,350,-1820,430.955841,351.101868,-1819.00098
630,320,-1835,629.955872,321.10199,-1834.00098
431,350,-1820,430.955841,351.101868,-1819.00098
600,350,-1820,599.955872,351.101868,-1819.00098
-173,-300,-1098,-172.144882,-216.718735,-1097.48157
-191,75,-1055,-190.144882,158.477554,-1054.48157
-169,75,-1092,-168.144379,158.46347,-1091.48242
-191,75,-1055,-190.144379,76.5540924,-1054.48242
-105,210,-996,-104.141502,211.555267,-995.487183
-169,75,-1092,-168.144379,76.5540924,-1091.48242
-191,75,-1055,-190.147339,76.9758072,-1054.47754
-150,180,-966,-149.14444,181.978455,-965.4823
-105,210,-996,-104.141434,211.977676,-995.487305
-169,75,-1092,-168.853821,75.8518982,-1091.01074
-105,210,-996,-104.861023,210.851379,-995.009705
-126,75,-1098,-125.859726,75.8513031,-1097.00989
-105,210,-996,-104.861458,211.410278,-995.009644
-60,180,-1026,-59.859726,181.410202,-1025.00989
-126,75,-1098,-125.859726,76.4098969,-1097.00989
-169,75,-1092,-168.867035,181.084473,-1091.00891
-126,75,-1098,-125.859627,181.094467,-1097.01001
-152,-300,-1099,-151.867035,-194.354065,-1098.00891
-169,75,-1092,-168.958679,143.447479,-1091.00085
-152,-300,-1099,-151.956665,-231.718857,-1098.00098
-173,-300,-1098,-172.958679,-231.704041,-1097.00085
173,-300,-1098,172.85466,-243.710358,-1097.01062
126,75,-1098,125.874519,131.622086,-1097.00793
169,75,-1092,168.852997,131.600922,-1091.01086
126,75,-1098,125.847359,75.8511963,-1097.01172
105,210,-996,104.846573,210.851181,-995.011841
169,75,-1092,168.853821,75.8518982,-1091.01074
126,75,-1098,125.846573,76.4098969,-1097.01184
60,180,-1026,59.8465691,181.410202,-1025.01184
105,210,-996,104.847755,211.410278,-995.011658
169,75,-1092,168.137817,76.5541916,-1091.49341
105,210,-996,104.140266,211.555267,-995.489258
191,75,-1055,190.13739,76.5540924,-1054.49414
105,210,-996,104.140266,211.977676,-995.489258
150,180,-966,149.138138,181.978394,-965.492859
191,75,-1055,190.13739,76.9758072,-1054.49414
169,75,-1092,168.13739,140.94014,-1091.49414
191,75,-1055,190.13739,140.94519,-1054.49414
182,-300,-1079,181.137527,-233.856506,-1078.4939
169,75,-1092,168.095413,114.537247,-1091.57373
182,-300,-1079,181.095184,-260.636505,-1078.57422
173,-300,-1098,172.095291,-260.621674,-1097.57397
-389,75,-1291,-389.042267,127.647026,-1291.99902
-392,-300,-1283,-392.042267,-247.288574,-1283.99902
-208,-300,-1283,-208.042267,-247.288574,-1283.99902
-389,75,-1291,-389.042267,127.647026,-1291.99902
-208,-300,-1283,-208.042267,-247.288574,-1283.99902
-211,75,-1291,-211.042267,127.647026,-1291.99902
-211,75,-1291,-211.711975,137.601685,-1291.70215
-208,-300,-1283,-208.712128,-237.122177,-1283.70203
-78,-300,-1413,-78.7061691,-237.122177,-1413.70801
-211,75,-1291,-211.712494,120.91275,-1291.70166
-78,-300,-1413,-78.7052078,-254.272568,-1413.70898
-86,75,-1417,-86.7061615,120.83728,-1417.70801
-86,75,-1417,-86.9990692,139.716049,-1417.04297
-78,-300,-1413,-78.9990692,-235.219559,-1413.04297
-78,-300,-1597,-78.9990692,-235.219559,-1597.04297
-86,75,-1417,-86.9990692,139.716049,-1417.04297
-78,-300,-1597,-78.9990692,-235.219559,-1597.04297
-86,75,-1594,-86.9990692,139.716049,-1594.04297
-86,75,-1594,-86.7042923,139.848679,-1593.29016
-78,-300,-1597,-78.7081528,-234.875183,-1596.29395
-208,-300,-1727,-208.712067,-234.881073,-1726.29797
-86,75,-1594,-86.7042923,139.848679,-1593.29016
-208,-300,-1727,-208.712067,-234.881073,-1726.29797
-211,75,-1719,-211.710281,139.848679,-1718.29614
-211,75,-1719,-211.042267,110.915062,-1718.00098
-208,-300,-1727,-208.042267,-264.020538,-1726.00098
-392,-300,-1727,-392.042267,-264.020538,-1726.00098
-211,75,-1719,-211.042267,110.915062,-1718.00098
-392,-300,-1727,-392.042267,-264.020538,-1726.00098
-389,75,-1719,-389.042267,110.915062,-1718.00098
-389,75,-1719,-388.288116,131.331284,-1718.29773
-392,-300,-1727,-391.289062,-243.398453,-1726.29675
-522,-300,-1597,-521.302002,-243.398453,-1596.28394
-389,75,-1719,-388.288116,131.331284,-1718.29773
-522,-300,-1597,-521.302002,-243.398453,-1596.28394
-514,75,-1594,-513.301758,131.325409,-1593.28418
-514,75,-1594,-513.000977,98.8467636,-1594.04297
-522,-300,-1597,-521.000977,-276.088837,-1597.04297
-522,-300,-1413,-521.000977,-276.088837,-1413.04297
-514,75,-1594,-513.000977,98.8467636,-1594.04297
-522,-300,-1413,-521.000977,-276.088837,-1413.04297
-514,75,-1417,-513.000977,98.8467636,-1417.04297
-514,75,-1417,-513.301758,104.277527,-1417.71582
-522,-300,-1413,-521.30188,-270.847351,-1413.71594
-392,-300,-1283,-391.290161,-270.844635,-1283.70435
-514,75,-1417,-513.298889,141.157928,-1417.71301
-392,-300,-1283,-391.288971,-233.904373,-1283.70312
-389,75,-1291,-388.289062,141.240524,-1291.70325
-169,240,-1451,-169.999069,242.256821,-1451.04297
-86,75,-1417,-86.9990692,77.2601547,-1417.04297
-86,75,-1594,-86.9990692,77.2601547,-1594.04297
-169,240,-1451,-169.999069,242.256821,-1451.04297
-86,75,-1594,-86.9990692,77.2601547,-1594.04297
-169,240,-1559,-169.999069,242.256821,-1559.04297
-169,240,-1559,-169.712128,241.096588,-1558.29797
-86,75,-1594,-86.7061615,76.1025009,-1593.29199
-211,75,-1719,-211.712387,76.1026382,-1718.29822
-169,240,-1559,-169.712128,241.096588,-1558.29797
-211,75,-1719,-211.712387,76.1026382,-1718.29822
-246,240,-1636,-246.710083,241.096725,-1635.2959
-246,240,-1636,-246.042267,241.200378,-1635.00098
-211,75,-1719,-211.042267,76.2035828,-1718.00098
-389,75,-1719,-389.042267,76.2035828,-1718.00098
-246,240,-1636,-246.042267,241.200378,-1635.00098
-389,75,-1719,-389.042267,76.2035828,-1718.00098
-354,240,-1636,-354.042267,241.200378,-1635.00098
-354,240,-1636,-353.288574,241.982208,-1635.29724
-389,75,-1719,-388.290985,76.9879837,-1718.29492
-514,75,-1594,-513.301758,76.987709,-1593.28418
-354,240,-1636,-353.288574,241.982208,-1635.29724
-514,75,-1594,-513.301758,76.987709,-1593.28418
-431,240,-1559,-430.292999,241.981934,-1558.29285
-431,240,-1559,-430.000885,242.250946,-1559.04199
-514,75,-1594,-513.000977,77.2541428,-1594.04297
-514,75,-1417,-513.000977,77.2541428,-1417.04297
-431,240,-1559,-430.000885,242.250946,-1559.04199
-514,75,-1417,-513.000977,77.2541428,-1417.04297
-431,240,-1451,-430.000885,242.250946,-1451.04199
-431,240,-1451,-430.291016,242.116226,-1451.7052
-514,75,-1417,-513.300781,77.1174622,-1417.71484
-389,75,-1291,-388.290161,77.1178665,-1291.70435
-431,240,-1451,-430.288971,242.673599,-1451.70312
-389,75,-1291,-388.291992,77.679512,-1291.70618
-354,240,-1374,-353.288971,242.673599,-1374.70312
-354,240,-1374,-354.042267,241.081955,-1374.99902
-389,75,-1291,-389.042267,76.0851517,-1291.99902
-211,75,-1291,-211.042267,76.0851517,-1291.99902
-354,240,-1374,-354.042267,241.081955,-1374.99902
-211,75,-1291,-211.042267,76.0851517,-1291.99902
-246,240,-1374,-246.042267,241.081955,-1374.99902
-246,240,-1374,-246.71199,241.058853,-1374.70215
-211,75,-1291,-211.712265,76.0607834,-1291.7019
-86,75,-1417,-86.7069321,76.0591583,-1417.70728
-246,240,-1374,-246.711975,242.946762,-1374.70215
-86,75,-1417,-86.7061691,77.9503708,-1417.70801
-169,240,-1451,-169.711975,242.946762,-1451.70215
211,75,-1591,210.955826,124.64283,-1591.99902
208,-300,-1583,207.955826,-250.292786,-1583.99902
392,-300,-1583,391.955841,-250.292786,-1583.99902
211,75,-1591,210.955826,124.64283,-1591.99902
392,-300,-1583,391.955841,-250.292786,-1583.99902
389,75,-1591,388.955841,124.64283,-1591.99902
389,75,-1591,388.286072,133.342987,-1591.7002
392,-300,-1583,391.28653,-241.380875,-1583.70068
522,-300,-1713,521.285095,-241.383804,-1713.69922
389,75,-1591,388.286072,137.898758,-1591.7002
522,-300,-1713,521.28241,-237.28656,-1713.69641
514,75,-1717,513.285095,137.825989,-1717.69922
514,75,-1717,513.000977,98.8467636,-1717.04297
522,-300,-1713,521.000977,-276.088837,-1713.04297
522,-300,-1897,521.000977,-276.088837,-1897.04297
514,75,-1717,513.000977,98.8467636,-1717.04297
522,-300,-1897,521.000977,-276.088837,-1897.04297
514,75,-1894,513.000977,98.8467636,-1894.04297
514,75,-1894,513.28241,127.066711,-1893.30359
522,-300,-1897,521.282288,-247.663025,-1896.30371
392,-300,-2027,391.286194,-247.65715,-2026.29968
514,75,-1894,513.28241,127.066711,-1893.30359
392,-300,-2027,391.286194,-247.65715,-2026.29968
389,75,-2019,388.286072,127.072594,-2018.2998
389,75,-2019,388.955841,113.919266,-2018.00098
392,-300,-2027,391.955841,-261.016357,-2026.00098
208,-300,-2027,207.955826,-261.016357,-2026.00098
389,75,-2019,388.955841,113.919266,-2018.00098
208,-300,-2027,207.955826,-261.016357,-2026.00098
211,75,-2019,210.955826,113.919266,-2018.00098
211,75,-2019,211.705276,135.589981,-2018.29114
208,-300,-2027,208.709122,-239.139755,-2026.29492
78,-300,-1897,78.7081528,-239.133881,-1896.29395
211,75,-2019,211.705276,135.589981,-2018.29114
78,-300,-1897,78.7081528,-239.133881,-1896.29395
86,75,-1894,86.7101593,135.589981,-1893.29602
86,75,-1894,86.9999161,139.755737,-1894.0127
78,-300,-1897,78.9999161,-235.179871,-1897.0127
78,-300,-1713,78.9999161,-235.179871,-1713.0127
86,75,-1894,86.9999161,139.755737,-1894.0127
78,-300,-1713,78.9999161,-235.179871,-1713.0127
86,75,-1717,86.9999161,139.755737,-1717.0127
86,75,-1717,86.7081985,114.792725,-1717.70593
78,-300,-1713,78.7101669,-260.332153,-1713.70398
208,-300,-1583,208.710175,-260.332153,-1583.70398
86,75,-1717,86.7082062,145.912949,-1717.70593
208,-300,-1583,208.706802,-229.149353,-1583.7074
211,75,-1591,211.70813,145.989639,-1591.70593
431,240,-1751,430.000946,242.250809,-1751.04297
514,75,-1717,513.000977,77.2541428,-1717.04297
514,75,-1894,513.000977,77.2541428,-1894.04297
431,240,-1751,430.000946,242.250809,-1751.04297
514,75,-1894,513.000977,77.2541428,-1894.04297
431,240,-1859,430.000946,242.250809,-1859.04297
431,240,-1859,430.286194,241.316772,-1858.29968
514,75,-1894,513.282288,76.3225479,-1893.30371
389,75,-2019,388.28653,76.3228226,-2018.29932
431,240,-1859,430.286194,241.316772,-1858.29968
389,75,-2019,388.28653,76.3228226,-2018.29932
354,240,-1936,353.286072,241.316772,-1935.2998
354,240,-1936,353.955841,241.197403,-1935.00098
389,75,-2019,388.955841,76.2008667,-2018.00098
211,75,-2019,210.955826,76.2008667,-2018.00098
354,240,-1936,353.955841,241.197403,-1935.00098
211,75,-2019,210.955826,76.2008667,-2018.00098
246,240,-1936,245.955826,241.197403,-1935.00098
246,240,-1936,246.702179,242.647354,-1935.28809
211,75,-2019,211.710205,77.6534119,-2018.29602
86,75,-1894,86.7076492,77.6534119,-1893.29346
246,240,-1936,246.702179,242.647354,-1935.28809
86,75,-1894,86.7076492,77.6534119,-1893.29346
169,240,-1859,169.703186,242.647354,-1858.28906
169,240,-1859,169.999115,242.256927,-1859.04199
86,75,-1894,86.9999161,77.2618332,-1894.0127
86,75,-1717,86.9999161,77.2618332,-1717.0127
169,240,-1859,169.999115,242.256927,-1859.04199
86,75,-1717,86.9999161,77.2618332,-1717.0127
169,240,-1751,169.999115,242.256927,-1751.04199
169,240,-1751,169.709061,240.865753,-1751.70508
86,75,-1717,86.705101,75.8671265,-1717.70898
211,75,-1591,211.709045,75.8673935,-1591.70508
169,240,-1751,169.709366,242.45369,-1751.70483
211,75,-1591,211.704239,77.4594574,-1591.70996
246,240,-1674,246.707397,242.45369,-1674.70679
246,240,-1674,245.955826,241.08493,-1674.99902
211,75,-1591,210.955826,76.0881348,-1591.99902
389,75,-1591,388.955841,76.0881348,-1591.99902
246,240,-1674,245.955826,241.08493,-1674.99902
389,75,-1591,388.955841,76.0881348,-1591.99902
354,240,-1674,353.955841,241.08493,-1674.99902
354,240,-1674,353.286194,241.869095,-1674.70032
389,75,-1591,388.286194,76.8708878,-1591.70032
514,75,-1717,513.286316,76.8692627,-1717.70044
354,240,-1674,353.286072,241.541748,-1674.7002
514,75,-1717,513.28894,76.5453568,-1717.70312
431,240,-1751,430.286072,241.541748,-1751.7002
-236,-20,4039,-235.163437,-16.9407101,4038.45215
-315,-283,4060,-314.167633,-279.938934,4059.4458
-250,-269,4153,-249.165359,-265.943237,4152.44922
-250,-269,4153,-249.158371,-267.289124,4152.45996
-180,-254,4254,-179.158371,-252.291199,4253.45996
-144,-18,4162,-143.153412,-16.2941875,4161.46777
-236,-20,4039,-235.208817,-17.8902454,4038.38843
-250,-269,4153,-249.206375,-266.888489,4152.3916
-144,-18,4162,-143.205627,-15.8915157,4161.39258
144,-18,4162,143.194641,-15.8915157,4161.40723
250,-269,4153,249.192841,-266.888489,4152.40967
236,-20,4039,235.195358,-17.8894405,4038.40625
144,-18,4162,143.15036,-16.2941875,4161.47266
180,-254,4254,179.158371,-252.291199,4253.45996
250,-269,4153,249.15036,-267.289124,4152.47266
250,-269,4153,249.155258,-265.943237,4152.46484
315,-283,4060,314.152191,-279.939789,4059.46973
236,-20,4039,235.163437,-16.9407101,4038.45215
-241,-20,3776,-240.000885,-17.2158222,3775.95801
-315,-368,3864,-314.000885,-365.233948,3863.95801
-236,-20,4039,-235.000885,-17.2304764,4038.95801
-315,-368,3864,-314.007874,-363.313843,3864.125
-315,-283,4060,-314.007874,-278.322937,4060.125
-236,-20,4039,-235.008041,-15.3275375,4039.12646
-245,-208,3589,-244.011871,-203.239059,3589.15356
-315,-368,3864,-314.011871,-363.267883,3864.15356
-241,-20,3776,-240.011902,-15.2354336,3776.15381
-136,-17,3632,-135.747253,-14.6477346,3632.96753
0,-68,3578,0.238990977,-65.6465378,3578.97095
-245,-208,3589,-244.751221,-205.651627,3589.96851
-136,-17,3632,-135.187546,-15.3563328,3632.58301
-245,-208,3589,-244.187546,-206.359802,3589.58301
-241,-20,3776,-240.187546,-18.3536167,3776.58301
0,-17,4199,-0.352885127,-15.6078329,4198.06445
0,-237,4313,-0.362120956,-235.610352,4312.06787
180,-254,4254,179.635376,-252.610321,4253.06885
0,-17,4199,-0.25485298,-14.9544611,4198.0332
180,-254,4254,179.730118,-251.957016,4253.03711
144,-18,4162,143.737183,-15.9575319,4161.03516
-144,-18,4162,-143.668228,-15.5372705,4161.05664
-180,-254,4254,-179.665466,-251.537354,4253.05762
0,-237,4313,0.336787671,-234.537476,4312.05859
-144,-18,4162,-143.755814,-15.3639107,4161.03027
0,-237,4313,0.239938527,-234.362671,4312.0293
0,-17,4199,0.235605553,-14.3650303,4198.02832
241,-20,3776,240.012909,-15.2357931,3776.16016
315,-368,3864,314.012909,-363.268066,3864.16016
245,-208,3589,244.013077,-203.239243,3589.16113
241,-20,3776,240.176727,-18.3538551,3776.56763
245,-208,3589,244.187546,-206.359802,3589.58301
136,-17,3632,135.176559,-15.3565722,3632.56738
236,-20,4039,235.006897,-15.3276472,4039.11719
315,-283,4060,314.006897,-278.322937,4060.11719
315,-368,3864,314.00708,-363.313843,3864.11865
236,-20,4039,235.000931,-17.2306194,4038.95703
315,-368,3864,314.000946,-365.23407,3863.95654
241,-20,3776,240.000931,-17.2159672,3775.95703
245,-208,3589,244.740204,-205.651627,3589.96558
0,-68,3578,-0.258576959,-65.6465378,3578.96582
136,-17,3632,135.737183,-14.6477346,3632.96484
166,-368,3444,165.345551,-364.117676,3444.7561
139,-127,3539,138.344437,-123.105919,3539.75513
245,-208,3589,244.345551,-204.111389,3589.7561
-59,-35,3463,-58.0079689,-30.1033573,3462.87402
-108,-159,3383,-107.008003,-154.104645,3382.87378
-165,-367,3442,-164.008865,-362.107605,3441.86719
8,-39,3333,8.88176346,-36.7957993,3333.47168
-108,-159,3383,-107.122459,-156.803513,3383.47949
-59,-35,3463,-58.1225891,-32.8010521,3463.47974
73,-193,3158,72.9558182,-191.718079,3158.99902
8,-254,3101,7.95581722,-252.715683,3101.99902
-57,-193,3158,-57.0425262,-191.718079,3158.99902
-117,-219,3214,-116.008095,-210.44014,3214.12695
-109,-88,3300,-108.009941,-79.4398041,3300.14062
-104,-173,3170,-103.010078,-164.43454,3170.1416
-117,-219,3214,-116.001015,-175.167465,3213.95508
-108,-159,3383,-107.001015,-115.170189,3382.95508
-109,-88,3300,-108.001015,-44.181778,3299.95508
-62,-161,3153,-61.7327385,-159.985992,3153.96362
-70,-132,3173,-69.7516861,-130.985733,3173.96851
8,-118,3160,8.2470274,-116.98365,3160.96899
-70,-132,3173,-69.5238113,-130.035919,3173.87915
-62,-161,3153,-61.5261688,-159.034821,3153.88062
-104,-173,3170,-103.52581,-171.035904,3170.88037
-70,-132,3173,-69.1882401,-131.22229,3173.58398
-109,-88,3300,-108.188766,-87.220787,3300.58472
-47,-74,3235,-46.1821594,-73.2206802,3235.57544
-70,-132,3173,-69.1480865,-130.394913,3173.52368
-104,-173,3170,-103.141869,-171.395813,3170.51343
-109,-88,3300,-108.144661,-86.3948364,3300.51807
8,-118,3160,8.04380322,-115.462143,3160.99902
8,-164,3148,8.04380322,-161.462921,3148.99902
-62,-161,3153,-61.9235115,-158.462402,3153.99707
125,-88,3300,124.000931,-72.920578,3299.95703
124,-159,3383,123.000946,-143.908539,3382.95654
133,-219,3214,132.000931,-203.905823,3213.95703
120,-173,3170,119.008865,-168.998764,3170.13281
125,-88,3300,124.008995,-84.0038223,3300.13379
133,-219,3214,132.008865,-215.004166,3214.13281
125,-88,3300,124.140411,-86.3088913,3300.51099
120,-173,3170,119.140854,-171.309875,3170.51172
86,-132,3173,85.1402664,-130.309189,3173.51074
63,-74,3235,62.1775589,-72.5234451,3235.56885
125,-88,3300,124.173706,-86.5235519,3300.56323
86,-132,3173,85.175209,-130.524887,3173.56543
-109,-88,3300,-108.399094,-87.231514,3299.20068
-108,-159,3383,-107.395859,-158.230255,3382.20312
8,-39,3333,8.6053896,-38.2315598,3332.2041
124,-159,3383,123.390106,-158.482452,3382.20752
125,-88,3300,124.385689,-87.4837112,3299.21094
8,-39,3333,7.3866291,-38.4837646,3332.21021
75,-35,3463,74.1213913,-34.2500572,3463.47754
124,-159,3383,123.121391,-158.252518,3383.47754
8,-39,3333,7.12072754,-38.2448044,3333.47632
120,-173,3170,119.510185,-171.177612,3170.87183
78,-161,3153,77.5047226,-159.177109,3153.86865
86,-132,3173,85.5027237,-130.178207,3173.86743
8,-118,3160,7.72594738,-116.342628,3160.96167
86,-132,3173,85.7309875,-130.344238,3173.96313
78,-161,3153,77.7198715,-159.345459,3153.95996
78,-161,3153,77.9235153,-158.190155,3153.99707
8,-164,3148,7.93753099,-161.189697,3148.99805
8,-118,3160,7.93753099,-115.188927,3160.99805
-245,-208,3589,-244.360809,-206.221222,3589.76904
-139,-127,3539,-138.360809,-125.219727,3539.76904
-165,-367,3442,-164.36763,-365.220001,3442.77466
-139,-127,3539,-138.153412,-123.113998,3539.53223
-59,-35,3463,-58.1534004,-31.1084385,3463.53223
-165,-367,3442,-164.147339,-363.114624,3442.52246
0,-68,3578,-0.043009311,-65.8553162,3578.99878
139,-127,3539,138.955826,-124.854904,3539.99902
-139,-127,3539,-139.042267,-124.854904,3539.99902
75,-35,3463,74.9558182,-33.0658379,3462.00098
-59,-35,3463,-59.0425262,-33.0658379,3462.00098
-139,-127,3539,-139.042267,-125.064369,3538.00098
75,-35,3463,74.9558182,-33.0658379,3462.00098
-139,-127,3539,-139.042267,-125.064369,3538.00098
139,-127,3539,138.955826,-125.064369,3538.00098
166,-368,3444,165.095184,-364.552368,3444.42578
75,-35,3463,74.0930099,-31.5512238,3463.42114
139,-127,3539,138.09552,-123.551216,3539.42651
166,-368,3444,165.017929,-365.252289,3443.81152
124,-159,3383,123.019653,-156.263474,3382.80273
75,-35,3463,74.0207977,-32.268486,3462.79712
80,-286,3165,79.3260422,-196.324722,3165.73877
8,-254,3101,7.31290007,-164.262711,3101.72656
133,-219,3214,132.334991,-129.303146,3214.74683
-117,-219,3214,-116.329918,-149.286789,3214.74219
8,-254,3101,8.65876007,-184.230591,3101.7522
-64,-286,3165,-63.3410645,-216.308365,3165.7522
156,-363,4299,155.657333,-361.278015,4298.06055
180,-254,4254,179.657333,-252.27504,4253.06055
0,-237,4313,-0.325787067,-235.265167,4312.05469
156,-363,4299,155.173218,-334.144745,4298.4375
250,-269,4153,249.172546,-240.116623,4152.43848
180,-254,4254,179.172882,-225.118271,4253.43799
-156,-364,4299,-155.665466,-362.203339,4298.05762
0,-237,4313,0.318990111,-235.203506,4312.05225
-180,-254,4254,-179.665466,-252.209152,4253.05762
-250,-269,4153,-249.18544,-247.131882,4152.41992
-156,-364,4299,-155.188248,-342.128967,4298.41602
-180,-254,4254,-179.181656,-232.122726,4253.42529
-321,-437,4245,-320.016937,-434.587341,4244.81689
-255,-327,4298,-254.016922,-324.592163,4297.81689
-250,-269,4153,-249.01683,-266.590851,4152.81738
-321,-497,4245,-320.144958,-482.533966,4245.51855
-250,-269,4153,-249.144379,-254.532578,4153.51758
-221,-364,4094,-220.147339,-349.51355,4094.52246
-388,-481,4413,-387.011902,-480.545166,4412.84619
-294,-410,4670,-293.011902,-409.551117,4669.84619
-301,-373,4437,-300.011841,-372.545563,4436.84668
-321,-437,4245,-320.016846,-436.084045,4245.18262
-388,-481,4413,-387.017181,-480.085083,4413.18457
-301,-373,4437,-300.016846,-372.086151,4437.18262
-321,-437,4245,-320.007874,-436.177216,4245.125
-301,-373,4437,-300.007874,-372.181274,4437.125
-255,-327,4298,-254.007858,-326.180511,4298.125
221,-364,4094,220.15036,-351.849396,4094.52734
250,-269,4153,249.153412,-256.868927,4153.53223
322,-437,4245,321.147644,-424.855255,4245.52295
302,-373,4437,301.006012,-372.263031,4437.10938
322,-437,4245,321.006897,-436.264984,4245.11719
255,-326,4299,254.006958,-325.267548,4299.11768
250,-269,4153,249.013077,-266.519318,4152.83887
255,-326,4299,254.013,-323.524231,4298.83936
322,-437,4245,321.013,-434.526337,4244.83936
