179,0,133,179.959045,12.1374283,132.716751
223,480,154,223.958679,492.195221,153.715515
152,0,41,152.957718,12.1432962,40.7122917
223,480,154,223.993149,491.372742,153.883148
206,480,4,206.993927,491.353577,3.88995886
152,0,41,152.993027,11.3635216,40.8821144
123,0,251,123.849411,7.74776316,251.527725
170,480,273,170.850143,487.715393,273.52655
166,0,181,166.849442,7.73919201,181.527679
170,480,273,170.937347,491.026062,273.348389
194,480,208,194.937332,491.009979,208.348434
166,0,181,166.937378,11.0409002,181.348312
194,480,208,194.878693,495.156433,208.477386
223,480,154,223.878693,495.154846,154.477386
166,0,181,166.878723,15.1125698,181.477325
223,480,154,223.9646,485.086182,154.263718
179,0,133,179.964645,5.127069,133.26355
166,0,181,166.964645,5.12123728,181.26355
46,0,300,46.5322876,7.06965351,300.846558
170,480,273,170.533844,487.098663,273.845581
123,0,251,123.532158,7.06730223,251.846634
46,0,300,46.338295,24.145977,300.94104
2,480,333,2.3418119,503.987305,333.939758
170,480,273,170.335388,503.944092,273.942078
-71,480,242,-71.7769089,487.440857,242.629608
2,480,333,1.22217357,487.43576,333.628479
46,0,300,45.2229919,7.41903305,300.629486
-120,480,154,-120.99897,495.256592,153.954712
-123,480,217,-123.99897,495.260834,216.954712
-103,0,234,-103.99897,15.3955107,233.954712
-92,0,75,-92.7312927,4.06460524,75.6820602
-183,480,91,-183.715179,484.058136,91.6989365
-120,480,154,-120.70504,484.058533,154.709167
-37,350,-68,-37.8635445,365.120819,-68.5042725
-94,480,21,-94.8635635,495.077789,20.4957619
-69,0,10,-69.8596497,15.2988482,9.48911667
-94,480,21,-94.9418106,495.991333,20.6638565
-92,0,75,-92.9424133,15.9162426,74.6655502
-69,0,10,-69.9437332,15.9109001,9.66929245
-94,480,21,-94.6148758,490.199646,20.2113762
-183,480,91,-183.618317,490.218536,90.2140732
-92,0,75,-92.6149979,10.2690048,74.2114716
-135,-38,-460,-135.99794,-33.4617462,-460.064117
-155,122,-461,-155.998032,126.545166,-461.062683
-139,-43,-376,-139.997925,-38.4596252,-376.064178
-125,184,-268,-125.920303,190.269821,-267.608795
-66,217,-117,-66.9236526,223.259857,-116.616776
-139,-43,-376,-139.920303,-36.7255821,-375.608795
-66,217,-117,-66.9587402,270.498901,-116.715721
-98,-56,-240,-98.9561539,-2.36778498,-239.707138
-139,-43,-376,-139.956726,10.7594929,-375.709015
111,0,-7,111.999893,6.91318703,-6.98538542
155,203,-64,155.999084,209.897522,-63.957222
111,-9,-130,111.999901,-2.08551002,-129.985931
155,203,-64,155.963623,207.621902,-63.7327385
131,-52,-246,131.964554,-47.3844109,-245.736115
111,-9,-130,111.963722,-4.38413143,-129.733093
155,203,-64,155.99913,210.255463,-64.0415268
152,190,-189,152.999084,197.24408,-189.042633
131,-52,-246,131.9991,-44.7791138,-246.042267
152,190,-189,152.9879,201.202759,-188.84491
167,166,-302,167.9879,177.209198,-301.84491
131,-52,-246,131.9879,-40.7981796,-245.84491
167,166,-302,167.983795,174.348831,-301.820709
191,122,-465,191.983795,130.351486,-464.820709
131,-52,-246,131.983978,-43.6406441,-245.821716
191,122,-465,191.988815,127.904625,-465.149017
154,-56,-482,154.988831,-50.0931969,-482.149017
172,-45,-379,172.988831,-39.0953255,-379.149017
152,0,41,152.760681,2.96324801,40.3508759
155,203,-64,155.76062,205.962769,-64.6491928
111,0,-7,111.75885,2.9653883,-7.65126467
152,0,41,152.696945,7.84683228,40.2828789
206,480,4,206.69191,487.81012,3.27801609
132,350,-43,132.69693,357.822388,-43.7171364
191,122,-465,191.850388,127.270767,-465.526154
131,105,-557,131.854431,110.267242,-557.519531
110,-56,-532,110.851463,-50.7323647,-532.524414
191,122,-465,191.752625,136.571503,-465.658447
110,-56,-532,110.745827,-41.4092216,-532.666138
154,-56,-482,154.752487,-41.4118576,-482.6586
131,105,-557,131.292252,112.175682,-557.956299
7,-40,-568,7.29009008,-32.8253517,-568.95697
110,-56,-532,110.295288,-48.8208885,-532.955383
131,105,-557,131.411942,106.726456,-557.911194
4,130,-627,4.42779875,131.727478,-627.90387
7,-40,-568,7.4265008,-38.2661934,-568.90448
4,130,-627,3.50801826,134.724426,-627.870605
-95,94,-560,-95.4952774,98.7234344,-560.868713
-81,-47,-524,-81.4952774,-42.2763443,-524.868713
4,130,-627,3.56732583,134.653717,-627.90155
-81,-47,-524,-81.4154663,-42.3463707,-524.909607
7,-40,-568,6.56770754,-35.3426933,-568.901733
-95,94,-560,-95.8775253,97.8349838,-560.479492
-155,122,-461,-155.87796,125.829193,-461.478729
-81,-47,-524,-81.8778458,-43.1604156,-524.478943
-155,122,-461,-155.774612,129.527969,-461.632416
-135,-38,-460,-135.774643,-30.4582825,-460.632385
-81,-47,-524,-81.7658615,-39.4580078,-524.643005
779,0,133,779.959839,13.0858002,132.719452
823,480,154,823.959717,493.143188,153.719055
752,0,41,752.95874,13.091466,40.7157173
823,480,154,823.994019,490.59079,153.891266
806,480,4,806.994019,490.571899,3.89093542
752,0,41,752.993103,10.5814581,40.8827553
723,0,251,723.850281,10.7093868,251.526306
770,480,273,770.850037,490.676422,273.526703
766,0,181,766.850037,10.7008162,181.526703
770,480,273,770.936218,495.196442,273.35141
794,480,208,794.936829,495.180756,208.349777
766,0,181,766.936218,15.2110825,181.351379
794,480,208,794.880493,495.075195,208.474045
823,480,154,823.880371,495.073608,154.474274
766,0,181,766.88031,15.0309391,181.474335
823,480,154,823.967529,487.789307,154.252625
779,0,133,779.967529,7.83033228,133.252655
766,0,181,766.967529,7.82419348,181.252594
646,0,300,646.532227,15.7899113,300.846588
770,480,273,770.532288,495.818939,273.846558
723,0,251,723.533386,15.7878962,251.845871
646,0,300,646.34375,14.6629181,300.939056
602,480,333,602.34082,494.505157,333.940094
770,480,273,770.34082,494.461945,273.940094
529,480,242,528.218933,487.670197,242.624435
602,480,333,601.21936,487.6651,333.624969
646,0,300,645.218994,7.6483717,300.624481
480,480,154,479.001007,500.921967,153.955139
477,480,217,476.001007,500.926208,216.955139
497,0,234,496.000946,21.0607128,233.956528
508,0,75,507.284912,3.51400495,75.699028
417,480,91,416.283539,483.503845,91.6976242
480,480,154,479.280914,483.503479,154.694916
563,350,-68,562.131287,369.964966,-68.4953079
506,480,21,505.135406,499.923553,20.49753
531,0,10,530.129333,20.1427631,9.50812626
506,480,21,505.05899,492.273865,20.6616211
508,0,75,507.05899,12.198596,74.6616211
531,0,10,530.056274,12.1934376,9.66927052
506,480,21,505.379669,485.695953,20.2156601
417,480,91,416.379761,485.714813,90.2155914
508,0,75,507.376587,5.76514387,74.2181091
465,-52,-460,464.000946,-37.6561279,-460.043274
445,157,-461,444.000946,171.358612,-461.043274
461,-52,-376,460.000946,-37.6433296,-376.043274
475,202,-268,474.068054,209.37146,-267.637421
534,217,-117,533.068054,224.361298,-116.637405
461,-52,-376,460.068054,-44.5956726,-375.637421
534,217,-117,533.041199,279.58606,-116.715927
502,-52,-240,501.042999,10.421979,-239.709915
461,-52,-376,460.042999,10.4760313,-375.70993
711,0,-7,711.999084,6.11410761,-6.9572196
755,203,-64,755.999146,209.100128,-63.9586716
711,-9,-130,711.999084,-2.88458967,-129.95723
755,203,-64,755.96167,205.740768,-63.7257919
731,-52,-246,731.959961,-49.2655182,-245.719879
711,-9,-130,711.959656,-6.26549292,-129.718994
755,203,-64,755.999023,220.605423,-64.0439606
752,190,-189,752.999084,207.594406,-189.042267
731,-52,-246,731.999084,-34.4284172,-246.042389
752,190,-189,752.989136,202.300079,-188.852997
767,184,-302,767.989136,196.293518,-301.852997
731,-52,-246,731.989136,-39.6774788,-245.852997
767,184,-302,767.985229,195.376236,-301.828766
791,143,-465,791.983276,154.370468,-464.817902
731,-52,-246,731.983276,-40.608139,-245.817886
791,143,-465,791.983276,162.48259,-465.181946
780,-52,-471,780.985229,-32.5327454,-471.171143
798,-52,-368,798.985229,-32.5546303,-368.171082
752,0,41,752.759399,2.92835569,40.3493767
755,203,-64,755.759094,205.927841,-64.6509552
711,0,-7,711.76001,2.93040276,-7.64990425
752,0,41,752.686829,7.43117762,40.2731819
806,480,4,806.68457,487.393951,3.27105331
732,350,-43,732.686584,357.406677,-43.7270432
791,143,-465,791.800171,196.997345,-465.599762
728,195,-553,728.806213,248.937393,-553.591614
780,-52,-471,780.799072,2.02014041,-471.601166
728,195,-553,728.818665,224.180176,-553.574219
724,-52,-550,724.813843,-22.7926674,-550.580994
780,-52,-471,780.813843,-22.7051888,-471.581055
728,195,-553,728.151367,290.801239,-553.988464
607,-52,-568,607.151367,43.8045692,-568.988464
724,-52,-550,724.151367,43.8045692,-550.988464
728,195,-553,728.389648,201.64003,-553.920959
605,261,-616,605.389771,267.633118,-616.920898
607,-52,-568,607.388733,-45.3863182,-568.921326
605,261,-616,604.472107,268.725128,-616.849304
508,240,-553,507.476349,247.717499,-553.851929
607,-52,-568,606.472107,-44.303936,-568.849304
508,240,-553,507.557922,246.759323,-553.896973
519,-52,-524,518.549011,-45.2001305,-524.892517
607,-52,-568,606.532349,-45.215229,-568.883911
508,240,-553,507.214783,255.558624,-553.619202
445,157,-461,444.211792,172.55275,-461.615387
519,-52,-524,518.211487,-36.4499474,-524.61499
445,157,-461,444.238831,174.927994,-461.648529
465,-52,-460,464.238831,-34.1037788,-460.648529
519,-52,-524,518.235474,-34.1110077,-524.644592
705,134,-221,704.000916,134.532516,-220.95723
650,198,-229,649.000977,198.532104,-228.955826
651,199,-188,650.000916,199.531937,-187.95723
705,134,-221,704.000854,134.899063,-220.958679
651,199,-188,650.000916,199.901321,-187.95723
706,134,-196,705.000916,134.899445,-195.95723
650,198,-229,649.000854,200.045441,-228.958679
588,362,-233,587.000854,364.043213,-232.958679
594,350,-184,593.000854,352.044434,-183.958679
650,198,-229,649.000916,201.037186,-228.95723
594,350,-184,593.000854,353.03772,-183.958679
651,199,-188,650.000854,202.03801,-187.958679
560,196,-436,560.668396,198.77977,-435.256195
604,420,-391,604.669312,422.783539,-390.257019
639,396,-432,639.668152,398.784149,-431.255981
560,196,-436,560.668091,198.375931,-435.25592
639,396,-432,639.669006,398.38739,-431.256744
594,197,-466,594.667969,199.378174,-465.255829
522,101,-481,522.668152,102.677704,-480.255981
560,196,-436,560.668762,197.676895,-435.256531
594,197,-466,594.668152,198.676285,-465.255981
522,101,-481,522.686523,103.063576,-480.272919
594,197,-466,594.686646,199.060822,-465.27301
542,102,-499,542.686707,104.06337,-498.273071
522,101,-481,522.686646,101.970139,-480.27301
542,102,-499,542.686523,102.970062,-498.272919
475,20,-541,475.680847,20.9682083,-540.267578
756,119,-455,756.967529,120.243179,-455.252563
767,99,-357,767.967529,100.241058,-357.252625
776,124,-393,776.9646,125.241867,-393.26358
783,157,-407,783.955933,159.414505,-407.293579
756,119,-455,756.959839,121.417053,-455.280548
776,124,-393,776.959717,126.416206,-393.280823
783,157,-407,783.975403,159.406815,-407.220276
774,168,-465,774.974487,170.407211,-465.224335
756,119,-455,756.975403,121.408951,-455.220306
774,168,-465,774.876526,169.358459,-465.481323
746,180,-527,746.877136,181.358566,-527.480225
756,119,-455,756.876526,120.35807,-455.481323
746,180,-527,746.925476,185.195099,-527.378784
719,125,-551,719.925781,130.197968,-551.378052
756,119,-455,756.926331,124.197067,-455.376587
523,234,-368,522.138977,249.845673,-368.508545
563,212,-433,562.141968,227.846344,-433.51358
557,258,-430,556.141968,273.851837,-430.51358
677,260,-553,676.955078,288.66626,-553.998962
633,159,-549,632.955872,187.640732,-549.999023
729,194,-551,728.955872,222.643036,-551.999023
677,260,-553,677.658203,264.105896,-553.752808
605,261,-616,605.658203,265.105865,-616.752808
633,159,-549,633.658447,163.103104,-549.752625
605,261,-616,605.261902,262.870331,-616.965088
562,170,-575,562.261719,171.86911,-575.965088
633,159,-549,633.262329,160.871185,-549.964966
584,134,-583,584.763489,135.475784,-583.645813
561,84,-561,561.762878,85.4754791,-561.646423
633,159,-549,633.762878,160.474442,-549.646484
1379,0,133,1379.95581,14.0327568,132.706024
1423,480,154,1423.95972,494.090942,153.719055
1352,0,41,1352.95874,14.0392313,40.7157173
1423,480,154,1423.99402,489.80899,153.891266
1406,480,4,1406.99219,489.789581,3.87524462
1352,0,41,1352.99304,9.80016041,40.882515
1323,0,251,1323.8501,13.6704397,251.526611
1370,480,273,1370.8501,493.637482,273.52652
1366,0,181,1366.85059,13.6624393,181.525833
1370,480,273,1370.93677,499.367859,273.349915
1394,480,208,1394.93604,499.349701,208.35144
1366,0,181,1366.93652,19.3825016,181.350601
1394,480,208,1394.88025,494.992767,208.47435
1423,480,154,1423.88037,494.991211,154.474213
1366,0,181,1366.87646,14.9493093,181.481415
1423,480,154,1423.96753,490.493317,154.252502
1379,0,133,1379.9657,10.534976,133.259598
1366,0,181,1366.9657,10.5288382,181.259521
1246,0,300,1246.53394,13.503787,300.84552
1370,480,273,1370.53357,493.532806,273.845734
1323,0,251,1323.53369,13.5017719,251.845673
1246,0,300,1246.34375,34.6740074,300.938995
1202,480,333,1202.34375,514.51532,333.938995
1370,480,273,1370.34375,514.472107,273.938995
1129,480,242,1128.22046,487.899811,242.626343
1202,480,333,1201.21912,487.89444,333.624664
1246,0,300,1245.21936,7.87797832,300.624969
1080,480,154,1079.00098,506.588226,153.955826
1077,480,217,1076.00098,506.591064,216.955826
1097,0,234,1096.00098,26.7269707,233.955826
1108,0,75,1107.29297,9.38270092,75.7071762
1017,480,91,1016.29407,489.372742,91.708252
1080,480,154,1079.2959,489.372345,154.710052
1106,480,21,1105.37646,492.224731,20.2182064
1017,480,91,1016.38867,492.242889,90.2086258
1108,0,75,1107.37598,12.2939014,74.2185974
1065,7,-460,1064.00098,15.6328478,-460.04303
1045,167,-461,1044.00195,175.639755,-461.061432
1061,2,-376,1060.00195,10.6352119,-376.061401
1075,229,-268,1074.01929,244.084625,-267.804565
1106,217,-120,1105.01831,232.078171,-119.809517
1061,2,-376,1060.02039,17.1384373,-375.799133
1106,217,-120,1105.03784,227.324646,-119.727516
1102,-11,-240,1101.03577,-0.696999013,-239.734955
1061,2,-376,1060.03979,12.297122,-375.720734
1348,0,-11,1348.99915,6.12205839,-10.9586697
1392,203,-68,1392.99927,209.111465,-67.9617386
1348,-9,-133,1348.99927,-2.87619781,-132.962708
1392,203,-68,1392.98718,205.301865,-67.8406372
1369,-7,-262,1369.98621,-4.68252897,-261.834808
1348,-9,-133,1348.98633,-6.68918514,-132.83522
1392,203,-68,1392.99902,218.420303,-68.0425262
1391,235,-205,1391.99902,250.436722,-205.042435
1369,-7,-262,1369.99902,8.4187355,-262.042267
1391,235,-205,1391.98816,240.509109,-204.846893
1405,211,-317,1405.98914,216.50592,-316.852997
1369,-7,-262,1369.98816,-1.49725425,-261.846893
1405,211,-317,1405.98523,222.354691,-316.828766
1424,167,-463,1424.98523,178.358063,-462.828766
1369,-7,-262,1369.98523,4.36488581,-261.828766
1424,167,-463,1424.98853,174.315872,-463.151031
1386,-11,-479,1386.98914,-3.69098258,-479.146423
1404,0,-376,1404.98914,7.31388235,-376.146454
1352,0,41,1352.99609,6.03466272,40.9117012
1392,203,-68,1392.99609,209.031097,-68.0870895
1348,0,-11,1348.99609,6.03466272,-11.0875959
1352,0,41,1352.68665,7.01523447,40.2730103
1406,480,4,1406.68542,486.978455,3.27185678
1332,350,-43,1332.68665,356.990723,-43.7269592
1424,167,-463,1424.73254,170.386642,-463.680634
1335,175,-561,1335.73254,178.3797,-561.680603
1310,-11,-532,1310.73254,-7.6070137,-532.680603
1424,167,-463,1424.56152,184.491852,-463.827423
1310,-11,-532,1310.57227,6.57555676,-532.819946
1386,-11,-479,1386.56738,6.55030537,-479.823395
1335,175,-561,1335.30786,179.423004,-561.951416
1207,5,-568,1207.30786,9.41834736,-568.951355
1310,-11,-532,1310.30823,-6.58838177,-532.951294
1335,175,-561,1335.4259,177.422516,-561.904724
1204,185,-630,1204.42896,187.420303,-630.90332
1207,5,-568,1207.43945,7.41243649,-568.898254
1204,185,-630,1203.50989,190.019257,-630.871643
1102,174,-570,1101.51965,179.023956,-570.877075
1119,-2,-524,1118.51855,3.02875471,-524.876465
1204,185,-630,1203.57312,188.241562,-630.904297
1119,-2,-524,1118.5752,1.24103987,-524.905273
1207,5,-568,1206.5752,8.2389164,-568.905273
1102,174,-570,1101.11572,178.509689,-570.466919
1045,167,-461,1044.11902,171.512146,-461.473114
1119,-2,-524,1118.11584,2.51387644,-524.467163
1045,167,-461,1044.22412,181.297562,-461.630859
1065,7,-460,1064.22461,21.3112965,-460.63147
1119,-2,-524,1118.22571,12.311265,-524.632812
1979,0,133,1979.95972,11.1444645,132.719055
2023,480,154,2023.95972,491.216431,153.719055
1966,0,87,1966.95874,11.1348381,86.7157211
2023,480,154,2023.95398,487.720001,153.700134
1952,0,41,1952.95288,7.62225056,40.6966553
1966,0,87,1966.95386,7.62560606,86.6997452
2023,480,154,2023.99402,489.027161,153.891266
2006,480,4,2006.99219,489.007782,3.87524462
1952,0,41,1952.99304,9.01835155,40.882515
1923,0,251,1923.84998,7.26949215,251.526642
1970,480,273,1970.85059,487.237671,273.525818
1966,0,181,1966.85059,7.26149225,181.525818
1970,480,273,1970.93677,490.025452,273.349915
1994,480,208,1994.93616,490.008972,208.351456
1966,0,181,1966.93652,10.0401058,181.350601
1994,480,208,1994.88025,494.911133,208.47435
2023,480,154,2023.87659,494.909576,154.481201
1966,0,181,1966.8772,14.8676786,181.480118
2023,480,154,2023.96753,493.196747,154.252502
1979,0,133,1979.9657,13.2383928,133.259598
1966,0,181,1966.9657,13.232254,181.259521
1846,0,300,1846.53296,11.2176628,300.84613
1970,480,273,1970.54016,491.246002,273.841492
1923,0,251,1923.52832,11.2149754,251.848999
1846,0,300,1846.34399,25.1945496,300.938965
1802,480,333,1802.34082,505.035889,333.940094
1970,480,273,1970.34387,504.992676,273.938995
1729,480,242,1728.21899,488.128876,242.62442
1802,480,333,1801.21497,488.123505,333.619415
1846,0,300,1845.21899,8.10704899,300.62442
1680,480,154,1679.00098,512.25238,153.955826
1677,480,217,1676.00098,512.255188,216.955826
1697,0,234,1696.00098,32.3911133,233.955826
1708,0,75,1707.29407,8.82842541,75.7081833
1617,480,91,1616.29297,488.818481,91.7071762
1680,480,154,1679.2959,488.818481,154.710098
1763,350,-68,1762.13135,379.655975,-68.4953384
1706,480,21,1705.13147,509.613647,20.504364
1731,0,10,1730.13013,29.8365307,9.50672531
1706,480,21,1705.05249,508.983734,20.680275
1708,0,75,1707.05737,28.912899,74.666153
1731,0,10,1730.05627,28.9070034,9.66927052
1706,480,21,1705.37622,487.721161,20.218401
1617,480,91,1616.37634,487.740021,90.2183075
1708,0,75,1707.37598,7.78966141,74.2185974
1665,0,-460,1664.00098,7.4247613,-460.042267
1645,157,-461,1644.00098,164.416595,-461.042908
1661,0,-376,1660.00098,7.42669106,-376.044159
1911,0,-7,1911.99902,2.76435876,-7.04306936
1955,203,-64,1955.99902,205.762909,-64.0425262
1911,0,-130,1911.99902,2.76435876,-130.042267
1952,190,-189,1952.85986,264.884521,-188.489487
2011,184,-289,2011.86047,258.945129,-288.490509
1974,0,-233,1974.85498,74.8903351,-232.481354
2011,184,-289,2011.99707,189.179657,-289.075317
1999,201,-500,1999.99707,206.18251,-500.076019
1974,0,-233,1974.99609,5.18583632,-233.087082
1999,201,-500,1999.99902,209.507126,-500.043304
1972,0,-379,1972.99902,8.5350914,-379.042267
1974,0,-233,1974.99902,8.54546928,-233.04245
1999,201,-500,1999.98328,205.81485,-500.181854
1954,0,-482,1954.98328,4.81898928,-482.181641
1972,0,-379,1972.98523,4.81898928,-379.170593
1952,0,41,1952.75891,2.85838485,40.3488083
1955,203,-64,1955.75891,205.857681,-64.6511078
1911,0,-7,1911.75989,2.8602457,-7.64990425
1952,0,41,1952.68652,6.59975243,40.2728958
2006,480,4,2006.68616,486.562988,3.27254677
1932,350,-43,1932.68762,356.575714,-43.7260666
1999,201,-500,1999.75623,205.547043,-500.654297
1942,204,-569,1942.76294,208.548035,-569.646423
1954,0,-482,1954.76294,4.54223442,-482.646423
1942,204,-569,1942.7511,207.98204,-569.660156
1910,0,-532,1910.7511,3.98403478,-532.660156
1954,0,-482,1954.74744,3.97822571,-482.664307
1942,204,-569,1942.31079,209.662933,-569.950439
1807,0,-568,1807.31934,5.6652317,-568.947632
1910,0,-532,1910.32239,5.66242695,-532.946594
1942,204,-569,1942.36243,208.686081,-569.932007
1805,205,-623,1805.34961,209.682861,-623.936829
1807,0,-568,1807.34961,4.67035389,-568.93689
1805,205,-623,1804.44299,208.89798,-623.830505
1708,182,-553,1707.44263,185.884689,-553.830261
1719,0,-524,1718.44263,3.88651204,-524.830261
1805,205,-623,1804.53235,211.189651,-623.883911
1719,0,-524,1718.55286,6.1860013,-524.894409
1807,0,-568,1806.53711,6.18561554,-568.886414
1708,182,-553,1707.19019,190.14299,-553.58667
1645,157,-461,1644.18762,165.129318,-461.583069
1719,0,-524,1718.18518,8.15243626,-524.579651
1645,157,-461,1644.23584,167.516037,-461.64502
1665,0,-460,1664.23572,10.5196304,-460.644806
1719,0,-524,1718.23547,10.522049,-524.644592
1661,0,-376,1660.00183,8.94763851,-375.939514
1643,202,-281,1642.00183,210.97551,-280.939514
1669,0,-252,1668.00183,8.95485783,-251.939514
1643,202,-281,1642.12695,220.253571,-280.51239
1734,217,-117,1733.12012,235.313126,-116.524811
1669,0,-252,1668.11902,18.2091331,-251.526855
1974,0,-233,1974.8501,46.2558479,-232.473389
1911,0,-130,1911.84998,46.2281876,-129.473267
1952,190,-189,1952.84851,236.131104,-188.470825
1911,0,-130,1911.99902,4.77605963,-130.042267
1955,203,-64,1955.99902,207.782272,-64.0425262
1952,190,-189,1952.99902,194.776031,-189.042267
2579,0,133,2579.95581,15.9282875,132.706024
2623,480,154,2623.95483,495.984863,153.702942
2552,0,41,2552.95776,15.934762,40.7126083
2623,480,154,2623.99219,488.244354,153.875259
2606,480,4,2606.99316,488.225983,3.88327336
2552,0,41,2552.99219,8.23654366,40.875248
2523,0,251,2523.8501,10.230545,251.526489
2570,480,273,2570.8479,490.197601,273.529694
2566,0,181,2566.85034,10.2236872,181.526184
2570,480,273,2570.93628,494.196869,273.351135
2594,480,208,2594.93262,494.180389,208.360825
2566,0,181,2566.93433,14.211525,181.356415
2594,480,208,2594.88037,494.829498,208.474228
2623,480,154,2623.88062,494.829498,154.473801
2566,0,181,2566.87646,14.7844791,181.481277
2623,480,154,2623.96558,485.843994,154.259766
2579,0,133,2579.95972,5.88318443,133.28093
2566,0,181,2566.96167,5.87827396,181.273834
2446,0,300,2446.53223,8.93086624,300.846558
2570,480,273,2570.53271,488.960571,273.846283
2523,0,251,2523.52734,8.92817879,251.849579
2446,0,300,2446.33789,15.7114916,300.941071
2402,480,333,2402.34375,495.552826,333.938965
2570,480,273,2570.33789,495.509613,273.94104
2329,480,242,2328.21924,488.35849,242.624802
2402,480,333,2401.21509,488.353119,333.619598
2446,0,300,2445.21899,8.33665562,300.62442
2280,480,154,2279.00098,494.805786,153.955826
2277,480,217,2276.00098,494.817078,216.955826
2297,0,234,2296.00098,14.9501791,233.955826
2308,0,75,2307.29297,8.27414989,75.7071304
2217,480,91,2216.29297,488.264191,91.7071609
2280,480,154,2279.2959,488.264191,154.710098
2306,480,21,2305.3772,494.250244,20.2176228
2217,480,91,2216.37598,494.267761,90.2185974
2308,0,75,2307.37622,14.3187551,74.2184067
2265,7,-460,2264.00098,13.1527729,-460.042999
2245,197,-461,2244.00098,203.173767,-461.042267
2261,2,-376,2260.00098,8.14884853,-376.042267
2275,259,-268,2274.0166,298.593811,-267.818542
2306,217,-120,2305.01636,256.599243,-119.81987
2261,2,-376,2260.0166,41.4540367,-375.818542
2306,217,-120,2305.03784,223.768143,-119.727516
2302,-11,-240,2301.03662,-4.25255203,-239.731857
2261,2,-376,2260.03784,8.74156857,-375.727539
2548,0,-11,2548.99976,5.04054403,-10.9895916
2592,203,-68,2592.99976,208.050629,-67.9785614
2548,-4,-133,2548.99951,1.03252661,-132.968765
2592,203,-68,2592.98535,206.827713,-67.8294678
2569,-7,-262,2569.9834,-3.16829658,-261.818542
2548,-4,-133,2548.98511,-0.169592515,-132.828766
2592,203,-68,2592.99902,210.255264,-68.0432205
2591,235,-205,2591.99902,242.268784,-205.042267
2569,-7,-262,2569.99902,0.252257615,-262.042267
2591,235,-205,2591.99121,241.125687,-204.868042
2605,241,-317,2605.99219,247.115601,-316.875275
2569,-7,-262,2569.99121,-0.86016643,-261.867737
2605,241,-317,2605.98535,249.014938,-316.829468
2624,197,-463,2624.98828,205.008301,-462.847382
2569,-7,-262,2569.98535,0.990554631,-261.829468
2624,197,-463,2624.98438,204.046646,-463.174988
2586,-11,-479,2586.98926,-3.93380094,-479.145721
2604,0,-376,2604.98633,7.06145906,-376.163879
2552,0,41,2552.99512,6.19410849,40.9013023
2592,203,-68,2592.99609,209.191071,-68.0865021
2548,0,-11,2548.99512,6.19410849,-11.0976353
2552,0,41,2552.68652,6.18380928,40.2728958
2606,480,4,2606.68579,486.147034,3.27220154
2532,350,-43,2532.68726,356.15976,-43.7264061
2624,197,-463,2624.70068,206.108444,-463.71344
2534,208,-559,2534.71338,217.108292,-559.700684
2510,-11,-532,2510.7124,-1.91380286,-532.70166
2624,197,-463,2624.56519,220.305954,-463.82489
2510,-11,-532,2510.57007,12.377203,-532.821533
2586,-11,-479,2586.56519,12.3683538,-479.82489
2534,208,-559,2534.30859,212.195328,-559.951172
2407,5,-568,2407.30762,9.20968628,-568.951477
2510,-11,-532,2510.30762,-6.79881191,-532.951416
2534,208,-559,2534.51855,212.019119,-559.855042
2404,216,-641,2404.52637,220.014908,-641.85022
2407,5,-568,2407.52148,9.01704025,-568.85321
2404,216,-641,2403.49707,220.579941,-641.864319
2299,205,-578,2298.49609,209.57637,-578.863708
2319,-2,-524,2318.50293,2.57368827,-524.867676
2404,216,-641,2403.57446,219.507019,-641.904907
2319,-2,-524,2318.57422,1.50924397,-524.904785
2407,5,-568,2406.57544,8.50903034,-568.905396
2299,205,-578,2298.09448,207.932495,-578.424255
2245,197,-461,2244.0979,199.935242,-461.431458
2319,-2,-524,2318.09448,0.952233016,-524.424194
2245,197,-461,2244.22974,204.976334,-461.637695
2265,7,-460,2264.22412,14.9443922,-460.630798
2319,-2,-524,2318.23145,5.93305588,-524.639771
3189,150,-519,3188.00098,165.424698,-518.958984
3193,132,-451,3192.00098,147.411606,-450.957672
3200,0,-428,3199.00098,15.3610601,-427.959686
3185,118,-590,3184.00586,127.499039,-589.891907
3189,150,-519,3188.00488,159.504547,-518.901306
3200,0,-615,3199.00586,9.49738216,-614.891907
3189,150,-519,3188.00098,158.102005,-519.042969
3200,0,-428,3199.00098,8.07320881,-428.042267
3200,0,-615,3199.00098,8.07320881,-615.042969
779,0,1525,779.959167,14.320447,1524.71716
823,480,1545,823.95874,494.392548,1544.71582
752,0,1433,752.958801,14.3377151,1432.71594
823,480,1545,823.993103,484.170929,1544.88281
806,480,1396,806.993103,484.181152,1395.88281
752,0,1433,752.993042,4.11824179,1432.88281
723,0,1643,723.849487,5.48097563,1643.52759
770,480,1665,770.848999,485.448029,1665.52832
766,0,1573,766.848999,5.47183275,1573.52832
770,480,1665,770.936096,493.184143,1665.35156
794,480,1600,794.936096,493.167633,1600.35144
766,0,1573,766.936096,13.1987724,1573.35156
794,480,1600,794.876404,492.691223,1600.48145
823,480,1545,823.883301,492.684906,1545.46875
766,0,1573,766.876465,12.740468,1573.48145
823,480,1545,823.9646,489.583832,1545.26367
779,0,1525,779.964539,9.55526352,1525.26367
766,0,1573,766.962646,9.55526352,1573.27051
646,0,1691,646.526367,16.4103107,1691.85022
770,480,1665,770.526367,496.340271,1665.85022
723,0,1643,723.521545,16.4049053,1643.85315
646,0,1691,646.338867,16.4624767,1691.9408
602,480,1725,602.319641,496.355896,1725.94751
770,480,1665,770.338867,496.420593,1665.9408
529,480,1633,528.210144,492.311768,1633.61328
602,480,1725,601.210815,492.309662,1725.61414
646,0,1691,645.210266,12.2563896,1691.6134
480,480,1546,479.000946,492.392822,1545.95654
477,480,1608,476.001007,492.399872,1607.9552
497,0,1626,496.000946,12.4862566,1625.95654
508,0,1467,507.00293,9.4737978,1467.07642
475,480,1487,474.002991,489.45575,1487.07727
480,480,1546,479.002991,489.460022,1546.07727
430,295,1239,429.12027,316.049835,1239.47546
531,0,1402,530.122864,21.0810604,1402.48022
469,0,1289,468.12027,21.1210232,1289.47546
498,350,1339,497.02298,367.475891,1339.21313
506,480,1413,505.02298,497.481262,1413.21313
531,0,1402,530.021301,17.4942493,1402.2052
506,480,1413,505.055084,493.641541,1412.67273
508,0,1467,507.056732,13.5677509,1466.66797
531,0,1402,530.053894,13.5603819,1401.67615
506,480,1413,505.081146,496.106232,1412.60547
475,480,1487,474.079041,496.075256,1486.61035
508,0,1467,507.074982,16.2396603,1466.62012
324,0,785,323.066071,7.46650648,784.642578
285,303,784,284.066071,310.437286,783.642578
258,0,959,257.062744,7.46498871,958.651367
285,342,1050,284.194641,355.409668,1050.59277
430,295,1239,429.196075,308.414337,1239.59473
258,0,959,257.195312,13.4032249,959.593689
755,269,1327,755.605896,274.344482,1327.79553
878,0,1199,878.613342,5.3514576,1199.78979
774,0,1279,774.609375,5.36143255,1279.79285
948,324,1092,948.914612,332.2724,1092.40417
984,0,951,984.917603,8.22009563,951.397461
878,0,1199,878.914612,8.24141884,1199.40417
955,303,776,955.904785,311.502411,775.574219
883,0,743,883.903931,8.52096081,742.572327
984,0,951,984.903259,8.5258007,950.570923
752,0,1433,752.999023,46.4985809,1432.95593
755,269,1327,755.999023,315.405853,1326.95593
750,0,1380,750.998962,46.4844971,1379.95508
752,0,1433,752.978638,14.4809656,1432.79443
768,350,1353,768.978333,364.481689,1352.79297
755,269,1327,755.978333,283.476105,1326.79297
752,0,1433,752.91156,7.88535547,1432.58887
806,480,1396,806.911072,487.888641,1395.58777
768,350,1353,768.914612,357.885712,1352.5957
955,303,776,955.84436,307.144196,775.464233
833,250,606,833.844666,254.151993,605.464722
798,0,647,798.844116,4.16067648,646.463867
955,303,776,955.743896,308.994904,775.331726
798,0,647,798.743408,6.0050416,646.331177
883,0,743,883.743469,6.0192647,742.331238
833,250,606,833.323914,256.18454,605.053955
599,0,577,599.322327,6.19696331,576.053406
798,0,647,798.322754,6.18644047,646.053528
599,281,577,598.846985,286.318512,576.01178
407,280,605,406.853821,285.323242,604.010742
428,0,662,427.853424,5.31415701,661.010803
407,280,605,406.163513,285.615814,604.452026
285,303,784,284.163452,308.601776,783.452148
428,0,662,427.163452,5.59556246,661.452148
285,303,784,284.233795,308.035797,783.357422
324,0,785,323.230682,5.04382896,784.361145
428,0,662,427.233795,5.07131767,661.357422
1958,160,1517,1958.86768,171.990692,1517.49707
2001,480,1520,2001.86755,491.96875,1520.49707
2051,480,1433,2051.86401,491.960632,1433.50342
1958,160,1517,1958.86389,166.473816,1517.50366
2051,480,1433,2051.86377,486.496582,1433.50354
2038,160,1378,2038.86438,166.465683,1378.50281
1701,-21,920,1700.02905,-6.42842102,920.239258
1744,157,1150,1743.02905,171.55777,1150.23926
1733,-12,1045,1732.03418,2.56518102,1045.25916
1718,-21,638,1717.07227,-12.0090179,637.62677
1707,179,609,1706.06799,188.015381,608.637573
1660,-21,784,1659.06799,-12.0172291,783.637573
1674,199,894,1673.02905,209.195862,894.239258
1744,157,1150,1743.02905,167.247711,1150.23926
1660,-21,784,1659.02905,-10.8423662,784.239258
1744,157,1150,1743.04077,166.680725,1150.28247
1701,-21,920,1700.04077,-11.3121004,920.282227
1660,-21,784,1659.04077,-11.3033981,784.282532
1904,157,1150,1904.9823,172.311722,1150.18713
1930,-21,913,1930.98425,-5.63840246,913.176392
1911,-12,1032,1911.98425,3.34077859,1032.17651
1904,157,1150,1904.96948,163.608658,1150.24475
1952,187,973,1952.96948,193.613556,973.245117
1930,-21,913,1930.97021,-14.3771944,913.242188
1952,187,973,1952.99707,196.033295,973.075867
1966,226,861,1966.99597,235.0242,861.088562
1930,-21,913,1930.995,-11.9852629,913.099304
1966,226,861,1966.98218,237.262939,861.187195
1990,185,697,1990.9823,196.248505,697.187195
1930,-21,913,1930.98218,-9.73094463,913.1875
1990,185,697,1990.98425,193.647339,696.823242
1953,-21,681,1953.98218,-12.3486366,680.8125
1971,-21,781,1971.9823,-12.3440838,780.812744
1990,185,697,1990.82947,194.210251,696.441467
1927,156,610,1927.82935,165.212387,609.441406
1909,-21,630,1909.83142,-11.7700644,629.444397
1990,185,697,1990.7511,195.755524,696.339844
1909,-21,630,1909.75171,-10.2094584,629.340515
1953,-21,681,1953.75708,-10.2094584,680.34668
1927,156,610,1927.32349,161.745285,609.053772
1807,-21,594,1807.32227,-15.2558994,593.053406
1909,-21,630,1909.32239,-15.2479982,629.053406
1927,156,610,1927.42456,161.62178,609.094604
1804,178,546,1804.42505,183.621262,545.094849
1807,-21,594,1807.42444,-15.3877382,593.094543
1804,178,546,1803.44165,180.343903,545.17041
1707,179,609,1706.44446,181.34877,608.168518
1807,-21,594,1806.44482,-18.6510696,593.168274
1707,179,609,1706.56482,182.054062,608.09967
1718,-21,638,1717.55273,-17.9342403,637.105652
1807,-21,594,1806.55664,-17.9358406,593.103699
1782,480,1580,1782.26172,511.287567,1580.96509
2001,480,1520,2001.26172,511.347931,1520.96509
1958,160,1517,1958.25391,191.275375,1517.96716
2038,160,1378,2038.99902,176.186935,1378.0387
2067,480,1360,2067.99927,496.22937,1360.03442
2026,0,1284,2026.99927,16.1670895,1284.03662
2038,160,1378,2038.97437,171.957947,1378.22424
2051,480,1433,2051.97461,491.928986,1433.22363
2067,480,1360,2067.97632,491.925781,1360.21582
2026,0,1284,2026.90442,18.0216103,1283.57336
2006,477,1166,2006.91113,495.019043,1165.58789
1993,0,1213,1993.90479,18.0363827,1212.57422
2026,0,1284,2026.94995,17.5729408,1283.68762
2067,480,1360,2067.9502,497.604889,1359.68835
2006,477,1166,2006.95093,494.569122,1165.69067
1993,0,1213,1993.57275,7.24491787,1212.1803
2006,477,1166,2006.57275,484.203278,1165.1803
1904,0,1150,1904.57312,7.23917961,1149.18054
2006,477,1166,2006.37292,485.751068,1165.07214
1864,477,1108,1864.37805,485.75354,1107.07422
1904,157,1150,1904.37805,165.761642,1149.07422
1904,157,1150,1903.84119,165.879089,1149.0127
1864,477,1108,1863.82947,485.912201,1107.01465
1836,171,1159,1835.82324,179.884842,1158.01575
1864,477,1108,1863.73633,483.962097,1107.0354
1670,477,1158,1669.73633,483.93988,1157.0354
1836,171,1159,1835.73633,177.951431,1158.0354
1629,0,1234,1628.00098,16.2525406,1233.95593
1600,480,1277,1599.00098,496.264221,1276.95593
1600,480,1373,1599.00098,496.264221,1372.95593
1629,0,1234,1628.00293,36.9521561,1233.92358
1600,480,1373,1599.00293,516.801331,1372.92358
1612,160,1378,1611.00293,196.871262,1377.92358
1612,160,1378,1611.05078,189.758209,1378.31445
1600,480,1373,1599.04883,509.776428,1373.30847
1627,480,1453,1626.0498,509.752441,1453.3114
1612,160,1378,1611.13513,175.181641,1378.50195
1627,480,1453,1626.13513,495.24408,1453.50195
1692,160,1517,1691.12793,175.206528,1517.48938
1692,160,1517,1691.26489,227.063065,1517.67786
1627,480,1453,1626.26477,546.978333,1453.67773
1682,480,1512,1681.26526,546.953308,1512.67834
1758,0,1570,1757.8833,47.9732208,1570.99316
1782,480,1580,1781.86035,528.085144,1580.99011
1862,0,1583,1861.8606,47.9479027,1583.99023
1744,157,1150,1743.12732,161.685272,1149.51172
1670,477,1158,1669.13123,481.662231,1157.50488
1600,480,1277,1599.12732,484.657837,1276.51172
1817,-19,940,1817.16895,63.8818169,939.014404
1697,-1,919,1697.16895,81.8892822,918.014404
1701,-21,920,1701.16907,61.8818779,919.014404
2205,303,739,2204.42871,317.968872,738.17926
2225,0,740,2224.44482,15.071516,739.168274
2319,0,676,2318.42871,15.111331,675.17926
2308,280,647,2307.31909,292.670898,646.267639
2205,303,739,2204.31763,315.657043,738.269043
2319,0,676,2318.31836,12.6519442,675.268372
2405,281,584,2404.46436,291.007843,583.155579
2308,280,647,2307.44629,289.99173,646.167297
2319,0,676,2318.44482,9.95943546,675.168274
2405,281,584,2404.53906,286.53064,583.11261
2319,0,676,2318.54785,5.55309772,675.108093
2407,0,632,2406.53247,5.55151367,631.116028
2528,250,647,2528.42456,254.857391,646.094604
2405,281,584,2405.4248,285.859283,583.094727
2407,0,632,2407.42456,4.84099293,631.094604
2528,250,647,2528.32227,254.856171,646.053406
2407,0,632,2407.32251,4.87153912,631.053467
2510,0,668,2510.32227,4.86498976,667.053406
2632,303,731,2632.65137,315.942627,730.241272
2528,250,647,2528.65869,262.948395,646.24762
2510,0,668,2510.6582,12.9665766,667.247192
2632,303,731,2632.47949,366.105164,730.122498
2510,0,668,2510.47974,62.6629066,667.12262
2594,0,714,2594.47998,62.7847862,713.122742
2552,0,1241,2552.99902,13.4974937,1241.03967
2606,480,1204,2606.99902,493.467194,1204.04285
2593,350,1164,2593.99927,363.469482,1164.0365
2552,0,1241,2552.85498,7.57938194,1241.51831
2665,269,1130,2665.86401,276.56369,1130.50342
2581,0,1191,2581.86401,7.58412266,1191.50342
2632,303,731,2632.81934,323.917114,730.426697
2594,0,714,2594.82129,20.8835373,713.429504
2660,0,811,2660.83374,20.900507,810.447876
2689,255,990,2689.94604,349.098602,989.676025
2656,324,889,2656.9458,418.048859,888.675781
2667,0,933,2667.94604,94.1595917,932.676025
2665,269,1130,2665.98145,278.740936,1130.19141
2689,255,990,2689.9812,264.737946,990.192322
2667,0,933,2667.98218,9.73908997,933.187439
2581,0,1191,2581.78906,12.8025951,1191.61426
2665,269,1130,2665.80591,281.785065,1130.59167
2671,0,1070,2671.79248,12.8153915,1070.60986
2147,342,922,2146.01245,359.419098,922.157227
2174,282,1082,2173.01172,299.413116,1082.15222
2148,0,821,2147.01172,17.3553581,821.1521
2225,0,740,2224.28271,23.4578209,739.303223
2205,303,739,2204.26489,326.458344,738.322083
2148,0,821,2147.26514,23.4431877,820.321838
2306,480,1221,2305.375,490.684021,1220.21948
2217,480,1291,2216.38477,490.702881,1290.21167
2308,0,1275,2307.36523,10.7525339,1274.22742
2306,480,1221,2305.05371,506.448822,1220.67676
2308,0,1275,2307.05933,26.3750248,1274.66077
2331,0,1210,2330.05347,26.3691292,1209.67749
2243,350,1131,2242.21069,365.942108,1131.61389
2306,480,1221,2305.22266,495.97818,1221.62903
2331,0,1210,2330.21021,15.8437872,1210.61328
2308,0,1275,2307.29321,9.38270092,1275.7074
2217,480,1291,2216.29517,489.372742,1291.70935
2280,480,1354,2279.28345,489.372345,1354.69751
2280,480,1354,2279.00098,494.326263,1353.95593
2277,480,1417,2276.00098,494.337555,1416.95593
2297,0,1434,2296.00098,14.470645,1433.95593
2329,480,1442,2328.21045,488.308044,1442.61365
2402,480,1533,2401.21826,488.303772,1533.62354
2446,0,1500,2445.21045,8.28622818,1500.61365
2446,0,1500,2446.31958,28.3627701,1500.94751
2402,480,1533,2402.32251,508.204102,1533.94653
2570,480,1473,2570.32251,508.160889,1473.94653
2446,0,1500,2446.53467,11.2378168,1500.84497
2570,480,1473,2570.53418,491.266174,1473.84534
2523,0,1451,2523.52148,11.2324419,1451.85315
2623,480,1354,2623.9646,487.162537,1354.26367
2579,0,1333,2579.96069,7.20174456,1333.27734
2566,0,1381,2566.9646,7.19683409,1381.26367
2594,480,1408,2594.8833,495.253357,1408.46875
2623,480,1354,2623.87646,495.250214,1354.4812
2566,0,1381,2566.87646,15.2083282,1381.48145
2570,480,1473,2570.93628,487.80368,1473.3512
2594,480,1408,2594.9314,487.783875,1408.36377
2566,0,1381,2566.93481,7.81831837,1381.3551
2523,0,1451,2523.84424,5.72325373,1451.53589
2570,480,1473,2570.84424,485.690308,1473.53589
2566,0,1381,2566.84399,5.71411133,1381.53601
2623,480,1354,2623.99316,487.015503,1353.8833
2606,480,1204,2606.99316,486.995087,1203.8833
2552,0,1241,2552.99219,7.00565481,1240.87537
2579,0,1333,2579.95581,16.4462814,1332.70605
2623,480,1354,2623.95483,496.502838,1353.70312
2552,0,1241,2552.95874,16.452755,1240.71582
3152,0,1241,3152.84473,4.99161196,1240.46484
3155,203,1136,3155.8335,207.999786,1135.44751
3111,-5,1179,3111.84277,-0.00351367332,1178.46179
3179,0,1333,3179.95117,17.3916187,1332.69141
3223,480,1354,3223.95874,497.451416,1353.71582
3152,0,1241,3152.95483,17.3980923,1240.70312
3223,480,1354,3223.99316,486.233704,1353.8833
3206,480,1204,3206.99316,486.213287,1203.8833
3152,0,1241,3152.99219,6.22384691,1240.87537
3123,0,1451,3123.84424,8.68544865,1451.53589
3170,480,1473,3170.84888,488.652496,1473.52832
3166,0,1381,3166.84448,8.67630672,1381.53552
3170,480,1473,3170.9314,489.028259,1473.36377
3173,120,1388,3173.93628,129.035995,1388.35095
3166,0,1381,3166.93115,9.03639889,1381.36426
3170,480,1473,3170.93433,494.912506,1473.3562
3194,480,1408,3194.93433,494.905884,1408.35596
3173,120,1388,3173.93433,134.900314,1388.3562
3194,480,1408,3194.87744,498.380402,1408.47949
3223,480,1354,3223.87646,498.389832,1354.48132
3173,120,1388,3173.87646,138.441803,1388.4812
3223,480,1354,3223.87671,492.973297,1354.48096
3166,0,1381,3166.88379,12.9257898,1381.46777
3173,120,1388,3173.88428,132.940765,1388.4668
3223,480,1354,3223.9646,489.865967,1354.26355
3179,0,1333,3179.96069,9.9051609,1333.27722
3166,0,1381,3166.96265,9.90025043,1381.27014
3046,0,1500,3046.52148,8.94833279,1500.85315
3170,480,1473,3170.53516,488.97937,1473.84473
3123,0,1451,3123.52637,8.94833279,1451.85022
3046,0,1500,3046.31641,18.8797112,1500.94861
3002,480,1533,3002.31641,498.721039,1533.94861
3170,480,1473,3170.31641,498.677826,1473.94861
3046,0,1500,3045.53125,77.0952072,1500.8833
2949,0,1449,2948.53198,77.1195984,1449.88367
2944,96,1448,2943.53125,173.124802,1448.8833
2929,480,1442,2928.21094,488.537659,1442.61426
3002,480,1533,3001.21436,488.533386,1533.61865
3046,0,1500,3045.21094,8.51583481,1500.61426
2880,480,1354,2879.00098,530.487488,1354.03979
2897,0,1434,2896.00098,50.3335533,1434.0437
2895,0,1382,2894.00098,50.3166962,1382.04211
2880,480,1354,2879.00098,499.990417,1353.95593
2877,480,1417,2876.00098,500.001678,1416.95593
2897,0,1434,2896.00098,20.1347885,1433.95593
2908,0,1275,2907.28271,8.82764149,1275.69666
2817,480,1291,2816.28271,488.817688,1291.69678
2880,480,1354,2879.28271,488.817688,1354.69666
2906,480,1221,2905.03394,497.184814,1220.7417
2908,0,1275,2907.02905,17.3253975,1274.76074
2932,-9,1186,2931.02905,8.34048653,1185.76074
2906,480,1221,2905.37988,486.18045,1220.21558
2817,480,1291,2816.38477,486.19931,1290.21167
2908,0,1275,2907.37012,6.24896765,1274.22339
3152,0,1241,3152.69653,6.43374443,1240.28259
3206,480,1204,3206.69849,486.396973,1203.28442
3132,350,1157,3132.69727,356.409698,1156.2832
3111,-46,1070,3111.61816,-42.6557312,1070.78601
3131,-340,954,3131.62793,-336.648926,954.778137
3092,-340,986,3092.62305,-336.650879,986.782043
3016,-340,978,3016.06055,-337.676575,978.998108
3023,-46,1076,3023.06104,-43.685936,1076.99805
3111,-46,1070,3111.06152,-43.6863213,1070.99805
3016,-340,978,3016.0752,-337.665161,978.997131
2934,-46,1083,2934.07617,-43.6570206,1083.99695
3023,-46,1076,3023.07568,-43.6550941,1076.99707
3111,-46,1070,3110.89209,-42.7627945,1070.99414
3092,-340,986,3091.90088,-336.767273,986.995056
3016,-340,978,3015.90088,-336.770477,978.995056
3016,-340,978,3015.84741,-337.337067,978.988281
2902,-340,960,2901.84668,-337.337555,960.988159
2934,-46,1083,2933.84082,-43.3240051,1083.98718
3111,-46,1070,3111.99902,-39.6068573,1069.95593
3155,203,1136,3155.99902,209.377411,1135.95593
3152,190,1011,3152.99902,196.385941,1010.95587
3131,-340,954,3131.92944,-328.873016,954.368713
3111,-46,1070,3111.93115,-34.8345871,1070.36426
3152,190,1011,3152.9314,201.197449,1011.36395
2845,122,739,2844.23071,161.787811,738.361145
2865,-340,740,2864.22192,-300.306152,739.371887
2919,-340,676,2918.22632,-300.313263,675.366455
2908,66,647,2907.15649,89.9035339,646.462891
2845,122,739,2844.15479,145.881882,738.465576
2919,-340,676,2918.1499,-316.121948,675.473389
3005,100,584,3004.46387,111.604919,583.155884
2908,66,647,2907.46387,77.5888214,646.155884
2919,-340,676,2918.46094,-328.352295,675.157776
3005,100,584,3004.54175,110.372246,583.111206
2919,-340,676,2918.53125,-329.576141,675.116699
3007,-340,632,3006.53784,-329.587219,631.11322
3128,80,647,3128.42456,91.1570053,646.094604
3005,100,584,3005.42651,111.166,583.09552
3007,-340,632,3007.42456,-328.907684,631.094604
3128,80,647,3128.31958,89.9314499,646.05249
3007,-340,632,3007.31934,-330.109558,631.052368
3110,-340,668,3110.31934,-330.104584,667.052368
3191,122,735,3191.81885,145.05043,734.426025
3128,80,647,3128.81885,103.038239,646.426025
3110,-340,668,3110.83398,-316.964325,667.448242
3191,122,735,3191.74463,160.680527,734.332581
3110,-340,668,3110.74414,-301.221832,667.332031
3154,-340,718,3154.74365,-301.221832,717.331482
3191,122,735,3191.98242,136.832611,734.813354
3154,-340,718,3154.98438,-325.206451,717.823975
3172,-340,821,3172.98145,-325.209839,820.808289
3167,166,898,3167.98828,195.017303,898.152283
3191,122,735,3191.98242,150.972137,735.186157
3131,-340,954,3131.98413,-311.106781,954.176575
3152,190,1011,3152.9873,207.30835,1011.15784
3167,166,898,3167.98828,183.300125,898.152283
3131,-340,954,3131.98706,-322.740448,954.158997
3111,-5,1179,3111.99609,-0.443583548,1179.0874
3155,203,1136,3155.99707,207.566605,1136.0752
3111,-46,1070,3111.99609,-41.4528198,1070.08728
2934,217,1083,2933.04175,294.256744,1083.28589
2902,-340,960,2901.0437,-262.901062,960.291992
2861,-340,824,2860.04102,-262.677307,824.283203
2875,184,932,2874.06836,210.510529,932.362976
2934,217,1083,2933.07007,243.48262,1083.36755
2861,-340,824,2860.06812,-313.557678,824.362427
2865,-340,740,2864.00098,-305.225342,739.955872
2845,122,739,2844.00098,156.742218,738.955872
2861,-340,824,2860.00098,-305.219727,823.955872
3499,91,1719,3498.53125,94.1452637,1719.8833
3501,113,1728,3500.53149,116.145996,1728.88342
3520,113,1738,3519.53174,116.1464,1738.88354
3499,91,1719,3498.53223,94.3241501,1719.88379
3520,113,1738,3519.53125,116.324272,1738.8833
3524,91,1732,3523.53223,94.3249435,1732.88379
3484,91,1759,3484.92944,94.5523071,1759.36877
3489,113,1759,3489.93164,116.552223,1759.36328
3501,113,1728,3501.9314,116.549866,1728.36389
3484,91,1759,3484.93628,94.5541153,1759.3512
3501,113,1728,3501.93115,116.55098,1728.36426
3499,91,1719,3499.93628,94.550827,1719.35107
3500,91,1797,3500.90991,95.0569305,1796.58521
3502,113,1788,3502.90894,117.056259,1787.58313
3489,113,1759,3489.91089,117.055252,1758.5874
3500,91,1797,3500.91479,96.107811,1796.59619
3489,113,1759,3489.91846,118.105354,1758.60449
3484,91,1759,3484.91846,96.1066208,1758.60449
3525,91,1780,3524.42578,95.0125427,1779.1814
3521,113,1775,3520.42578,117.01384,1774.1814
3502,113,1788,3501.41895,117.01384,1787.18616
3525,91,1780,3524.42603,94.6861801,1779.18115
3502,113,1788,3501.44165,116.685509,1787.17041
3500,91,1797,3499.42603,94.6852951,1796.18115
3524,91,1732,3523.00098,94.5045853,1732.0437
3520,113,1738,3519.00073,116.504242,1738.03809
3521,113,1775,3520.00098,116.505554,1775.04004
3524,91,1732,3523.00073,98.9367599,1732.03662
3521,113,1775,3520.00073,120.937485,1775.03516
3525,91,1780,3524.00073,98.9353561,1780.03491
3598,91,1713,3597.53125,94.2258453,1713.8833
3600,113,1722,3599.53149,116.226578,1722.88342
3619,113,1732,3618.53125,116.226982,1732.8833
3598,91,1713,3597.53125,92.598938,1713.8833
3619,113,1732,3618.53223,114.599762,1732.88379
3624,91,1726,3623.53125,92.598938,1726.8833
3584,91,1753,3584.9314,98.1493073,1753.36377
3589,113,1752,3589.93164,120.149895,1752.36328
3600,113,1722,3600.9314,120.149895,1722.36377
3584,91,1753,3584.94019,95.3791809,1753.34021
3600,113,1722,3600.94019,117.378792,1722.34021
3598,91,1713,3598.93652,95.376915,1713.35059
3600,91,1791,3600.9209,95.6926804,1790.61023
3601,113,1781,3601.92065,117.693169,1780.60974
3589,113,1752,3589.92261,117.69548,1751.61438
3600,91,1791,3600.91772,93.3315811,1790.60278
3589,113,1752,3589.91772,115.332291,1751.60278
3584,91,1753,3584.91772,93.333786,1752.60278
3625,91,1774,3624.44824,95.917099,1773.16602
3620,113,1769,3619.46094,117.916229,1768.15784
3601,113,1781,3600.44751,117.916229,1780.1665
3625,91,1774,3624.42578,92.9856186,1773.1814
3601,113,1781,3600.42188,114.98587,1780.18408
3600,91,1791,3599.42578,92.9856186,1790.1814
3624,91,1726,3623.00098,93.5970383,1726.04028
3619,113,1732,3618.00073,115.597168,1732.03528
3620,113,1769,3619.00073,115.597168,1769.0365
3624,91,1726,3623.00098,93.567688,1726.04358
3620,113,1769,3619.00073,115.568138,1769.0332
3625,91,1774,3624.00098,93.5665665,1774.04187
3444,112,1669,3443.03906,112.779884,1669.27637
3437,112,1645,3436.03491,112.780243,1645.26172
3419,136,1663,3418.04102,136.780228,1663.28308
3426,112,1687,3425.28247,112.969673,1686.30359
3444,112,1669,3443.28247,112.969673,1668.30359
3419,136,1663,3418.28247,136.969666,1662.30359
3402,112,1682,3402.19653,112.789772,1681.01953
3426,112,1687,3426.20117,112.789322,1686.02051
3419,136,1663,3419.19141,136.789581,1662.01855
3395,112,1657,3395.95581,112.885849,1656.70605
3402,112,1682,3402.95898,112.886581,1681.71655
3419,136,1663,3419.96265,136.885849,1662.72949
3412,112,1639,3412.73389,113.462708,1639.6792
3395,112,1657,3395.71313,113.461975,1657.70093
3419,136,1663,3419.7334,137.462708,1663.67969
3437,112,1645,3436.75537,113.591133,1645.9696
3412,112,1639,3411.75586,113.591591,1639.96973
3419,136,1663,3418.75977,137.591217,1663.9707
5088,480,1239,5087.00195,591.110901,1239.05969
5098,0,1305,5097.00293,110.804642,1305.0752
5087,332,1204,5086.00195,442.943512,1204.06116
5370,332,1193,5369.88281,340.746704,1192.00696
5235,480,1200,5234.87549,488.757202,1199.00781
5293,364,1200,5292.8833,372.758606,1199.00684
7179,0,1525,7179.95898,17.4002724,1524.71655
7223,480,1545,7223.95605,497.469177,1544.70691
7152,0,1433,7152.95117,17.4131241,1432.69141
7223,480,1545,7223.99023,484.866821,1544.8606
7206,480,1396,7206.99121,484.875,1395.8678
7152,0,1433,7152.99121,4.81209803,1432.8678
7123,0,1643,7123.84229,5.86039257,1643.5387
7170,480,1665,7170.84033,485.827454,1665.54199
7166,0,1573,7166.84033,5.85124969,1573.54175
7170,480,1665,7170.93408,497.132874,1665.35645
7194,480,1600,7194.93652,497.11969,1600.35059
7166,0,1573,7166.93457,17.1475182,1573.35535
7194,480,1600,7194.8833,494.210632,1600.46851
7223,480,1545,7223.88574,494.204346,1545.46387
7166,0,1573,7166.87402,14.2567415,1573.48535
7223,480,1545,7223.95898,492.192383,1545.28284
7179,0,1525,7179.95605,12.1625919,1525.29297
7166,0,1573,7166.96094,12.1675301,1573.27637
7046,0,1691,7046.52637,14.0049782,1691.8501
7170,480,1665,7170.50195,493.930878,1665.86475
7123,0,1643,7123.5127,13.9995728,1643.8584
7046,0,1691,7046.31348,23.0801468,1691.94946
7002,480,1725,7002.32031,502.983795,1725.94727
7170,480,1665,7170.31396,503.038239,1665.94934
6929,480,1633,6928.21191,490.315033,1633.61523
7002,480,1725,7001.20752,490.31076,1725.6095
7046,0,1691,7045.20801,10.2575121,1691.61047
6880,480,1546,6879.00098,503.388275,1545.95593
6877,480,1608,6876.00098,503.388275,1607.95593
6897,0,1626,6896.00098,23.4817009,1625.95593
6908,0,1433,6907.00098,13.3616982,1433.04126
6875,480,1453,6874.00098,493.36084,1453.04297
6880,480,1546,6879.00098,493.374664,1546.04065
6892,295,1289,6891.00488,308.576233,1289.09631
6898,350,1380,6897.00488,363.565704,1380.09668
6931,0,1380,6930.00732,13.5678787,1380.12073
6898,350,1380,6897.13184,358.035553,1380.49609
6906,480,1413,6905.146,488.012543,1413.51953
6931,0,1380,6930.146,8.10032463,1380.51953
6906,480,1413,6905.07617,529.442749,1412.61731
6908,0,1433,6907.07422,49.6965408,1432.62195
6931,0,1380,6930.07471,49.7443733,1379.62085
6906,480,1413,6905.19922,499.815247,1412.40112
6875,480,1453,6874.20508,499.815247,1452.39331
6908,0,1433,6907.20166,19.8807487,1432.39783
7152,0,1433,7152.99902,28.3075218,1432.95593
7168,350,1353,7168.99902,378.25296,1352.95593
7150,0,1380,7150.99902,28.3165245,1379.95593
7150,0,1380,7150.99121,26.1171875,1380.13123
7168,350,1353,7168.99121,376.080597,1353.13123
7174,295,1279,7174.99121,321.060699,1279.13074
7152,0,1433,7152.90479,9.98269558,1432.57422
7206,480,1396,7206.90967,489.98642,1395.58496
7168,350,1353,7168.91357,359.98349,1352.59375
