57,48,-4445,57.5350037,48.6336594,-4445.84473
699,807,-4678,699.534363,807.617188,-4678.84521
343,781,-4886,343.525024,781.625,-4886.85107
-1498,1150,-5343,-1498.93115,1152.36487,-5342.63574
-860,300,-5273,-860.929749,302.3461,-5272.63184
-940,300,-5473,-940.931641,302.348206,-5472.63672
-1498,1150,-5343,-1498.99304,1151.53943,-5342.88281
-820,300,-4953,-820.992126,301.543976,-4952.875
-860,300,-5273,-860.993103,301.552216,-5272.88281
-1498,1150,-5343,-1498.87195,1151.86499,-5343.48926
-940,300,-5473,-940.871704,301.864532,-5473.48975
-825,300,-5670,-825.871399,301.864532,-5670.49023
-4145,379,-3278,-4145.92236,380.527069,-3278.3855
-3320,-281,-4320,-3320.92285,-279.496124,-4320.38477
-3953,625,-4001,-3953.92578,626.524414,-4001.37793
-3320,-281,-4320,-3320.8186,-279.002686,-4320.57422
-3735,1105,-4595,-3735.81421,1107.00342,-4595.58057
-3953,625,-4001,-3953.82056,626.973267,-4001.57129
-3320,-281,-4320,-3320.40283,-279.182312,-4320.91504
-3358,1070,-4739,-3358.4043,1071.80115,-4739.91455
-3735,1105,-4595,-3735.40283,1106.8175,-4595.91504
-3320,-281,-4320,-3320.75195,-276.70578,-4320.65918
-3096,1069,-5025,-3096.74414,1073.29114,-5025.66797
-3358,1070,-4739,-3358.75684,1074.30151,-4739.65332
-3880,16,-3040,-3880.97827,16.8107224,-3040.20605
-3320,-281,-4320,-3320.97949,-280.174225,-4320.20117
-4145,379,-3278,-4145.97852,379.810883,-3278.20605
-2813,-281,-4743,-2813.65845,-276.303406,-4743.75244
-3096,1069,-5025,-3096.64478,1073.72937,-5025.76416
-3320,-281,-4320,-3320.65845,-276.329315,-4320.75244
-2509,-281,-4633,-2509.53418,-279.137329,-4633.84521
-2799,1670,-5537,-2799.53418,1671.84229,-5537.84521
-3096,1069,-5025,-3096.54053,1070.84326,-5025.84131
-2509,-281,-4633,-2508.44824,-275.99884,-4633.83398
-2346,2567,-5553,-2345.44824,2572.11548,-5553.83398
-2799,1670,-5537,-2798.44531,1675.07788,-5537.83203
-2509,-281,-4633,-2509.47949,-275.690979,-4633.87744
-1925,1793,-5553,-1925.49512,1798.25696,-5553.86865
-2346,2567,-5553,-2346.48828,2572.23779,-5553.87256
-2509,-281,-4633,-2509.13159,-279.072418,-4633.99121
-1498,1150,-5343,-1498.1239,1151.96875,-5343.99219
-1925,1793,-5553,-1925.14526,1794.98096,-5553.98926
-2509,-281,-4633,-2508.67676,-275.42215,-4633.94629
-3096,1069,-5025,-3095.6521,1074.72107,-5025.9375
-2813,-281,-4743,-2812.64941,-275.424103,-4743.93652
-1909,-281,-4913,-1908.95898,-279.453217,-4913.99902
-1328,-281,-4873,-1327.93945,-279.441986,-4873.99805
-1498,1150,-5343,-1497.95703,1151.50598,-5343.99902
-2509,-281,-4633,-2509.42773,-270.999725,-4633.90381
-1909,-281,-4913,-1909.43555,-271.025909,-4913.8999
-1498,1150,-5343,-1498.42468,1160.06128,-5343.90527
68,915,-5805,68.8996811,927.558777,-5805.43652
-36,874,-6003,-35.1203308,886.553345,-6003.47559
-13,523,-5890,-12.1166697,535.522705,-5890.46875
68,915,-5805,68.7943497,931.457275,-5805.60742
-13,523,-5890,-12.1975212,539.54126,-5890.59668
89,523,-5752,89.8057098,539.515076,-5752.59229
-364,458,-5828,-364.130951,462.361389,-5828.99121
-13,523,-5890,-13.1306486,527.345093,-5890.99121
-36,874,-6003,-36.1163177,878.329834,-6003.99316
-1328,-281,-4873,-1327.53125,-277.497101,-4873.8833
-800,36,-4674,-799.535828,39.5357895,-4674.88574
-1498,1150,-5343,-1497.53516,1153.54614,-5343.88525
-800,36,-4674,-799.938477,38.1034813,-4674.99805
-523,48,-4665,-522.960938,50.1057014,-4665.99902
-706,257,-4773,-705.963867,259.101837,-4773.99902
-800,36,-4674,-799.226501,37.2274017,-4674.63379
-706,257,-4773,-705.235474,258.231964,-4773.64453
-820,300,-4953,-819.237122,301.236633,-4953.64648
-523,48,-4665,-522.710022,50.7460098,-4665.95703
-500,213,-4699,-499.733643,215.738068,-4699.96387
-706,257,-4773,-705.703674,259.750458,-4773.95508
-523,48,-4665,-523.097717,51.9124565,-4665.99512
-188,48,-4696,-188.10672,51.9047012,-4696.99414
-500,213,-4699,-500.115631,216.907257,-4699.99316
-800,36,-4674,-800.63324,37.2581635,-4674.77393
-820,300,-4953,-820.65918,301.259827,-4953.75195
-1498,1150,-5343,-1498.64502,1151.26538,-5343.76416
-3997,-28,-2050,-3997.99707,-22.6668053,-2050.0752
-3953,-281,-2128,-3953.99707,-275.685425,-2128.07593
-3880,-281,-3040,-3880.99707,-275.68045,-3040.07617
-36,874,-6003,-36.4220276,886.625305,-6003.90625
-1498,1150,-5343,-1498.41211,1162.28711,-5343.91113
-364,458,-5828,-364.438049,470.599762,-5828.89893
1672,-160,-3911,1672.21777,-153.814362,-3911.97583
1162,840,-4235,1162.22351,846.227417,-4235.97461
38,-281,-4278,38.2188606,-274.704346,-4278.97559
1162,840,-4235,1162.49597,841.77417,-4235.86816
57,48,-4445,57.4961243,49.76091,-4445.86816
38,-281,-4278,38.4960976,-279.240356,-4278.86816
1162,840,-4235,1162.70911,840.609558,-4235.70508
699,807,-4678,699.712463,807.604553,-4678.70166
57,48,-4445,57.7096138,48.5926208,-4445.70459
1672,-160,-3911,1672.97046,-147.58371,-3911.24121
1870,-96,-3082,1870.96948,-83.6269608,-3082.24512
1885,434,-3255,1885.96948,446.314941,-3255.24512
27,1029,-4947,26.7677517,1030.87488,-4947.97266
57,48,-4445,56.7760887,49.8849297,-4445.97461
343,781,-4886,342.780396,782.875427,-4886.97559
27,1029,-4947,27.9917316,1073.27026,-4947.12793
4,48,-4875,4.99274111,92.1884766,-4875.12012
57,48,-4445,57.9917374,92.3115768,-4445.12793
27,1029,-4947,27.41922,1031.18628,-4947.90771
-459,882,-5133,-458.583618,884.188477,-5133.90918
-460,723,-5081,-459.585052,725.188965,-5081.90967
27,1029,-4947,27.3681755,1033.26367,-4947.92969
-460,723,-5081,-459.657349,727.268066,-5081.93945
-620,300,-5073,-619.648438,304.271973,-5073.93604
27,1029,-4947,27.4571991,1034.34485,-4947.88916
-620,300,-5073,-619.533203,305.355743,-5073.88428
-361,213,-4910,-360.536774,218.348541,-4910.88623
27,1029,-4947,27.0624161,1039.18823,-4947.99805
-361,213,-4910,-360.955841,223.127975,-4910.99902
4,48,-4875,4.04335499,58.1579971,-4875.99902
89,523,-5752,89.3336868,525.134583,-5751.05762
-168,458,-5689,-167.676682,460.139587,-5688.05371
-284,937,-5396,-283.644226,939.150269,-5395.06543
-625,300,-5497,-624.546875,302.898254,-5496.10889
-555,689,-5435,-554.574219,691.919006,-5434.09521
-168,458,-5689,-167.558914,460.912201,-5688.10254
-460,723,-5081,-459.511536,726.46582,-5081.87256
-459,882,-5133,-458.511536,885.463257,-5133.87256
-652,796,-5216,-651.503723,799.475403,-5216.86816
-460,723,-5081,-459.685394,724.067993,-5081.94922
-652,796,-5216,-651.691345,797.063477,-5216.95117
-821,758,-5239,-820.691345,759.059021,-5239.95117
-620,300,-5073,-619.132019,301.598236,-5073.49658
-460,723,-5081,-459.126251,724.617065,-5081.48633
-559,673,-5223,-558.135132,674.615173,-5223.50195
-660,300,-5313,-659.015442,306.251007,-5313.1748
-620,300,-5073,-619.014465,306.24057,-5073.16943
-559,673,-5223,-558.015442,679.217468,-5223.1748
-555,689,-5435,-554.018311,694.532837,-5434.80957
-625,300,-5497,-624.019287,305.511505,-5496.80469
-660,300,-5313,-659.017395,305.500641,-5312.81445
-555,689,-5435,-554.000977,694.697632,-5435.04297
-660,300,-5313,-659.000977,305.684113,-5313.04297
-559,673,-5223,-558.000977,678.689941,-5223.04297
-284,937,-5396,-283.688354,939.95874,-5395.0498
-168,458,-5689,-167.697433,460.968628,-5688.04688
-555,689,-5435,-554.685425,691.961975,-5434.05078
-665,817,-5389,-664.854492,818.229919,-5388.01074
-484,914,-5374,-483.860596,915.225891,-5373.00977
-284,937,-5396,-283.860596,938.220947,-5395.00977
-665,817,-5389,-664.911743,821.877869,-5388.00391
-284,937,-5396,-283.912354,941.88269,-5395.00391
-555,689,-5435,-554.923523,693.889282,-5434.00293
-827,774,-5404,-827.042969,776.997681,-5403.00098
-665,817,-5389,-665.006836,819.996704,-5388.00049
-555,689,-5435,-555.042969,691.990479,-5434.00098
-810,36,-4381,-809.595703,44.5393295,-4381.91455
-1328,-281,-4553,-1327.58789,-272.435669,-4553.91113
-888,-281,-4353,-887.586914,-272.476532,-4353.91064
-224,-84,-4012,-224.81105,-79.9165955,-4012.58496
57,48,-4445,56.1989784,52.0728073,-4445.59863
-224,48,-4063,-224.803909,52.0892181,-4063.59473
-232,-281,-3983,-232.042267,-270.958435,-3983.99902
-224,-84,-4012,-224.042267,-73.9732971,-4012.99902
-492,-75,-4008,-492.042267,-64.984108,-4008.99902
-232,-281,-3983,-232.042267,-274.386749,-3983.99902
-492,-75,-4008,-492.042267,-68.409256,-4008.99902
-488,-281,-3983,-488.042267,-274.386749,-3983.99902
38,-281,-4278,37.2549362,-267.723969,-4278.66699
-224,-84,-4012,-224.735138,-70.8136978,-4012.67773
-232,-281,-3983,-232.749512,-267.787415,-3983.66187
38,-281,-4278,37.1868362,-278.086243,-4278.58203
57,48,-4445,56.1861382,50.89748,-4445.58105
-224,-84,-4012,-224.803925,-81.0774384,-4012.59448
-488,-281,-3983,-487.316162,-276.858765,-3983.72949
-810,36,-4381,-809.320312,40.1187248,-4381.7334
-888,-281,-4353,-887.32074,-276.880371,-4353.73389
-488,-281,-3983,-487.256042,-270.348419,-3983.66821
-492,-75,-4008,-491.249756,-64.3528442,-4008.66113
-810,36,-4381,-809.254944,46.7511406,-4381.66699
-492,-75,-4008,-491.288239,-70.9194717,-4008.70239
-493,48,-4064,-492.292999,52.0792274,-4064.70703
-810,36,-4381,-809.297791,40.0787773,-4381.71191
-224,-84,-4012,-223.956665,-81.7453232,-4012.99902
-224,48,-4063,-223.956665,50.2570839,-4063.99902
-493,48,-4064,-493.000977,50.24963,-4064.99976
-493,48,-4064,-493.042267,49.398407,-4064.99902
-492,-75,-4008,-492.042267,-73.6062393,-4008.99878
-224,-84,-4012,-224.042267,-82.6081772,-4012.99902
-3539,208,3175,-3539.99805,223.401901,3175.06128
-3443,-222,4125,-3443.99805,-206.608154,4125.06152
-3517,-222,3150,-3517.99805,-206.608154,3150.06055
-4118,224,2573,-4118.74219,234.033325,2573.66992
-3539,208,3175,-3539.73364,218.014771,3175.67944
-3517,-222,3150,-3517.7334,-211.998291,3150.67969
-6975,-130,-546,-6975.24316,-123.502022,-545.030029
-6232,-120,-367,-6232.23926,-113.513321,-366.029053
-6229,-281,-402,-6229.23438,-274.514771,-401.027863
-6232,-120,-367,-6232.41016,-114.292747,-366.088013
-5315,-48,51,-5315.41797,-42.2502937,51.9084587
-6229,-281,-402,-6229.41748,-275.280884,-401.091339
5057,-2,-621,5056.31982,4.29681778,-620.266968
5102,524,-439,5101.31201,530.331726,-438.274292
5829,-2,84,5828.32275,4.29807615,84.7357025
4594,466,-501,4593.91016,469.897888,-500.004059
5102,524,-439,5101.91016,527.887329,-438.004059
5057,-2,-621,5056.91113,1.89730942,-620.003967
4483,-2,-605,4483.04395,0.86859262,-604.000977
4594,466,-501,4594.04199,468.845947,-500.000885
5057,-2,-621,5057.04248,0.865855575,-620.000916
4580,34,-230,4580.96777,41.2019386,-230.250946
4594,466,-501,4594.96484,473.210968,-501.262665
4483,-2,-605,4483.96973,5.21831942,-605.243591
4583,476,-244,4583.91504,509.119934,-244.402802
4580,34,-230,4580.90771,66.9140854,-230.4189
4644,34,-84,4644.90625,66.8882828,-84.4222717
2298,-66,-2900,2298.42529,-62.2217598,-2900.90503
3261,467,-2592,3261.42407,470.735382,-2592.90552
1885,434,-3255,1885.42407,437.827026,-3255.90552
1885,434,-3255,1885.41309,437.704102,-3255.91064
1870,-96,-3082,1870.41309,-92.3135757,-3082.91064
2298,-66,-2900,2298.40332,-62.3211021,-2900.91504
3611,48,-1918,3611.70483,54.6615372,-1918.70935
4419,-2,-1060,4419.71533,4.77907515,-1060.69861
4433,359,-1101,4433.71191,365.795471,-1101.70215
5175,-2,-1092,5174.95605,23.3479214,-1092.99902
5168,429,-1116,5167.95605,454.244049,-1116.99902
4433,359,-1101,4432.95508,384.119415,-1101.9989
5175,-2,-1092,5174.95605,7.08929491,-1092.99902
4433,359,-1101,4432.95605,368.031067,-1101.99902
4419,-2,-1060,4418.95605,7.05964184,-1060.99902
5829,-2,84,5829.86572,73.6660004,83.4994812
5168,429,-1116,5168.86768,504.287933,-1116.49707
5175,-2,-1092,5175.87793,73.6280823,-1092.47852
-4555,-253,2127,-4554.11572,-251.193649,2126.5332
-4546,-253,2145,-4545.11572,-251.193649,2144.5332
-4523,-185,2123,-4522.11572,-183.193634,2122.5332
-4546,-253,2145,-4546.5791,-244.621506,2144.18481
-4529,-253,2133,-4529.58691,-244.621506,2132.19043
-4523,-185,2123,-4523.57324,-176.618286,2122.18066
-4538,-253,2116,-4537.44824,-250.515991,2116.83398
-4555,-253,2127,-4554.46484,-250.517197,2127.84473
-4523,-185,2123,-4522.46143,-182.513229,2123.84253
-3791,-267,1630,-3791.41211,-258.904114,1629.08887
-3773,-267,1622,-3773.41309,-258.906738,1621.08936
-3805,-201,1626,-3805.41211,-192.905258,1625.08887
-3773,-267,1622,-3773.90503,-266.011139,1622.42529
-3782,-267,1604,-3782.90527,-266.011139,1604.4248
-3805,-201,1626,-3805.90405,-200.009659,1626.42737
-3782,-267,1604,-3781.59644,-262.701874,1604.91492
-3800,-267,1612,-3799.58765,-262.699585,1612.91101
-3805,-201,1626,-3804.60254,-196.702377,1626.9176
-1120,-182,2910,-1119.75488,-177.592728,2909.03052
-1100,-182,2915,-1099.75488,-177.592728,2914.03052
-1123,-129,2899,-1122.77539,-124.589378,2898.02563
-1100,-182,2915,-1100.96948,-179.358521,2914.75488
-1095,-182,2896,-1095.96973,-179.358383,2895.75586
-1123,-129,2899,-1123.9696,-126.360268,2898.75537
-1095,-182,2896,-1095.26172,-173.990417,2896.96509
-1114,-182,2891,-1114.2688,-173.989105,2891.96313
-1123,-129,2899,-1123.26855,-120.98793,2899.96313
-1439,-139,2749,-1438.03003,-136.606888,2749.24316
-1444,-139,2769,-1443.03003,-136.60675,2769.24316
-1415,-89,2766,-1414.02917,-86.6070099,2766.23975
-1444,-139,2769,-1443.75879,-133.788651,2768.02954
-1425,-139,2774,-1424.75879,-133.788651,2773.02954
-1415,-89,2766,-1414.75879,-83.7901764,2765.02954
-1420,-139,2755,-1420.31946,-132.220291,2755.94751
-1439,-139,2749,-1439.31067,-132.218918,2749.95044
-1415,-89,2766,-1415.31641,-82.2228622,2766.94849
1836,8,2201,1835.36621,9.88218975,2201.77344
1820,8,2188,1819.35938,9.88258171,2188.76782
1809,52,2209,1808.36023,53.8824158,2209.76855
1820,8,2188,1820.78833,17.2878723,2188.61523
1808,8,2204,1808.79712,17.2878723,2204.60352
1809,52,2209,1809.78467,61.2907867,2209.61987
1823,8,2216,1822.24719,10.4325743,2215.3418
1836,8,2201,1835.24133,10.4325743,2200.34863
1809,52,2209,1808.23584,54.4301071,2208.35498
1329,-60,2529,1329.73364,-57.8257561,2529.67944
1315,-60,2544,1315.71533,-57.8266792,2544.69873
1345,-10,2532,1345.73438,-7.82658958,2532.67871
1315,-60,2544,1315.58728,-58.1774483,2543.19067
1331,-60,2556,1331.5863,-58.1771965,2555.18994
1345,-10,2532,1345.59766,-8.17758465,2531.19849
1331,-60,2556,1330.25586,-55.8520775,2555.33203
1345,-60,2541,1344.26477,-55.8500748,2540.32227
1345,-10,2532,1344.26477,-5.84659195,2531.32227
-504,-158,4131,-503.000885,-155.257523,4130.95801
-483,-89,3977,-482.000885,-86.2547073,3976.95801
-504,-158,3833,-503.000885,-155.257523,3832.95801
-254,-87,3977,-254.999069,-82.5399628,3976.95703
-233,-149,4131,-233.999069,-144.539062,4130.95703
-233,-149,3833,-233.999069,-144.539062,3832.95703
-3170,-222,3245,-3169.15479,-220.414322,3244.46558
-3050,-222,3437,-3049.16797,-220.418335,3436.44531
-3044,-119,3298,-3043.1604,-117.414696,3297.45703
-2958,-222,3308,-2958.29492,-215.432846,3308.95532
-3170,-222,3245,-3170.29224,-215.41069,3245.9563
-3044,-119,3298,-3044.29297,-112.424263,3298.95605
-2778,-222,3176,-2777.40869,-220.107468,3176.8064
-2958,-222,3308,-2957.41577,-220.116028,3308.81152
-2851,-93,3272,-2850.41895,-91.1051025,3272.81372
-2828,-222,3367,-2828.9646,-217.929581,3366.73633
-2778,-222,3176,-2778.97046,-217.933548,3175.75879
-2851,-93,3272,-2851.97046,-88.9301758,3271.75879
-2759,-222,3504,-2759.89917,-220.386703,3504.4375
-2828,-222,3367,-2828.89624,-220.383636,3367.44336
-2849,-113,3457,-2849.89917,-111.387154,3457.43726
-2916,-222,3489,-2915.90137,-218.188095,3488.00488
-2759,-222,3504,-2758.92358,-218.18515,3503.00293
-2849,-113,3457,-2848.91187,-109.18737,3456.00391
-2978,-54,3480,-2977.07007,-51.2775192,3479.63232
-3050,-222,3437,-3049.06836,-219.279846,3436.63672
-2984,-160,3556,-2983.07007,-157.278625,3555.63232
-3050,-222,3437,-3049.03418,-219.720505,3436.74097
-2988,-222,3674,-2987.03687,-219.715393,3673.7312
-2984,-160,3556,-2983.03687,-157.717285,3555.7312
-2988,-222,3674,-2988.93652,-220.724152,3673.64941
-2916,-222,3489,-2916.93457,-220.727356,3488.64429
-2984,-160,3556,-2984.93652,-158.726395,3555.64941
-2916,-222,3489,-2916.84521,-218.260834,3488.46558
-2978,-54,3480,-2978.84473,-50.2625389,3479.46484
-2984,-160,3556,-2984.84473,-156.261398,3555.46484
1170,-222,4371,1169.11365,-220.189194,4370.53711
1275,-222,4174,1274.11462,-220.188766,4173.53516
1154,-114,4238,1153.11365,-112.188896,4237.53711
1120,-222,4160,1120.9707,-214.527283,4159.75977
1170,-222,4371,1170.96973,-214.541382,4370.75586
1154,-114,4238,1154.9707,-106.538513,4237.75977
919,-222,4071,919.402588,-218.943481,4070.08472
1120,-222,4160,1120.38477,-218.949188,4159.07715
1013,-89,4074,1013.39551,-85.9443359,4073.08154
1106,-222,4020,1106.25452,-215.265945,4020.96704
919,-222,4071,919.257812,-215.253937,4071.96606
1013,-89,4074,1013.24609,-82.2543945,4074.96899
1189,-222,3894,1189.82959,-219.15361,3894.55835
1106,-222,4020,1106.83154,-219.150955,4020.55542
1193,-109,3994,1193.82959,-106.152939,3994.55835
1253,-222,4035,1252.08496,-219.289536,4035.40332
1189,-222,3894,1188.08875,-219.286835,3894.41162
1193,-109,3994,1192.08496,-106.285561,3994.40332
1276,-51,4092,1275.19849,-47.8187027,4091.4021
1275,-222,4174,1274.20789,-218.820419,4173.38965
1344,-170,4060,1343.21033,-166.824219,4059.38647
1275,-222,4174,1274.29785,-219.746597,4173.28809
1446,-222,4006,1445.29883,-219.740219,4005.28711
1344,-170,4060,1343.29016,-167.74408,4059.29565
1446,-222,4006,1446.15173,-220.624161,4006.98828
1253,-222,4035,1253.1521,-220.620453,4035.98828
1344,-170,4060,1344.13135,-168.62204,4060.99121
1253,-222,4035,1252.8833,-220.497925,4035.99316
1276,-51,4092,1275.89197,-49.5016441,4092.99414
1344,-170,4060,1343.89197,-168.502319,4060.99414
-508,-60,3803,-507.03595,-59.2977638,3802.73438
-483,-89,3977,-482.03595,-88.3005066,3976.73438
-444,-35,3977,-443.03595,-34.3013,3976.73438
-508,-60,3803,-507.027863,-58.7958984,3802.76562
-444,-35,3977,-443.027863,-33.7916336,3976.76562
-461,6,3753,-460.025177,7.20487976,3752.7771
-483,-89,3977,-482.011841,-88.169014,3977.15332
-454,-11,4159,-453.011902,-10.1695585,4159.15381
-444,-35,3977,-443.011902,-34.1681938,3977.15381
-292,-3,4159,-292.986694,-1.0565604,4159.16211
-254,-87,3977,-254.987091,-85.0580978,3977.16016
-301,-29,3977,-301.986725,-27.0581112,3977.16211
-254,-87,3977,-254.953278,-85.2575836,3976.69824
-229,-57,3803,-229.953308,-55.2569809,3802.69824
-286,15,3759,-286.953491,16.7414494,3758.69873
-254,-87,3977,-254.976685,-86.3824692,3976.7854
-286,15,3759,-286.974884,15.6162424,3758.77734
-301,-29,3977,-301.972565,-28.3807907,3976.76758
-292,-222,3847,-291.000885,-219.541336,3846.95801
-259,-140,4131,-258.000885,-137.539047,4130.95801
-259,-140,3833,-258.000885,-137.539047,3832.95801
-477,-148,3833,-477.999054,-145.266327,3832.95654
-477,-148,4131,-477.999054,-145.266327,4130.95654
-443,-222,3847,-443.999054,-219.268524,3846.95654
-255,-66,3803,-254.000916,-46.4792595,3803.04272
-259,-140,3833,-258.000916,-120.465965,3833.04272
-265,-98,3977,-264.000946,-78.4382629,3977.04346
-477,-148,3833,-477.998932,-132.172012,3833.04468
-482,-70,3803,-482.998932,-54.1484222,3803.04492
-471,-98,3977,-471.997925,-82.187973,3977.06348
-265,-98,3977,-264.000916,-71.5211945,3976.95728
-259,-140,4131,-258.000885,-113.44902,4130.95801
-255,-66,4151,-254.000885,-39.47089,4150.95801
-292,-222,4131,-291.000885,-219.541336,4130.95801
-259,-140,4131,-258.000885,-137.539047,4130.95801
-292,-222,3847,-291.000885,-219.541336,3846.95801
-443,-222,3847,-443.999054,-219.268524,3846.95654
-477,-148,4131,-477.999054,-145.266327,4130.95654
-443,-222,4131,-443.999054,-219.268524,4130.95654
-471,-98,3977,-471.998993,-82.8991241,3976.95532
-482,-70,4151,-482.998047,-54.8809853,4150.93799
-477,-148,4131,-477.998016,-132.898819,4130.9375
-298,-222,5251,-298.486603,-221.178284,5251.87354
-428,-222,5181,-428.486603,-221.175949,5181.87354
-386,-158,5262,-386.462158,-157.175171,5262.88672
-438,-222,5284,-438.223297,-212.840485,5283.02539
-298,-222,5251,-298.251251,-212.827148,5250.03223
-386,-158,5262,-386.231384,-148.839096,5261.02734
-497,-222,5418,-497.91803,-217.704529,5417.60352
-438,-222,5284,-438.915009,-217.708817,5283.59668
-501,-141,5354,-501.914978,-136.708511,5353.59668
-483,-116,5180,-483.624542,-114.384621,5180.78076
-428,-222,5181,-428.637878,-220.38179,5181.77002
-505,-185,5135,-505.645508,-183.38353,5135.76367
-428,-222,5181,-428.71344,-220.936279,5181.70068
-541,-222,5067,-541.716248,-220.935333,5067.69775
-505,-185,5135,-505.711975,-183.935272,5135.70215
-541,-222,5067,-540.013428,-219.798309,5066.83691
-521,-222,5195,-520.011536,-219.800476,5194.84863
-505,-185,5135,-504.011841,-182.798553,5134.84668
-521,-222,5195,-520.000977,-218.620178,5195.04395
-483,-116,5180,-482.000885,-112.625206,5180.04199
-505,-185,5135,-504.000885,-181.62384,5135.04199
-2394,-222,4460,-2393.00098,-217.686691,4460.0415
-2356,-116,4445,-2355.00195,-111.691765,4445.06104
-2378,-185,4400,-2377.00098,-180.690033,4400.04346
-2414,-222,4332,-2413.01172,-219.860535,4331.84766
-2394,-222,4460,-2393.01172,-219.862717,4459.84766
-2378,-185,4400,-2377.01343,-182.861023,4399.83691
-2301,-222,4446,-2301.71533,-220.684219,4446.69873
-2414,-222,4332,-2414.7168,-220.6828,4332.69727
-2378,-185,4400,-2378.71582,-183.683212,4400.69824
-2356,-116,4445,-2356.63379,-113.658104,4445.77344
-2301,-222,4446,-2301.62891,-219.653656,4446.77734
-2378,-185,4400,-2378.61353,-182.655396,4400.78955
-2394,-222,4460,-2393.59668,-219.36113,4460.91504
-2488,-222,4503,-2487.5957,-219.363953,4503.91455
-2421,-154,4500,-2420.59668,-151.363922,4500.91504
-2488,-222,4503,-2487.44824,-220.94722,4502.16602
-2405,-222,4558,-2404.47266,-220.94722,4557.15039
-2421,-154,4500,-2420.46484,-152.948807,4499.15527
-2405,-222,4558,-2404.04077,-220.751938,4557.71777
-2370,-222,4683,-2369.04077,-220.756042,4682.71777
-2360,-141,4604,-2359.03516,-139.753799,4603.7373
-2370,-222,4683,-2370.91479,-217.04454,4682.59619
-2311,-222,4549,-2311.91797,-217.044083,4548.60352
-2360,-141,4604,-2360.91772,-136.046097,4603.60303
-2311,-222,4549,-2311.25488,-214.205093,4548.0332
-2171,-222,4516,-2171.24365,-214.194489,4515.03027
-2259,-158,4526,-2259.22363,-150.194931,4525.02539
-2171,-222,4516,-2171.48047,-220.330551,4516.87695
-2301,-222,4446,-2301.48047,-220.330154,4446.87695
-2259,-158,4526,-2259.49536,-156.332504,4526.86865
-2394,-222,4460,-2393.30225,-217.495682,4460.71631
-2421,-154,4500,-2420.30273,-149.49942,4500.7168
-2356,-116,4445,-2355.30078,-111.496391,4445.71484
-1399,-222,3278,-1398.00488,-219.730988,3278.09839
-1342,-75,3255,-1341.00574,-72.7347794,3255.10669
-1374,-179,3187,-1373.00488,-176.730728,3187.09863
-1428,-214,3085,-1427.02136,-212.684921,3084.79443
-1399,-222,3278,-1398.01831,-220.685028,3277.80957
-1374,-179,3187,-1373.01746,-177.684494,3186.81421
-1260,-222,3257,-1260.74316,-221.228134,3257.66895
-1428,-214,3085,-1428.73413,-213.232544,3085.67896
-1374,-179,3187,-1374.74316,-178.229538,3187.66895
-1342,-75,3255,-1342.61328,-73.0537872,3255.78955
-1260,-222,3257,-1260.61829,-220.054459,3257.78589
-1374,-179,3187,-1374.61328,-177.053726,3187.78979
-1399,-222,3278,-1398.44202,-217.305023,3278.82983
-1513,-222,3356,-1512.44788,-217.300598,3356.83374
-1440,-133,3337,-1439.44531,-128.306305,3337.83203
-1513,-222,3356,-1512.42578,-219.836853,3355.1814
-1414,-222,3425,-1413.42676,-219.835495,3424.18066
-1440,-133,3337,-1439.4292,-130.837311,3336.17896
-1414,-222,3425,-1413.03491,-218.4431,3424.73828
-1363,-222,3616,-1362.03674,-218.4431,3615.73145
-1347,-113,3494,-1346.03516,-109.441635,3493.7373
-1363,-222,3616,-1363.8717,-218.706696,3615.51001
-1234,-222,3390,-1234.86804,-218.699707,3389.50366
-1347,-113,3494,-1347.86768,-109.704193,3493.50293
-1234,-222,3390,-1234.15723,-209.885559,3389.01245
-1064,-222,3364,-1064.15723,-209.902725,3363.01245
-1196,-139,3377,-1196.15234,-126.891304,3376.01172
-1064,-222,3364,-1064.47986,-221.214401,3364.8772
-1260,-222,3257,-1260.48047,-221.217682,3257.87695
-1196,-139,3377,-1196.49536,-138.216827,3377.86865
105,-222,3556,105.788292,-219.045197,3555.38477
222,-222,3708,222.789948,-219.033478,3707.38696
201,-161,3649,201.787155,-158.036362,3648.3833
222,-222,3708,222.995026,-219.970871,3708.09961
208,-222,3856,208.995972,-219.967896,3856.0896
261,-137,3753,261.994904,-134.969604,3753.10059
208,-222,3856,207.485397,-220.078705,3855.14258
323,-222,3788,322.484985,-220.077042,3787.14282
261,-137,3753,260.48175,-135.075531,3752.14478
323,-222,3788,322.853821,-219.800995,3787.01074
408,-159,3755,407.875275,-156.804108,3754.00781
359,-73,3731,358.860596,-70.8091431,3730.00977
323,-222,3788,323.235596,-221.395355,3787.02832
517,-222,3838,517.239258,-221.390427,3837.02905
408,-159,3755,408.22757,-158.395844,3754.02637
517,-222,3838,516.184753,-220.216461,3838.5791
392,-222,3668,391.187561,-220.220428,3668.58301
408,-159,3755,407.185455,-157.218964,3755.58008
392,-222,3668,391.102936,-218.590332,3668.44189
359,-73,3731,358.102234,-69.5976715,3731.44043
408,-159,3755,407.102478,-155.595901,3755.44092
392,-222,3668,391.015076,-218.639709,3667.82715
389,-179,3582,388.013,-175.640213,3581.83936
337,-73,3624,336.013977,-69.6358032,3623.8335
473,-222,3519,473.349579,-221.099976,3519.93677
297,-222,3589,297.360474,-221.098618,3589.93262
389,-179,3582,389.355286,-178.099258,3582.93457
297,-222,3589,297.200745,-218.624146,3589.97949
337,-73,3624,337.195404,-69.6284637,3624.98071
389,-179,3582,389.209503,-175.629227,3582.97778
222,-222,3708,222.8806,-213.736404,3707.52637
261,-137,3753,261.880707,-128.743607,3752.52637
201,-161,3649,201.880722,-152.73967,3648.52637
359,-73,3731,359.034821,-71.1067734,3730.00073
261,-137,3753,261.042145,-135.106842,3752.00098
323,-222,3788,323.035919,-220.108276,3787.00073
392,-222,3668,391.019073,-219.454788,3668.19434
337,-73,3624,336.017975,-70.4603882,3624.18872
359,-73,3731,358.02005,-70.4611282,3731.19922
247,-73,3652,247.987885,-55.907383,3651.84497
261,-137,3753,261.987244,-119.907524,3752.84082
263,-73,3748,263.986969,-55.92836,3747.83911
261,-137,3753,260.808258,-119.342247,3752.01855
359,-73,3731,358.807678,-55.3339272,3730.0188
263,-73,3748,262.803345,-55.3373528,3747.01953
247,-73,3652,247.907898,-69.7950974,3651.58105
201,-161,3649,201.907959,-157.792419,3648.58105
261,-137,3753,261.902893,-133.792572,3752.57031
297,-222,3589,297.398621,-216.946365,3589.91699
201,-161,3649,201.411926,-155.95192,3649.91113
247,-73,3652,247.410919,-67.9556274,3652.91162
297,-222,3589,297.279022,-219.39238,3589.96021
247,-73,3652,247.279068,-70.3939896,3652.96021
337,-73,3624,337.282959,-70.3948288,3624.95898
-2814,-88,-3252,-2813.42871,-86.8804779,-3251.17944
-2737,24,-3180,-2736.43164,25.1153774,-3179.17725
-2653,-89,-3371,-2652.42578,-87.8808136,-3370.1814
-2480,36,-3270,-2480.15234,38.076416,-3269.01172
-2454,-90,-3344,-2454.14526,-87.9218445,-3343.01074
-2653,-89,-3371,-2653.14453,-86.9219894,-3370.01074
-2454,-90,-3344,-2454.70825,-88.3371735,-3343.29419
-2480,36,-3270,-2480.70312,37.6645813,-3269.28906
-2285,-90,-3176,-2285.71191,-88.3463974,-3175.29785
-2304,19,-2960,-2304.9707,20.2145786,-2959.75977
-2225,-91,-2940,-2225.96973,-89.7854156,-2939.75586
-2285,-90,-3176,-2285.97046,-88.7798538,-3175.75879
-2225,-91,-2940,-2225.93604,-89.2968597,-2940.35156
-2304,19,-2960,-2304.93164,20.7031879,-2960.36328
-2305,-90,-2741,-2305.93652,-88.2942581,-2741.35059
-2504,19,-2734,-2504.47949,20.6831951,-2734.87744
-2485,-90,-2646,-2485.4668,-88.3165665,-2646.88428
-2305,-90,-2741,-2305.4668,-88.3165665,-2741.88428
-2485,-90,-2646,-2484.854,-88.1525497,-2646.98926
-2504,19,-2734,-2503.84741,20.8475761,-2734.98828
-2670,-89,-2676,-2669.84741,-87.1533356,-2676.98828
-2753,37,-2880,-2752.24731,38.5273056,-2880.6582
-2810,-88,-2837,-2809.2478,-86.4735641,-2837.65894
-2670,-89,-2676,-2669.2478,-87.4735336,-2676.65894
-2810,-88,-2837,-2809.04102,-85.976944,-2837.28345
-2753,37,-2880,-2752.04492,39.0169182,-2880.29565
-2875,-88,-3055,-2874.04468,-85.9828949,-3055.29492
-2737,24,-3180,-2736.04858,24.4673309,-3179.69214
-2814,-88,-3252,-2813.05176,-87.533783,-3251.68262
-2875,-88,-3055,-2874.04858,-87.5352936,-3054.69214
3835,379,1458,3835.91772,383.943878,1458.39722
3840,474,1525,3840.9209,478.951355,1525.38965
3913,485,1357,3913.92065,489.94812,1357.39001
3835,379,1458,3835.92065,380.931,1458.39026
3913,485,1357,3913.92041,486.929596,1357.39062
3858,379,1403,3858.91748,380.932648,1403.39746
3863,279,1307,3863.92065,282.953461,1307.39026
3828,279,1390,3828.91772,282.948761,1390.39697
3858,379,1403,3858.91382,382.953552,1403.40601
3863,279,1307,3863.9248,280.820068,1307.38025
3858,379,1403,3858.91772,380.815399,1403.39709
3913,485,1357,3913.9209,486.807709,1357.38965
3805,279,1446,3805.92554,282.117096,1446.37854
3773,279,1525,3773.92725,282.119507,1525.37402
3840,474,1525,3840.92603,477.116272,1525.37744
3805,279,1446,3805.91772,282.00946,1446.39697
3840,474,1525,3840.91382,477.003998,1525.40601
3835,379,1458,3835.91772,382.006012,1458.39685
4081,279,1217,4081.35938,280.898834,1217.93311
3863,279,1307,3863.35938,280.890747,1307.93311
3913,485,1357,3913.3623,486.89032,1357.93201
4081,279,1217,4081.36792,281.910248,1217.92981
3913,485,1357,3913.3623,487.900116,1357.93201
4081,463,1280,4081.36719,465.907074,1280.93005
4298,279,1307,4297.62109,282.125977,1307.92542
4081,279,1217,4080.60938,282.131256,1217.92053
4081,463,1280,4080.60278,466.126038,1280.91772
4298,279,1307,4297.60938,281.329193,1307.92053
4081,463,1280,4080.62598,465.325623,1280.92737
4257,449,1348,4256.62598,451.321564,1348.92737
4389,279,1525,4388.07422,281.260651,1525.37793
4298,279,1307,4297.07227,281.248474,1307.37305
4257,449,1348,4256.07422,451.250183,1348.37793
4389,279,1525,4388.06836,282.737183,1525.36328
4257,449,1348,4256.07227,452.747925,1348.37305
4326,460,1525,4325.07031,463.73642,1525.36816
4298,279,1743,4297.07031,282.273804,1742.63171
4389,279,1525,4388.06836,282.276978,1524.63672
4326,460,1525,4325.06836,463.273773,1524.63672
4298,279,1743,4297.06836,280.933319,1742.63672
4326,460,1525,4325.07031,461.926483,1524.63171
4254,461,1698,4253.07422,462.936829,1697.62195
4081,279,1833,4080.60938,282.128998,1832.07947
4298,279,1743,4297.59424,282.140961,1742.08606
4254,461,1698,4253.5957,464.142395,1697.08545
4081,279,1833,4080.5957,282.871246,1832.08545
4254,461,1698,4253.5957,464.875488,1697.08545
4081,458,1771,4080.604,461.87149,1770.08179
3863,279,1743,3863.37769,283.906464,1742.0741
4081,279,1833,4081.36768,283.917267,1832.07007
4081,458,1771,4081.37305,462.917725,1770.07227
3863,279,1743,3863.36328,282.358765,1742.06836
4081,458,1771,4081.37695,461.345093,1770.07385
3904,446,1702,3904.36816,449.354248,1701.07031
3773,279,1525,3773.92578,280.791107,1524.62195
3863,279,1743,3863.92554,280.787109,1742.62146
3904,446,1702,3904.92554,447.787201,1701.62146
3773,279,1525,3773.92749,282.055969,1524.62622
3904,446,1702,3904.92041,449.058533,1701.60938
3840,474,1525,3840.91772,477.064148,1524.60278
1760,328,-490,1759.00098,332.628845,-490.042267
1832,68,-490,1831.00098,72.629921,-490.042267
1832,68,-580,1831.00098,72.629921,-580.042969
1760,328,-490,1759.00098,332.628845,-490.042267
1832,68,-580,1831.00098,72.629921,-580.042969
1760,328,-580,1759.00098,332.628845,-580.042969
1760,328,-220,1759.00098,332.628845,-220.042267
1832,68,-220,1831.00098,72.629921,-220.042267
1832,68,-310,1831.00098,72.629921,-310.042267
1760,328,-220,1759.00098,332.628845,-220.042267
1832,68,-310,1831.00098,72.629921,-310.042267
1760,328,-310,1759.00098,332.628845,-310.042267
1637,328,-718,1636.95593,333.323547,-717.000977
1637,68,-788,1636.95593,73.3399429,-787.000977
1600,68,-788,1599.95593,73.3399429,-787.000977
1637,328,-718,1636.95593,333.323547,-717.000977
1600,68,-788,1599.95593,73.3399429,-787.000977
1600,328,-718,1599.95593,333.323547,-717.000977
1600,328,-82,1599.95691,331.340851,-82.9990692
1600,68,-12,1599.95703,71.3572922,-12.9990759
1637,68,-12,1636.95703,71.3572922,-12.9990759
1600,328,-82,1599.95691,331.340851,-82.9990692
1637,68,-12,1636.95703,71.3572922,-12.9990759
1637,328,-82,1636.95691,331.340851,-82.9990692
