-431,436,-1325,-431.861603,440.489349,-1325.50757
-633,400,-967,-633.86377,404.500244,-967.503845
-590,231,-961,-590.863892,235.508835,-961.503662
-590,231,-961,-590.322266,237.41748,-961.946533
-633,400,-967,-633.322388,406.408539,-967.946594
-853,400,-894,-853.313477,406.397736,-894.949585
2473,161,2049,2472.46143,168.29068,2048.15747
2692,325,1888,2691.46387,332.31015,1887.15588
2382,297,2088,2381.46387,304.28653,2087.15601
2034,624,2106,2033.67883,627.699524,2105.05298
2165,258,2183,2164.65942,261.691254,2182.05981
2269,291,2136,2268.65942,294.687408,2135.05981
2515,601,1958,2514.68481,603.835693,1957.05103
2034,624,2106,2033.67603,626.84198,2105.05396
2269,291,2136,2268.68481,293.855713,2135.05103
2515,601,1958,2514.62109,604.462463,1957.07458
2269,291,2136,2268.62622,294.444855,2135.07251
2382,297,2088,2381.60986,300.445496,2087.07935
2034,624,2106,2033.3197,633.88446,2106.73291
2167,616,2228,2166.32104,625.868042,2228.73413
2165,258,2183,2164.32056,267.904602,2183.73364
2692,325,1888,2691.46094,329.588409,1887.15784
2515,601,1958,2514.46387,605.613647,1957.15588
2382,297,2088,2381.46094,301.586365,2087.15796
1912,273,1745,1911.23547,275.441711,1745.64453
1820,646,1872,1819.24719,648.438232,1872.6582
2034,624,2106,2033.23547,626.426331,2106.64453
1632,646,1658,1631.2478,648.27179,1658.65894
1820,646,1872,1819.24805,648.259888,1872.65918
1912,273,1745,1911.24719,275.270508,1745.6582
2554,304,1705,2554.04102,314.849609,1705.99915
2428,426,1722,2428.04321,436.848938,1722.99902
2707,499,1719,2707.04395,509.859802,1719.99902
-1087,0,-132,-1087.99121,8.72739315,-132.132233
-1138,620,-154,-1138.99109,628.626221,-154.132462
-1121,-40,137,-1121.99109,-31.2699699,136.867096
-1138,620,-154,-1138.99219,629.522156,-154.124695
-1155,-40,407,-1155.99316,-30.5229874,406.883301
-1121,-40,137,-1121.99109,-30.4850235,136.867096
-1087,0,-132,-1087.94604,14.1113701,-132.32399
-945,38,-551,-945.948914,52.2060356,-551.315369
-981,432,-530,-981.948914,446.215302,-530.315369
-1087,0,-132,-1087.94202,11.7421074,-132.335327
-981,432,-530,-981.940125,443.62619,-530.340698
-1138,620,-154,-1138.93616,631.665649,-154.35144
-853,38,-894,-853.964539,47.9114037,-894.26355
-981,432,-530,-981.964844,441.89035,-530.262817
-945,38,-551,-945.969482,47.9590797,-551.245056
2037,-40,1126,2036.23572,-34.2644882,1125.35522
1995,254,1134,1994.23547,259.776123,1133.35547
1624,254,1563,1623.24146,259.74353,1562.34839
1525,-40,1048,1524.8678,-27.1633205,1048.99121
1560,254,1080,1559.87537,266.796173,1080.99219
1995,254,1134,1994.8833,266.827057,1134.99316
1525,-40,1048,1524.84668,-11.9403296,1048.98816
1995,254,1134,1994.84668,282.002747,1134.98816
2037,-40,1126,2036.84668,-11.9138327,1126.98816
2273,-40,1310,2273.86401,-31.0248375,1309.49658
2554,304,1705,2554.85547,312.985077,1704.48218
2310,250,1304,2310.84961,258.990295,1303.47266
1631,0,-280,1630.29211,25.3844604,-280.706238
1668,254,-334,1667.29797,279.437134,-334.712097
1247,254,93,1246.29199,279.574036,92.2938004
715,-40,1038,715.991089,-23.5954723,1038.13269
746,254,1004,746.991211,270.375824,1004.13226
801,254,568,801.991211,270.432251,568.132263
715,-40,1038,715.988342,-28.2600594,1038.15222
801,254,568,801.988159,265.667542,568.153076
792,-40,527,792.988159,-28.2564678,527.153137
2550,-40,745,2550.42407,-21.2030849,744.094421
2587,253,750,2587.42432,271.909271,749.094543
2098,279,514,2098.42505,297.756836,513.094849
792,-40,527,791.675842,-28.2713032,527.945984
801,254,568,800.676697,265.706512,568.946289
1070,254,660,1069.67615,265.748322,660.946106
792,-40,527,791.621216,-18.5412769,527.925476
1070,254,660,1069.62195,275.404724,660.925781
1066,-40,640,1065.62183,-18.531744,640.92572
1070,254,660,1069.07874,355.116272,660.388855
1171,-40,884,1170.07874,61.540493,884.388916
1066,-40,640,1065.07874,61.3879585,640.388855
2587,253,750,2587.90527,265.373016,750.424805
2550,-40,745,2550.89062,-27.6177673,745.45459
2273,-40,1310,2273.90112,-27.6421757,1310.43311
2587,253,750,2587.88452,259.349792,750.46637
2273,-40,1310,2273.88354,-33.6111412,1310.46826
2310,250,1304,2310.88745,256.352509,1304.46045
2244,282,-51,2244.12549,296.06604,-51.9920921
2022,282,-79,2022.125,296.070892,-79.9921417
2014,41,-57,2014.125,55.0721054,-57.9921265
2244,282,-51,2244.125,289.476593,-51.9921341
2014,41,-57,2014.125,48.4668312,-57.9921379
2263,41,-27,2263.125,48.4795074,-27.9921551
2403,282,-259,2402.19971,289.113068,-259.599518
2244,282,-51,2243.19971,289.082092,-51.599556
2263,41,-27,2262.2063,48.0914421,-27.6082153
2403,282,-259,2402.14771,396.25528,-259.523041
2263,41,-27,2262.14551,154.658386,-27.5194073
2405,41,-257,2404.14697,155.118256,-257.52179
2014,41,-57,2014.58105,49.7369843,-57.8137779
2022,282,-79,2022.58789,290.766449,-79.8088531
1668,254,-334,1668.58301,262.819855,-334.812378
2014,41,-57,2014.51221,45.0358467,-57.85886
1668,254,-334,1668.51843,258.050903,-334.855103
1631,0,-280,1631.51758,4.05374527,-280.855499
2098,279,514,2098.9646,300.314209,514.26355
2174,220,219,2174.96167,241.359329,219.273544
2163,20,211,2163.96558,41.3731346,211.25975
2098,279,514,2098.95093,288.33252,514.309265
2163,20,211,2163.94897,29.375103,211.31485
2070,0,496,2070.95093,9.36504745,496.30899
2174,220,219,2174.33789,263.239166,219.941147
2355,222,156,2355.33521,265.331787,156.942123
2351,31,153,2351.33789,74.4415512,153.941162
2174,220,219,2174.30273,239.515381,219.953049
2351,31,153,2351.28418,50.5217094,153.958771
2163,20,211,2163.30347,39.4990768,211.952835
2355,222,156,2355.82178,271.319611,156.569672
2489,41,-49,2489.82422,90.2236176,-48.4337311
2351,31,153,2351.82642,80.408287,153.562988
1418,114,3975,1417.00195,117.042213,3975.06152
1422,80,3876,1421.00293,83.0451736,3876.07617
1407,112,3819,1406.00195,115.047279,3819.06152
1235,80,3582,1234.70605,80.5690231,3581.04419
1381,112,3511,1380.73718,112.569496,3510.03516
1332,121,3516,1331.71582,121.569305,3515.04126
-409,193,-707,-409.201721,199.299469,-707.979431
-396,342,-729,-396.200531,348.292511,-729.979675
-406,342,-727,-406.200562,348.291565,-727.979675
-409,193,-707,-408.437042,197.33754,-707.826477
-406,342,-727,-405.437042,346.332733,-727.826477
-428,193,-720,-427.437042,197.33905,-720.826477
-428,193,-720,-427.047302,200.8069,-720.303894
-406,342,-727,-405.047455,349.799957,-727.304382
-409,342,-736,-408.047363,349.800537,-736.304077
-410,140,-692,-409.437042,142.759735,-692.826477
-409,193,-707,-408.437317,195.7621,-707.82666
-428,193,-720,-427.437134,195.761841,-720.826538
-410,140,-692,-409.47348,143.784485,-692.850159
-428,193,-720,-427.473267,196.78537,-720.849976
-448,140,-716,-447.473389,143.786392,-716.850098
-407,97,-686,-406.473297,105.408768,-686.850037
-410,140,-692,-409.474274,148.413895,-692.850647
-448,140,-716,-447.473297,148.405182,-716.850037
-407,97,-686,-406.437408,110.820145,-686.826721
-448,140,-716,-447.438202,153.806137,-716.827271
-453,97,-717,-452.440033,110.810791,-717.828491
-448,140,-716,-447.525635,148.13591,-715.11969
-428,193,-720,-427.504486,201.137177,-719.131409
-410,193,-730,-409.526062,201.137177,-729.119446
-448,140,-716,-447.48999,145.316406,-715.139832
-410,193,-730,-409.494415,198.317337,-729.137268
-412,140,-737,-411.48999,145.316406,-736.139832
-453,97,-717,-452.504486,115.220612,-716.131409
-448,140,-716,-447.499481,158.221634,-715.134277
-412,140,-737,-411.48938,158.216187,-736.140198
-453,97,-717,-452.5047,115.802803,-716.131287
-412,140,-737,-411.504913,158.790939,-736.131165
-409,97,-742,-408.5047,115.800049,-741.131287
-409,97,-742,-409.998993,115.098694,-741.955139
-412,140,-737,-412.998993,158.101059,-736.955139
-410,140,-692,-410.998962,158.104736,-691.955078
-409,97,-742,-409.998993,115.474976,-741.955139
-410,140,-692,-410.998993,158.473663,-691.955139
-407,97,-686,-407.998993,115.473091,-685.955139
-393,27,-744,-393.999054,30.8325748,-743.956543
-409,97,-742,-409.999054,100.83139,-741.956543
-407,97,-686,-407.999054,100.832214,-685.956543
-393,27,-744,-393.999023,30.3125019,-743.955872
-407,97,-686,-407.999054,100.305473,-685.956543
-392,27,-709,-392.999115,30.3113823,-708.957947
283,110,-960,282.527649,123.646606,-959.118591
286,140,-955,285.536774,153.650543,-954.11377
326,140,-934,325.536774,153.652359,-933.11377
283,110,-960,282.525726,124.5979,-959.119629
326,140,-934,325.526306,154.602875,-933.119324
332,110,-934,331.536774,124.600517,-933.11377
286,140,-955,285.525726,149.593063,-954.119629
293,177,-945,292.518646,186.596176,-944.123474
313,177,-934,312.518768,186.596588,-933.123413
286,140,-955,285.526855,144.532883,-954.119019
313,177,-934,312.536774,181.527969,-933.11377
326,140,-934,325.525726,144.530991,-933.119629
293,177,-945,292.557922,206.559723,-944.103027
296,290,-939,295.557922,319.595734,-938.103027
306,290,-934,305.558929,319.592285,-933.102539
293,177,-945,292.518646,208.067276,-944.123474
306,290,-934,305.525726,321.037231,-933.119629
313,177,-934,312.518768,208.065231,-933.123413
283,110,-909,283.999115,116.456871,-909.041992
286,140,-914,286.999115,146.460556,-914.041992
286,140,-955,286.999115,146.460556,-955.041992
283,110,-909,283.999115,116.456871,-909.041992
286,140,-955,286.999115,146.460556,-955.041992
283,110,-960,283.999115,116.456871,-960.041992
286,140,-914,286.999115,145.236908,-914.041992
293,177,-924,293.999115,182.237747,-924.041992
293,177,-945,293.999115,182.237747,-945.041992
286,140,-914,286.999115,145.236908,-914.041992
293,177,-945,293.999115,182.237747,-945.041992
286,140,-955,286.999115,145.236908,-955.041992
293,177,-924,293.999115,221.89093,-924.041992
296,290,-930,296.999115,334.839203,-930.041992
296,290,-939,296.999115,334.839203,-939.041992
293,177,-924,293.999115,221.89093,-924.041992
296,290,-939,296.999115,334.839203,-939.041992
293,177,-945,293.999115,221.89093,-945.041992
332,110,-934,331.557922,125.454201,-934.896973
326,140,-934,325.557922,155.456024,-934.896973
286,140,-914,285.560669,155.462875,-914.898315
332,110,-934,331.536774,121.980789,-934.88623
286,140,-914,285.537109,151.974518,-914.886414
283,110,-909,282.536774,121.977219,-909.88623
326,140,-934,325.558685,143.165894,-934.897339
313,177,-934,312.557922,180.166733,-934.896973
293,177,-924,292.557922,180.166733,-924.896973
326,140,-934,325.558685,143.165894,-934.897339
293,177,-924,292.557922,180.166733,-924.896973
286,140,-914,285.559937,143.165512,-914.897949
313,177,-934,312.623444,206.182037,-934.926392
306,290,-934,305.623444,319.128204,-934.926392
296,290,-930,295.623444,319.128204,-930.926392
313,177,-934,312.557922,195.819061,-934.896973
296,290,-930,295.557922,308.861908,-930.896973
293,177,-924,292.558807,195.827637,-924.8974
-901,154,228,-900.695374,159.372269,228.952469
-863,-40,161,-862.695618,-34.6218224,161.952545
-934,-40,184,-933.695312,-34.6193504,184.952438
-901,154,228,-900.763855,156.966461,228.97171
-862,154,218,-861.763672,156.965912,218.971664
-863,-40,161,-862.763672,-37.0333443,161.971664
-921,154,263,-920.133362,157.184845,263.498901
-878,310,273,-877.13031,313.191742,273.4935
-901,154,228,-900.13324,157.181808,228.498627
-878,310,273,-877.480591,312.122406,273.854523
-810,310,231,-809.480469,312.125397,231.854446
-901,154,228,-900.480469,156.130493,228.854416
-810,310,231,-809.764038,317.650299,231.971756
-862,154,218,-861.763672,161.660065,218.971664
-901,154,228,-900.763672,161.658554,228.971664
-878,310,273,-877.480591,314.373688,273.854523
-803,400,261,-802.480591,404.371338,261.854523
-810,310,231,-809.480469,314.372681,231.854446
-872,-40,383,-871.509766,-37.0569954,382.128418
-904,154,299,-903.509766,156.937729,298.128418
-953,-40,337,-952.509766,-37.0604439,336.128418
-872,-40,383,-871.343811,-36.3278809,382.245422
-873,154,326,-872.34375,157.660751,325.245483
-904,154,299,-903.343872,157.661041,298.245361
-873,154,326,-872.337952,157.646332,325.250549
-847,310,314,-846.337891,313.649719,313.25061
-904,154,299,-903.338196,157.649292,298.250336
-847,310,314,-846.206299,315.08783,313.391693
-878,310,273,-877.210144,315.092133,272.386719
-904,154,299,-903.210144,159.102524,298.386719
-878,310,273,-877.098267,314.318665,272.567719
-921,154,263,-920.099121,158.328217,262.565948
-904,154,299,-903.097168,158.325958,298.570007
-847,310,314,-846.078796,311.11142,313.610931
-775,417,297,-774.08252,418.114227,296.602234
-803,400,261,-802.078674,401.11322,260.611237
-847,310,314,-846.206421,311.629669,313.391541
-803,400,261,-802.206299,401.630798,260.391693
-878,310,273,-877.206299,311.631104,272.391693
-716,-40,283,-716.675842,-37.8169785,282.26297
-834,154,316,-834.676086,156.177216,315.263184
-801,-40,360,-801.668091,-37.8204613,359.25592
-716,-40,283,-716.685547,-36.9164963,282.271973
-779,154,264,-779.686157,157.088501,263.272552
-834,154,316,-834.685669,157.088074,315.272095
-834,154,316,-834.300354,157.683334,315.046173
-872,-40,383,-872.300903,-36.3107452,382.046356
-801,-40,360,-801.299866,-36.3083305,359.046021
-834,154,316,-834.235168,155.76149,315.028046
-873,154,326,-873.235657,155.760941,325.028168
-872,-40,383,-872.235718,-38.2383156,382.028198
-779,310,272,-779.522949,323.56778,271.147644
-847,310,314,-847.532227,323.573914,313.153412
-834,154,316,-834.532227,167.606613,315.153412
-847,310,314,-847.238281,340.084106,313.028809
-873,154,326,-873.235413,184.145996,325.028107
-834,154,316,-834.235168,184.149231,315.028046
-863,-40,161,-863.238281,-33.9683342,161.971161
-796,154,227,-796.23584,160.023193,227.971786
-747,-40,190,-747.234375,-33.9757347,190.972137
-863,-40,161,-863.133179,-35.3530083,161.991089
-862,154,218,-862.132812,158.639099,218.991135
-796,154,227,-796.132935,158.635818,227.991119
-796,154,227,-796.945984,156.755875,227.324142
-716,-40,283,-716.947998,-37.2522354,283.318237
-747,-40,190,-747.947021,-37.2522354,190.321167
-796,154,227,-796.911682,157.641159,227.410889
-779,154,264,-779.911804,157.642899,264.410614
-716,-40,283,-716.911682,-36.345726,283.410858
-862,154,218,-862.133972,192.825684,218.990982
-810,310,231,-810.132812,348.825012,231.991135
-796,154,227,-796.132812,192.834641,227.991135
-810,310,231,-810.799011,316.502655,231.601257
-779,310,272,-779.799194,316.513214,272.601044
-796,154,227,-796.799072,160.526413,227.601196
-779,310,272,-779.911682,338.189423,272.410889
-779,154,264,-779.911682,182.102875,264.410828
-796,154,227,-796.911682,182.11142,227.410843
-810,310,231,-810.208618,313.432983,231.977997
-803,400,261,-803.208435,403.438782,261.978027
-737,397,274,-737.208008,400.441864,274.978119
-904,154,299,-903.099121,159.278427,298.565948
-921,154,263,-920.097168,159.2798,262.570007
-966,-39,270,-965.098267,-33.7221832,269.567719
-904,154,299,-903.020325,158.088013,298.799438
-966,-39,270,-965.019531,-34.9183235,269.803345
-953,-40,337,-952.020325,-35.9147377,336.799438
-921,154,263,-920.13031,156.296738,263.493591
-901,154,228,-900.13031,156.297211,228.493561
-934,-40,184,-933.136047,-37.6971054,184.503571
-921,154,263,-920.06311,156.689575,263.349609
-934,-40,184,-933.063293,-37.3196678,184.350052
-966,-39,270,-965.06311,-36.324398,270.349579
1512,-40,4045,1511.19543,-39.205574,4044.40625
1379,114,4077,1378.19556,114.791824,4076.40601
1427,-40,4159,1426.18555,-39.20755,4158.41992
1512,-40,4045,1511.33118,-38.1927376,4044.25659
1426,114,4036,1425.33118,115.805779,4035.25659
1379,114,4077,1378.33228,115.807709,4076.25562
1379,114,4077,1378.79858,115.683006,4076.02051
1280,-40,4189,1279.79858,-38.3160477,4188.02051
1427,-40,4159,1426.79395,-38.31847,4158.02148
1379,114,4077,1378.75488,115.58857,4076.03052
1283,114,4100,1282.75977,115.588074,4099.0293
1280,-40,4189,1279.75586,-38.4103584,4188.03027
1426,114,4036,1425.33118,208.473633,4035.25659
1430,269,4030,1429.34082,363.468903,4029.24805
1379,114,4077,1378.33997,208.473633,4076.24878
1430,269,4030,1429.69067,275.276459,4029.04907
1280,269,4077,1279.68469,275.266052,4076.05103
1379,114,4077,1378.68762,120.283951,4076.05005
1280,269,4077,1279.75488,274.642273,4076.03052
1283,114,4100,1282.75977,119.643044,4099.0293
1379,114,4077,1378.75586,119.646362,4076.03027
1422,-40,3876,1421.36536,-38.0308456,3876.77271
1418,114,3975,1417.35364,115.966873,3975.76294
1490,-40,3933,1489.34668,-38.033802,3933.75708
1418,114,3975,1417.01758,116.812897,3975.18652
1512,-40,4045,1511.01758,-37.1841469,4045.18652
1490,-40,3933,1489.0177,-37.1828041,3933.18726
1418,114,3975,1417.00867,116.068024,3975.13086
1426,114,4036,1425.00879,116.070061,4036.13208
1512,-40,4045,1511.00867,-37.9284172,4045.13086
1369,114,3938,1368.38538,126.178818,3938.78882
1398,269,3975,1397.38538,281.191406,3975.78882
1418,114,3975,1417.37988,126.181969,3975.78442
1398,269,3975,1397.13513,277.639099,3975.50195
1430,269,4030,1429.13513,277.638,4030.50195
1418,114,3975,1417.13159,122.639427,3975.49585
1275,269,4019,1275.33606,270.794525,4019.94165
1398,269,3975,1398.33911,270.798798,3975.94067
1270,114,3961,1270.33691,115.796211,3961.94141
1398,269,3975,1398.21387,273.515381,3975.97681
1369,114,3938,1369.21777,118.510437,3938.97583
1270,114,3961,1270.22266,118.510437,3961.97485
1275,269,4019,1275.50293,271.677612,4019.86426
1428,444,4038,1428.48926,446.676147,4038.87207
1481,444,4007,1481.48865,446.674591,4007.87231
1275,269,4019,1275.3136,273.303802,4019.94946
1481,444,4007,1481.32312,448.315704,4007.94629
1398,269,3975,1398.32031,273.306122,3975.94727
1725,-40,3299,1724.68762,-37.8864136,3298.05005
1569,116,3240,1568.68469,118.115181,3239.05103
1579,-40,3347,1578.68176,-37.8837891,3346.052
1725,-40,3299,1724.53174,-38.121788,3298.11646
1639,116,3203,1638.53406,117.87619,3202.11523
1569,116,3240,1568.51953,117.875015,3239.12305
1569,116,3240,1569.2146,118.188812,3239.02344
1437,-40,3313,1437.21436,-37.8135719,3312.02344
1579,-40,3347,1579.22351,-37.8135719,3346.02539
1569,116,3240,1569.29199,116.63253,3239.0437
1493,116,3217,1493.27625,116.633385,3216.03906
1437,-40,3313,1437.28223,-39.3644218,3312.04077
1659,274,3216,1658.89197,283.174591,3215.00586
1576,274,3224,1575.90137,283.172028,3223.00488
1569,116,3240,1568.90137,125.173691,3239.00488
1576,274,3224,1576.28223,278.912872,3223.04077
1493,116,3217,1493.28235,120.904839,3216.04077
1569,116,3240,1569.27625,120.913788,3239.03906
1669,-40,2935,1668.13147,-39.2339592,2935.49561
1647,116,3123,1646.12732,116.772186,3123.48828
1769,-40,3112,1768.12732,-39.23312,3112.48828
1669,-40,2935,1668.08862,-37.9354172,2935.41138
1586,116,2992,1585.09473,118.059822,2992.4248
1647,116,3123,1646.09436,118.057999,3123.42383
1647,116,3123,1646.02319,116.534599,3122.78589
1725,-40,3299,1724.02527,-39.4655418,3298.77686
1769,-40,3112,1768.02319,-39.4667702,3111.78589
1647,116,3123,1646.00391,117.772354,3122.91187
1639,116,3203,1638.00488,117.771179,3202.90137
1725,-40,3299,1724.00488,-38.2313194,3298.90137
1566,274,3124,1566.91455,275.792786,3124.4043
1713,452,3172,1713.90967,453.792114,3172.41504
1778,518,3166,1778.90967,519.792236,3166.41504
1566,274,3124,1566.07556,279.369263,3124.99707
1778,518,3166,1778.08752,523.372192,3166.99609
1649,274,3116,1649.09863,279.365295,3116.99512
1437,-40,3313,1437.86768,-38.4851456,3312.50293
1437,116,3093,1437.86768,117.522842,3092.50293
1348,-40,3153,1348.86841,-38.4809341,3152.50415
1437,-40,3313,1437.91504,-37.4722595,3312.59668
1493,116,3217,1493.90515,118.528328,3216.57495
1437,116,3093,1437.90515,118.529793,3092.57495
1493,116,3217,1493.90979,117.51371,3216.58496
1576,274,3224,1576.91064,275.519409,3223.58691
1437,116,3093,1437.91077,117.51371,3092.58716
1576,274,3224,1576.99426,275.519928,3223.89307
1566,274,3124,1566.99426,275.520905,3123.89307
1437,116,3093,1437.99512,117.524658,3092.90137
1576,274,3224,1576.995,275.251923,3223.90039
1721,452,3250,1721.995,453.256287,3249.90039
1713,452,3172,1713.99402,453.2547,3171.8916
1576,274,3224,1576.99414,275.235352,3223.89209
1713,452,3172,1713.99426,453.232239,3171.89307
1566,274,3124,1566.99426,275.233856,3123.89307
1487,-40,1072,1486.53125,-37.478344,1071.1167
1550,-40,1040,1549.53198,-37.4791374,1039.11633
1555,100,956,1554.53125,102.518707,955.116699
1550,-40,1040,1549.49121,-38.8697815,1039.13916
1589,100,936,1588.49609,101.128136,935.136292
1555,100,956,1554.49707,101.127586,955.135681
1555,100,956,1554.32056,101.982994,955.266296
1605,224,835,1604.33105,225.982437,834.256714
1476,187,973,1475.33105,188.984512,972.256714
1555,100,956,1554.77612,101.933426,955.025391
1683,224,817,1682.77295,225.932449,816.026123
1605,224,835,1604.77539,225.933289,834.025574
1555,100,956,1554.49121,102.676895,955.13916
1589,100,936,1588.48633,102.67569,935.142029
1683,224,817,1682.48145,226.675217,816.144958
1683,224,817,1682.75879,229.043365,816.029541
1672,335,791,1671.75562,340.039337,790.030334
1605,224,835,1604.77539,229.042358,834.025574
1455,187,941,1455.57031,189.640762,941.821411
1507,100,870,1507.57227,102.645241,870.819885
1394,-40,896,1394.56934,-37.3488693,896.822021
1455,187,941,1455.7511,202.729172,941.660156
1598,224,784,1598.7511,239.700943,784.660156
1507,100,870,1507.7511,115.728813,870.660095
1605,224,835,1605.91492,225.638,834.596375
1672,335,791,1672.91785,336.637756,790.603088
1666,352,746,1666.9209,353.637878,745.610229
1605,224,835,1605.98816,226.159119,834.84668
1666,352,746,1666.99109,354.155945,745.867188
1598,224,784,1598.99109,226.157867,783.867188
1458,-40,864,1458.42444,-34.7924767,864.905457
1394,-40,896,1394.42444,-34.7982216,896.905457
1540,100,850,1540.42383,105.211868,850.90564
1394,-40,896,1394.50195,-35.7350311,896.864807
1507,100,870,1507.52148,104.270905,870.85321
1540,100,850,1540.52637,104.271393,850.85022
1609,-40,942,1608.13513,-31.1806145,941.498047
1627,100,885,1626.14685,108.843376,884.478394
1550,-40,1040,1549.13806,-31.1855297,1039.49304
1627,100,885,1626.19104,104.663094,884.41217
1589,100,936,1588.1925,104.659126,935.410156
1550,-40,1040,1549.1925,-35.3570137,1039.41016
1676,224,766,1675.00867,244.200943,766.13092
1672,335,791,1671.00867,355.179565,791.130859
1683,224,817,1682.00867,244.204636,817.130859
1487,-40,1072,1486.41333,-38.0737267,1071.19019
1555,100,956,1554.40442,101.92234,955.196716
1476,187,973,1475.41211,188.917633,972.191101
2071,154,494,2070.26587,157.086151,493.321014
2072,-40,571,2071.25513,-36.9100227,570.332825
2122,-40,516,2121.25562,-36.9128227,515.332275
2071,154,494,2070.29614,158.464081,493.289673
2043,154,522,2042.28284,158.463638,521.303101
2072,-40,571,2071.28271,-35.5311127,570.303223
2072,154,454,2071.00098,155.837067,453.955841
2029,310,466,2028.00098,311.839233,465.955841
2071,154,494,2070.00098,155.836594,493.955841
2029,310,466,2028.1123,313.660156,465.539581
1992,310,537,1991.11462,313.662964,536.535156
2071,154,494,2070.11182,157.663345,493.540527
1992,310,537,1991.28284,317.187958,536.303101
2043,154,522,2042.28528,161.188187,521.300598
2071,154,494,2070.29395,161.188187,493.29187
2029,310,466,2028.11169,313.465881,465.540771
1970,400,514,1969.11621,403.4664,513.532166
1992,310,537,1991.11462,313.466644,536.535156
1969,-40,374,1968.95801,-36.2203941,374.999115
2038,154,431,2037.95801,157.778229,431.999115
2062,-40,374,2061.95801,-36.2203941,374.999115
1969,-40,374,1968.80017,-37.4055824,374.979828
1998,154,423,1997.80518,156.599655,423.980835
2038,154,431,2037.80493,156.6008,431.980774
1998,154,423,1997.80493,157.622421,423.980774
1982,310,446,1981.80005,313.612762,446.979797
2038,154,431,2037.8064,157.621109,431.981079
1982,310,446,1981.59668,316.025635,446.915039
2029,310,466,2028.59668,316.028076,466.915039
2038,154,431,2037.60938,160.01973,431.920532
2029,310,466,2028.44775,315.91275,466.833679
2072,154,454,2071.4502,159.907501,454.835266
2038,154,431,2037.45142,159.908066,431.83609
1982,310,446,1981.38672,311.25528,446.789795
1928,417,497,1927.38672,418.253479,497.789856
1970,400,514,1969.38647,401.254578,514.789673
1982,310,446,1981.6084,310.483643,446.920105
1970,400,514,1969.60352,400.483337,514.91803
2029,310,466,2028.60864,310.482697,466.920197
1884,-40,539,1884.94897,-38.286171,539.315186
1969,154,451,1969.94617,155.696304,451.323669
1919,-40,430,1919.94849,-38.2939034,430.316803
1884,-40,539,1884.95874,-35.0178909,539.284058
1948,154,523,1948.95874,158.980316,523.284058
1969,154,451,1969.95972,158.981186,451.280792
1969,154,451,1969.7467,157.767334,451.665131
1969,-40,374,1969.74622,-36.2410698,374.665588
1919,-40,430,1919.74622,-36.235817,430.665527
1969,154,451,1969.68787,156.740799,451.72583
1998,154,423,1998.68652,156.739029,423.727051
1969,-40,374,1969.68652,-37.2530594,374.727081
1944,310,517,1944.87646,318.703735,517.481384
1982,310,446,1982.88037,318.684875,446.474243
1969,154,451,1969.88062,162.718979,451.473785
1982,310,446,1982.68774,330.723236,446.725952
1998,154,423,1998.68726,174.67186,423.726379
1969,154,451,1969.6886,174.661331,451.724976
2072,-40,571,2071.71582,-34.8641815,570.04126
1981,154,547,1980.70605,159.143066,546.044189
1957,-40,604,1956.71582,-34.8591156,603.04126
2072,-40,571,2071.62256,-35.0912514,570.073975
2043,154,522,2042.62122,158.905685,521.074524
1981,154,547,1980.62109,158.901733,546.074585
1981,154,547,1981.65845,155.939026,546.247375
1884,-40,539,1884.66699,-38.0681534,538.254944
1957,-40,604,1957.65955,-38.0715332,603.248352
1981,154,547,1981.58765,156.002014,546.190918
1948,154,523,1948.58655,156.003708,522.190125
1884,-40,539,1884.5791,-37.9995689,538.184753
2043,154,522,2042.62109,198.036423,521.074585
1992,310,537,1991.62195,354.087067,536.074219
1981,154,547,1980.62122,198.025345,546.074524
1992,310,537,1992.38916,319.438263,536.078857
1944,310,517,1944.37805,319.435394,516.074219
1981,154,547,1981.37744,163.436615,546.073975
1944,310,517,1944.58594,386.609161,516.189697
1948,154,523,1948.58667,230.621552,522.190186
1981,154,547,1981.58606,230.629166,546.189758
1992,310,537,1991.65918,312.425598,536.059875
1970,400,514,1969.67603,402.424042,513.053955
1907,397,537,1906.67578,399.424347,536.054077
2038,154,431,2037.44446,160.344452,431.831421
2072,154,454,2071.44873,160.341949,454.83432
2107,-39,425,2106.43896,-32.6636391,425.827789
2038,154,431,2037.25305,156.223465,431.664764
2107,-39,425,2106.24341,-36.7753944,425.65387
2062,-40,374,2061.24487,-37.7743683,374.655548
2072,154,454,2071.00098,156.084152,453.955841
2071,154,494,2070.00098,156.086533,493.955841
2122,-40,516,2121.00098,-37.9237099,515.955872
2072,154,454,2071.01074,156.570496,454.146027
2122,-40,516,2121.0127,-37.4278679,516.158508
2107,-39,425,2106.01172,-36.4312706,425.152588
1161,-40,60,1161.99902,-38.5084572,59.9558182
1212,100,122,1212.99902,101.486923,121.955818
1212,100,93,1212.99902,101.486923,92.9558182
1212,100,93,1212.70239,101.546783,93.7117691
1269,224,168,1269.70325,225.548782,168.710876
1231,100,74,1231.70215,101.546783,74.7120209
1212,100,93,1212.95386,101.463051,93.3002472
1252,224,223,1252.95398,225.460312,223.29982
1269,224,168,1269.95581,225.460312,168.293961
1212,100,93,1212.99902,102.388924,92.9558182
1212,100,122,1212.99902,102.388924,121.955818
1252,224,223,1252.99902,226.385147,222.955826
1252,224,223,1252.95496,227.107101,223.296738
1273,335,226,1273.95569,338.106506,226.294098
1269,224,168,1269.95581,227.11171,168.293777
1259,100,79,1258.4668,101.47522,79.8459549
1283,100,94,1282.46582,101.474976,94.8453674
1307,-40,15,1306.46387,-38.5250664,15.8440952
1259,100,79,1258.46582,101.382919,79.845314
1303,224,182,1302.46606,225.383926,182.845505
1283,100,94,1282.46667,101.383453,94.8459091
1259,100,79,1258.6106,101.927902,79.9210663
1269,224,168,1268.60876,225.926117,168.920288
1303,224,182,1302.61816,225.925369,182.924225
1259,100,79,1258.82617,101.518288,79.9847717
1231,100,74,1230.82629,101.518723,74.9847946
1269,224,168,1268.81592,225.515457,168.98291
1269,224,168,1268.89978,225.541321,168.994965
1273,335,226,1272.89941,336.541504,226.994904
1303,352,238,1302.89941,353.540924,238.994919
1269,224,168,1268.61328,226.787994,168.922195
1303,352,238,1302.6134,354.795013,238.922241
1303,224,182,1302.61328,226.789795,182.922195
1304,-40,66,1303.00195,-34.7874413,65.9375381
1307,-40,15,1306.00098,-34.788414,14.9558172
1283,100,122,1282.00195,105.224869,121.937538
1307,-40,15,1306.00098,-36.8644829,14.9558172
1283,100,94,1282.00098,103.147141,93.9558182
1283,100,122,1282.00098,103.147141,121.955818
1201,-40,132,1201.86609,-23.9189205,131.500122
1230,100,164,1230.86951,116.103882,163.506088
1161,-40,60,1161.86816,-23.9145546,59.5037231
1230,100,164,1230.91663,104.169495,163.600266
1212,100,122,1212.91467,104.171036,121.59581
1161,-40,60,1161.91846,-35.8270073,59.6046677
1286,224,237,1286.36719,238.073898,236.069855
1273,335,226,1273.36719,349.053619,225.069855
1252,224,223,1252.36536,238.074554,222.069138
2468,-40,2824,2467.00073,-35.9317245,2824.03711
2454,17,2755,2453.00073,21.0622997,2755.03809
2453,37,2831,2452.00098,41.0635719,2831.04297
2471,-40,2858,2470.00391,-32.8200798,2858.08789
2468,-40,2824,2467.00464,-32.8200798,2824.0957
2453,37,2831,2452.00391,44.1829605,2831.08765
2471,-40,2858,2470.00098,-33.7980385,2858.03955
2453,37,2831,2452.00073,43.2034149,2831.03809
2460,15,2894,2459.00073,21.203804,2894.03809
-123,57,-553,-122.220207,59.5560493,-553.626038
-111,57,-538,-110.220207,59.556694,-538.626038
-110,89,-552,-109.22036,91.5574265,-552.626221
-111,57,-538,-111.623207,61.3925133,-538.782043
-96,57,-550,-96.6232071,61.3913193,-550.782043
-110,89,-552,-110.623215,93.3925323,-552.782043
-96,57,-550,-96.781395,61.63974,-549.375977
-108,57,-565,-108.781395,61.63974,-564.375977
-110,89,-552,-110.781494,93.6392899,-551.376099
-108,57,-565,-107.374947,59.3510742,-564.219421
-123,57,-553,-122.374947,59.3507309,-552.219421
-110,89,-552,-109.374947,91.3507843,-551.219421
29,57,-558,29.933567,59.7635384,-557.641602
22,57,-540,22.9335594,59.7644081,-539.641602
34,89,-545,34.933567,91.762886,-544.641602
22,57,-540,22.3589668,59.349762,-540.93335
40,57,-533,40.3583298,59.3502121,-533.933594
34,89,-545,34.3573761,91.3501358,-545.93396
40,57,-533,39.0675621,60.1557083,-533.361328
47,57,-551,46.0675621,60.1565323,-551.361328
34,89,-545,33.067585,92.1573563,-545.361389
47,57,-551,46.635685,61.7322578,-550.068726
29,57,-558,28.6375599,61.7330551,-557.067993
34,89,-545,33.6316528,93.7325745,-544.070312
1853,16,-23,1852.50098,31.1253834,-23.8665752
1848,90,-27,1847.50098,105.119324,-27.8665257
1834,90,-19,1833.50293,105.122368,-19.8676872
1853,16,-23,1852.4873,29.983696,-23.8585358
1834,90,-19,1833.49414,103.997559,-19.8625679
1836,16,-13,1835.48657,29.9844284,-13.8581314
1863,16,-40,1862.11353,25.844286,-40.4627724
1856,90,-42,1855.11877,99.8477631,-42.4724808
1848,90,-27,1847.11304,99.846489,-27.4616699
1863,16,-40,1862.13416,26.6715736,-40.5003014
1848,90,-27,1847.13171,100.673607,-27.4959297
1853,16,-23,1852.13135,26.6701431,-23.495327
1853,16,-77,1852.13123,31.2756405,-76.5047989
1848,90,-72,1847.12341,105.273384,-71.5187607
1856,90,-58,1855.12744,105.272057,-57.5114937
1853,16,-77,1852.13464,22.6526718,-76.498848
1856,90,-58,1855.13123,96.6433334,-57.5047951
1863,16,-60,1862.13477,22.6539593,-59.4986343
1863,16,-60,1862.00098,24.3738499,-60.0425262
1856,90,-58,1855.00098,98.3677063,-58.0425262
1856,90,-42,1855.00098,98.3677063,-42.0425262
1863,16,-60,1862.00098,24.3738499,-60.0425262
1856,90,-42,1855.00098,98.3677063,-42.0425262
1863,16,-40,1862.00098,24.3738499,-40.0425262
1816,16,-13,1816.49023,24.8322716,-13.8715696
1818,90,-19,1818.48828,98.8175888,-19.8726559
1804,90,-27,1804.48889,98.8183212,-27.8723431
1816,16,-13,1816.50586,23.4729691,-13.8625669
1804,90,-27,1804.50391,97.4623795,-27.8637028
1799,16,-23,1799.50391,23.4759979,-23.8637543
1836,16,-13,1835.95703,24.1713734,-13.9990759
1834,90,-19,1833.95703,98.1743774,-19.9990749
1818,90,-19,1817.95703,98.1743774,-19.9990749
1836,16,-13,1835.95703,24.1713734,-13.9990759
1818,90,-19,1817.95703,98.1743774,-19.9990749
1816,16,-13,1815.95703,24.1713734,-13.9990759
1799,16,-23,1799.88049,28.5623264,-23.4740295
1804,90,-27,1804.88037,102.560791,-27.4741707
1796,90,-42,1796.88037,102.559349,-42.4742317
1799,16,-23,1799.86169,23.7469425,-23.5072346
1796,90,-42,1796.85889,97.7388916,-42.5121613
1789,16,-40,1789.85889,23.74823,-40.5121002
1789,16,-40,1789.99902,21.4834652,-40.0425262
1796,90,-42,1796.99902,95.4786148,-42.0425262
1796,90,-58,1796.99902,95.4786148,-58.0425262
1789,16,-40,1789.99902,21.4834652,-40.0425262
1796,90,-58,1796.99902,95.4786148,-58.0425262
1789,16,-60,1789.99902,21.4834652,-60.0425262
1789,16,-60,1789.86243,27.5691185,-59.4938202
1796,90,-58,1796.86499,101.578407,-57.4982147
1804,90,-72,1804.8678,101.580978,-71.5030899
1789,16,-60,1789.85645,23.3684063,-59.4837646
1804,90,-72,1804.85608,97.3674774,-71.4831619
1799,16,-77,1799.85645,23.3684063,-76.4837646
1799,16,-77,1799.49902,23.8443527,-76.1334152
1804,90,-72,1804.49109,97.8440857,-71.128891
1818,90,-80,1818.49023,97.8407669,-79.1284103
1799,16,-77,1799.5127,31.2414036,-76.1414337
1818,90,-80,1818.49927,105.233353,-79.1335526
1816,16,-87,1816.50586,31.242691,-86.1373901
1816,16,-87,1815.98706,25.3036671,-86.0000839
1818,90,-80,1817.98706,99.2981644,-79.0000839
1834,90,-80,1833.98706,99.2981644,-79.0000839
1816,16,-87,1815.98706,25.3036671,-86.0000839
1834,90,-80,1833.98706,99.2981644,-79.0000839
1836,16,-87,1835.98706,25.3036671,-86.0000839
1836,16,-87,1835.49927,21.394083,-86.1343994
1834,90,-80,1833.49902,95.4033737,-79.1345444
1848,90,-72,1847.49902,95.405304,-71.1345444
1836,16,-87,1835.48535,25.9375782,-86.142601
1848,90,-72,1847.48535,99.9366455,-71.142601
1853,16,-77,1852.48657,25.938242,-76.1418686
-1543,-40,3007,-1543.77258,-23.3145828,3007.63477
-1509,105,3059,-1509.76282,121.688164,3059.64648
-1513,-40,3042,-1513.76306,-23.3145828,3042.64624
-1421,85,3145,-1421.81885,118.226669,3145.57397
-1318,-40,3287,-1318.81921,-6.78892612,3287.57349
-1423,-40,3137,-1423.81885,-6.75787926,3137.57397
-1513,-40,3042,-1513.71582,-21.6459446,3042.69824
-1509,105,3059,-1509.7113,123.358772,3059.70288
-1421,85,3145,-1421.71191,103.353607,3145.70215
-1513,-40,3042,-1513.7334,-4.14690447,3042.67969
-1421,85,3145,-1421.7334,120.893578,3145.67944
-1423,-40,3137,-1423.7334,-4.11674547,3137.67969
-1197,88,2950,-1196.00195,95.8214493,2949.93774
-1219,-40,2732,-1218.00195,-32.2284088,2731.93774
-1206,-40,2946,-1205.00195,-32.2033195,2945.93774
-1074,-40,3055,-1073.38477,-15.9217911,3054.21167
-1052,111,3064,-1051.38867,135.079849,3063.20874
-1197,88,2950,-1196.38477,112.140923,2949.21167
-1074,-40,3055,-1073.37036,5.88460636,3054.22314
-1197,88,2950,-1196.36536,134.022507,2949.22729
-1206,-40,2946,-1205.35999,5.97913837,2945.23169
-1181,-40,2662,-1180.93848,53.9983521,2662.99805
-878,70,2640,-877.938477,163.695007,2640.99805
-879,-40,2639,-878.937561,53.8233566,2639.99805
-1123,163,1938,-1122.0155,170.860245,1937.82471
-1113,259,1913,-1112.01746,266.864777,1912.81409
-1151,275,1687,-1150.01746,282.855988,1686.81409
-1123,163,1938,-1122.0155,171.14917,1937.82471
-1151,275,1687,-1150.0155,283.137329,1686.82471
-1167,163,1681,-1166.01746,171.147308,1680.81409
-889,267,1909,-889.884216,269.55307,1908.53296
-944,259,2018,-944.883911,261.551239,2017.53235
-931,163,2057,-931.883301,165.545929,2056.53125
-889,267,1909,-889.911011,272.989288,1908.58765
-931,163,2057,-931.910767,168.984879,2056.58716
-874,163,1932,-874.910767,168.982361,1931.58716
-904,163,1790,-904.974365,167.996811,1790.22461
-920,275,1784,-920.970398,280.003143,1784.24109
-889,267,1909,-889.974365,272.003387,1909.22449
-904,163,1790,-904.979309,176.52417,1790.20203
-889,267,1909,-889.978333,280.505585,1909.20703
-874,163,1932,-874.978271,176.50618,1932.20691
-931,163,2057,-930.486328,165.856857,2056.14209
-944,259,2018,-943.463867,261.864105,2017.15588
-1113,259,1913,-1112.48145,261.872437,1912.14502
-931,163,2057,-930.476562,164.903717,2056.14795
-1113,259,1913,-1112.47656,260.906281,1912.14795
-1123,163,1938,-1122.47168,164.902802,1937.151
-1167,163,1681,-1166.12732,172.488388,1681.48828
-1151,275,1687,-1150.12732,284.497223,1687.48828
-1023,302,1464,-1022.12732,311.484955,1464.48828
-1167,163,1681,-1166.13513,170.295975,1681.50195
-1023,302,1464,-1022.13513,309.280029,1464.50195
-1021,163,1426,-1020.13513,170.262573,1426.50195
-1021,163,1426,-1020.90039,167.514084,1426.995
-1023,302,1464,-1022.92285,306.508545,1464.99695
-870,302,1450,-869.922852,306.510406,1450.99695
-1021,163,1426,-1020.91113,164.74437,1426.99597
-870,302,1450,-869.901367,303.746521,1450.99512
-847,163,1410,-846.911133,164.751816,1410.99597
-847,163,1410,-847.902832,168.241745,1410.42969
-870,302,1450,-870.904724,307.241302,1450.42578
-769,302,1654,-769.904846,307.247711,1654.42566
-847,163,1410,-847.904785,168.11293,1410.42566
-769,302,1654,-769.904785,307.116241,1654.42578
-732,163,1642,-732.902893,168.112015,1642.42957
-732,163,1642,-732.644592,168.762451,1641.23547
-769,302,1654,-769.64502,307.775818,1653.23584
-920,275,1784,-920.644592,280.80365,1783.23547
-732,163,1642,-732.658203,170.188583,1641.24719
-920,275,1784,-920.658203,282.190216,1783.24719
-904,163,1790,-904.658203,170.191345,1789.24719
-1023,302,1464,-1022.0979,304.193634,1464.43152
-1151,275,1687,-1150.0968,277.199982,1687.4292
-953,492,1596,-952.094299,494.193756,1596.42383
-870,302,1450,-869.911743,303.928131,1450.99609
-1023,302,1464,-1022.91174,303.927094,1464.99609
-953,492,1596,-952.912109,493.932526,1596.99609
-769,302,1654,-769.904663,302.64502,1654.42566
-870,302,1450,-870.904724,302.643768,1450.42578
-953,492,1596,-953.904724,492.639832,1596.42578
-920,275,1784,-920.573792,276.432953,1783.18103
-769,302,1654,-769.572327,303.434814,1653.18005
-953,492,1596,-953.572754,493.433319,1595.1803
-1036,399,1736,-1036.53418,399.700623,1735.15466
-920,275,1784,-920.526978,275.703552,1783.15015
-953,492,1596,-953.53418,492.69928,1595.15466
-1151,275,1687,-1150.00098,276.227478,1686.95593
-1036,399,1736,-1035.00098,400.22757,1735.95593
-953,492,1596,-952.000977,493.225128,1595.95593
-1036,399,1736,-1035.00098,400.638306,1735.95593
-1151,275,1687,-1150.00098,276.637115,1686.95593
-1032,399,1850,-1031.00098,400.636139,1849.95593
-920,275,1784,-920.999023,275.855743,1784.04382
-1036,399,1736,-1036.99902,399.851044,1736.04297
-1032,399,1850,-1032.99915,399.850952,1850.04102
-1113,259,1913,-1112.48157,261.034851,1912.1449
-944,259,2018,-943.47168,261.035492,2017.151
-1032,399,1850,-1031.47205,401.030151,1849.15076
-1151,275,1687,-1150.02319,275.599792,1686.78589
-1113,259,1913,-1112.02136,259.601837,1912.79443
-1032,399,1850,-1031.02136,399.599548,1849.79443
774,601,4053,774.999023,612.609375,4053.04395
787,601,3708,787.999023,612.640198,3708.04346
759,200,3753,759.999023,211.577301,3753.04297
787,601,3708,787.996033,616.971497,3707.91113
753,194,3690,753.995117,209.940735,3689.90137
759,200,3753,759.995056,215.94519,3752.90088
787,601,3708,787.960754,613.879028,3707.72266
733,161,3628,733.962708,173.783035,3627.72949
753,194,3690,753.958984,206.791885,3689.71655
787,601,3708,787.949951,610.229004,3707.68774
683,646,3378,683.950073,655.194885,3377.68799
733,161,3628,733.94812,170.316895,3627.68213
-1279,361,1125,-1279.61353,363.900177,1124.21033
-1454,420,1247,-1454.61353,422.903046,1246.21033
-1546,361,1334,-1546.61865,363.904236,1333.21436
-1746,-40,2522,-1746.90503,-14.1689663,2522.42529
-1296,530,3546,-1296.90479,555.758972,3546.42578
-1280,-40,3520,-1280.91455,-14.3492889,3520.4043
-1454,420,1247,-1454.66882,432.228455,1246.25659
-1654,559,1419,-1654.67786,571.20105,1418.26489
-1546,361,1334,-1546.6676,373.231537,1333.25549
-992,423,1017,-992.310608,428.22641,1016.0495
-1279,361,1125,-1279.31458,366.231384,1124.05078
-1026,361,1045,-1026.30859,366.224731,1044.04883
-693,263,4234,-692.911743,281.438049,4234.99609
-132,187,4175,-131.911713,205.571075,4175.99609
-126,-40,4168,-125.923592,-21.350111,4168.99707
434,-40,4188,433.314453,-27.1369629,4188.72803
679,262,4455,678.317627,274.802002,4455.73096
708,-40,4445,707.30072,-27.2160873,4445.71484
708,-40,4445,707.716553,-26.9544334,4445.95898
679,262,4455,678.723267,274.976013,4455.96094
867,262,4510,866.723267,274.95105,4510.96094
708,-40,4445,707.716553,-31.5811558,4445.95898
867,262,4510,866.716553,270.424683,4510.95898
864,-40,4490,863.706848,-31.5891914,4490.95605
-841,110,4098,-841.660156,159.023178,4098.75098
-887,122,4059,-887.652405,171.010361,4059.75781
-832,122,4106,-832.658569,171.022812,4106.75244
-1720,0,2141,-1720.21387,6.05024624,2141.97681
-1661,177,2189,-1661.22266,183.035583,2189.97485
-1669,0,2152,-1669.20557,6.05024624,2152.97852
-1661,177,2189,-1661.40259,182.147186,2189.91528
-1611,177,2210,-1611.40247,182.147186,2210.91528
-1669,0,2152,-1669.38965,5.16391563,2152.9209
-1611,177,2210,-1611.58594,188.815948,2210.8103
-1626,0,2182,-1626.5791,11.7810192,2182.81519
-1669,0,2152,-1669.5791,11.7780046,2152.81519
-1766,0,2235,-1765.01453,1.35496151,2235.16968
-1680,177,2234,-1679.0144,178.360306,2234.16895
-1758,0,2185,-1757.01367,1.35524416,2185.16406
-1680,177,2234,-1679.08154,179.795319,2234.39551
-1661,177,2189,-1660.07874,179.795731,2189.38892
-1758,0,2185,-1757.07886,2.79384971,2185.38916
-1661,177,2189,-1660.24866,178.693283,2189.65991
-1720,0,2141,-1719.24719,1.69311261,2141.6582
-1758,0,2185,-1757.25586,1.69342184,2185.66797
-1673,0,2277,-1672.82397,6.53038311,2276.01562
-1630,177,2255,-1629.81836,183.522614,2254.01685
-1728,0,2266,-1727.82397,6.52892256,2265.01562
-1630,177,2255,-1629.60974,181.090973,2254.07935
-1680,177,2234,-1679.60974,181.089111,2233.07935
-1728,0,2266,-1727.62109,4.079494,2265.07471
-1680,177,2234,-1679.37524,179.238846,2233.21924
-1766,0,2235,-1765.37036,2.22794628,2234.22314
-1728,0,2266,-1727.3656,2.22958803,2265.22705
-1089,12,2241,-1089.98816,14.8801136,2240.84668
-1138,196,2242,-1138.98755,198.875214,2241.84277
-1099,12,2303,-1099.98816,14.8808355,2302.84668
-1138,196,2242,-1138.91846,197.60701,2241.60449
-1157,196,2286,-1157.9176,197.60878,2285.60254
-1099,12,2303,-1099.91479,13.598443,2302.59619
-1157,196,2286,-1157.67847,200.202621,2285.26538
-1136,12,2337,-1136.67871,16.1917744,2336.26562
-1099,12,2303,-1099.67871,16.1908741,2302.26562
-1183,12,2201,-1183.19043,19.4394989,2201.98169
-1188,196,2220,-1188.2002,203.440796,2220.97974
-1132,12,2211,-1132.19043,19.4464111,2211.98169
-1188,196,2220,-1188.40271,200.184723,2220.91528
-1138,196,2242,-1138.41309,200.180283,2242.91064
-1132,12,2211,-1132.41309,16.1740627,2211.91064
-1138,196,2242,-1138.57275,205.283478,2242.81958
-1089,12,2241,-1089.58594,21.2906647,2241.8103
-1132,12,2211,-1132.5791,21.2859383,2211.81519
-1230,12,2294,-1229.0155,22.986969,2294.17529
-1207,196,2265,-1206.01831,206.976822,2265.19043
-1221,12,2245,-1220.01746,22.9895649,2245.18579
-1207,196,2265,-1206.0791,201.689941,2265.38965
-1188,196,2220,-1187.07922,201.687759,2220.38989
-1221,12,2245,-1220.07947,17.6802483,2245.39062
-1188,196,2220,-1187.24719,220.417755,2220.6582
-1183,12,2201,-1182.2478,36.415554,2201.65894
-1221,12,2245,-1220.2478,36.415554,2245.65894
-1136,12,2337,-1135.79395,17.6955128,2336.02148
-1157,196,2286,-1156.8125,201.708054,2285.01782
-1191,12,2326,-1190.79785,17.6965218,2325.02075
-1157,196,2286,-1156.62622,201.295242,2285.07251
-1207,196,2265,-1206.62598,201.294312,2264.07275
-1191,12,2326,-1190.62622,17.2980766,2325.07251
-1207,196,2265,-1206.37012,201.544067,2264.22339
-1230,12,2294,-1229.375,17.5385456,2293.21948
-1191,12,2326,-1190.375,17.5410213,2325.21948
-780,-40,3118,-780.985291,-33.9375725,3117.82935
-823,144,3105,-823.984558,150.052139,3104.82495
-791,-40,3180,-791.984558,-33.9375725,3179.82495
-823,144,3105,-823.910828,146.253525,3104.5874
-849,144,3163,-849.914673,146.249969,3162.59595
-791,-40,3180,-791.914734,-37.7477646,3179.59595
-849,144,3163,-849.700378,148.488541,3162.28638
-827,-40,3214,-827.699463,-35.5165901,3213.2854
-791,-40,3180,-791.697266,-35.5174866,3179.2832
-875,-40,3078,-875.205627,74.1223297,3078.97852
-889,144,3077,-889.205627,258.116699,3077.97852
-824,-40,3088,-824.19043,74.0436401,3088.98169
-889,144,3077,-889.404297,157.100082,3077.91455
-823,144,3105,-823.402527,157.114853,3105.91528
-824,-40,3088,-824.402405,-26.8972607,3088.91528
-823,144,3105,-823.557068,164.320663,3105.83032
-780,-40,3118,-780.566467,-19.6536808,3118.82397
-824,-40,3088,-824.572571,-19.650341,3088.81982
-914,144,3135,-913.08197,195.452209,3135.39648
-889,144,3077,-888.082275,195.438934,3077.39722
-913,-40,3122,-912.084534,11.5374966,3122.40234
-827,-40,3214,-826.8125,-37.3284874,3213.01782
-849,144,3163,-848.8125,146.671951,3162.01782
-883,-40,3203,-882.823975,-37.3315201,3202.01562
-849,144,3163,-848.602783,145.723969,3162.08228
-914,144,3135,-913.60968,145.720245,3134.07935
-883,-40,3203,-882.60968,-38.2676506,3202.07935
-914,144,3135,-913.35968,149.012894,3134.23193
-921,-40,3171,-920.353577,-34.9900398,3170.23706
-883,-40,3203,-882.365234,-34.9928856,3202.22754
-889,144,3077,-889.411438,147.038223,3077.91138
-881,249,3119,-881.404541,252.041611,3119.91431
-830,249,3141,-830.411316,252.040848,3141.91138
-889,144,3077,-889.388977,148.56636,3077.92114
-830,249,3141,-830.389526,253.568253,3141.9209
-823,144,3105,-823.404297,148.565598,3105.91455
-914,144,3135,-913.085266,146.80069,3135.40405
-901,249,3165,-900.084534,251.796661,3165.40234
-881,249,3119,-880.084534,251.794189,3119.40234
-914,144,3135,-913.084534,150.495331,3135.40234
-881,249,3119,-880.084839,255.495834,3119.40308
-889,144,3077,-888.084534,150.493973,3077.40234
-910,225,3376,-909.47699,226.276566,3375.14771
-905,254,3351,-904.47168,255.276306,3350.15112
-1039,254,3267,-1038.47742,255.272461,3266.14746
-910,225,3376,-909.48175,225.927017,3375.14478
-1039,254,3267,-1038.47168,254.929398,3266.15112
-1060,225,3282,-1059.46411,225.929718,3281.15576
-910,225,3376,-910.222656,225.485245,3375.02515
-737,225,3336,-737.243164,225.486771,3335.03003
-752,254,3315,-752.240234,254.487045,3314.0293
-910,225,3376,-910.243164,225.704208,3375.03003
-752,254,3315,-752.243164,254.708008,3314.03003
-905,254,3351,-905.223389,254.705276,3350.02539
-1075,254,3113,-1074.02612,254.750641,3112.77295
-1100,225,3109,-1099.03003,225.749496,3108.75684
-1060,225,3282,-1059.02539,225.751434,3281.77612
-1075,254,3113,-1074.03003,255.48616,3112.75684
-1060,225,3282,-1059.03003,226.489929,3281.75684
-1039,254,3267,-1038.03003,255.490005,3266.75684
-737,225,3336,-737.850098,226.41745,3335.47339
-643,225,3186,-643.849243,226.414658,3185.47217
-668,254,3181,-668.848999,255.414551,3180.47168
-737,225,3336,-737.849426,226.217499,3335.47241
-668,254,3181,-668.849243,255.219498,3180.47217
-752,254,3315,-752.849609,255.217957,3314.47266
-643,225,3186,-643.978271,226.355469,3186.20679
-682,225,3013,-682.979248,226.352005,3013.2019
-703,254,3028,-703.978271,255.352325,3028.20703
-643,225,3186,-643.978271,225.380508,3186.20703
-703,254,3028,-703.974365,254.383972,3028.22437
-668,254,3181,-668.974365,254.380844,3181.22461
-682,225,3013,-682.526611,226.932465,3013.8501
-833,225,2919,-833.53418,226.935577,2919.84521
-837,254,2944,-837.534241,255.935333,2944.84521
-682,225,3013,-682.534424,226.251694,3013.84521
-837,254,2944,-837.537109,255.253693,2944.84351
-703,254,3028,-703.534424,255.252167,3028.84521
-833,225,2919,-832.776123,226.437927,2919.97461
-1006,225,2959,-1005.78479,226.439453,2959.97656
-991,254,2980,-990.776123,255.439728,2980.97461
-833,225,2919,-832.776123,226.080688,2919.97461
-991,254,2980,-990.792969,255.082825,2980.97827
-837,254,2944,-836.78418,255.080093,2944.97632
-1006,225,2959,-1005.15051,226.739212,2959.52759
-1100,225,3109,-1099.15466,226.736877,3109.53418
-1075,254,3113,-1074.15051,255.737595,3113.52759
-1006,225,2959,-1005.15527,226.145798,2959.53516
-1075,254,3113,-1074.15479,255.148315,3113.53442
-991,254,2980,-990.155273,255.146973,2980.53516
-1666,161,2367,-1665.48145,162.923996,2366.14502
-1663,180,2351,-1662.47656,181.923264,2350.14795
-1749,180,2297,-1748.46411,181.923264,2296.15576
-1666,161,2367,-1665.47229,162.379623,2366.15063
-1749,180,2297,-1748.48145,181.378326,2296.14502
-1763,161,2307,-1762.47192,162.378098,2306.15088
-1666,161,2367,-1666.22266,162.791824,2366.02515
-1554,161,2342,-1554.22681,162.789536,2341.02612
-1564,180,2328,-1564.22266,181.789719,2327.02515
-1666,161,2367,-1666.24316,162.755188,2366.03003
-1564,180,2328,-1564.22351,181.754654,2327.02539
-1663,180,2351,-1663.24402,181.755249,2350.03027
-1772,180,2198,-1771.02527,180.827744,2197.77686
-1788,161,2195,-1787.02515,161.827332,2194.77734
-1763,161,2307,-1762.02527,161.82872,2306.77686
-1772,180,2198,-1771.0293,181.680878,2197.75977
-1763,161,2307,-1762.03003,162.67894,2306.75684
-1749,180,2297,-1748.02539,181.678986,2296.77612
-1554,161,2342,-1554.84949,162.966919,2341.47241
-1494,161,2245,-1494.85266,162.968185,2244.47754
-1510,180,2242,-1510.84961,181.96814,2241.47266
-1554,161,2342,-1554.84521,161.885162,2341.46558
-1510,180,2242,-1510.849,180.884308,2241.47168
-1564,180,2328,-1564.849,180.884689,2327.47168
-1494,161,2245,-1494.97937,162.908096,2245.2019
-1519,161,2133,-1519.97925,162.905823,2133.20166
-1533,180,2143,-1533.97937,181.905991,2143.20166
-1494,161,2245,-1494.97449,162.700989,2245.22412
-1533,180,2143,-1533.97437,181.700272,2143.22461
-1510,180,2242,-1510.97437,181.70105,2242.22461
-1519,161,2133,-1519.52698,161.769897,2133.84985
-1616,161,2073,-1616.52649,161.771271,2073.8501
-1619,180,2089,-1619.52734,180.771332,2089.84961
-1519,161,2133,-1519.5343,161.753616,2133.84521
-1619,180,2089,-1619.53711,180.752655,2089.84351
-1533,180,2143,-1533.53516,180.75322,2143.84473
-1616,161,2073,-1615.79395,162.819473,2073.97852
-1728,161,2098,-1727.79297,162.817368,2098.97827
-1718,180,2112,-1717.79395,181.817368,2112.97852
-1616,161,2073,-1615.75977,161.542862,2073.9707
-1718,180,2112,-1717.77612,180.54213,2112.97461
-1619,180,2089,-1618.75977,180.542725,2089.9707
-1728,161,2098,-1727.15027,161.711151,2098.5271
-1788,161,2195,-1787.1499,161.712418,2195.52661
-1772,180,2198,-1771.14978,180.712372,2198.52637
-1728,161,2098,-1727.15527,162.1922,2098.53516
-1772,180,2198,-1771.15527,181.191422,2198.53516
-1718,180,2112,-1717.15857,181.191711,2112.54028
-1191,180,2388,-1190.47192,181.061798,2387.15088
-1189,197,2373,-1188.46484,198.061859,2372.15527
-1267,197,2324,-1266.47656,198.061462,2323.14795
-1191,180,2388,-1190.47656,180.678909,2387.14795
-1267,197,2324,-1266.46484,197.678207,2323.15527
-1280,180,2333,-1279.46484,180.677963,2332.15527
-1191,180,2388,-1191.23926,181.20549,2387.02905
-1090,180,2365,-1090.24023,181.203064,2364.0293
-1099,197,2352,-1099.22681,198.203384,2351.02612
-1191,180,2388,-1191.22363,180.608643,2387.02539
-1099,197,2352,-1099.24316,197.608276,2351.03003
-1189,197,2373,-1189.24402,197.608276,2372.03027
-1288,197,2234,-1287.02515,197.501541,2233.77734
-1303,180,2232,-1302.02515,180.501968,2231.77734
-1280,180,2333,-1279.02515,180.500641,2332.77734
-1288,197,2234,-1287.02905,197.468063,2233.76074
-1280,180,2333,-1279.02905,180.469559,2332.76074
-1267,197,2324,-1266.02527,197.469177,2323.77686
-1090,180,2365,-1090.84949,181.597107,2364.47241
-1035,180,2276,-1035.849,181.595657,2275.47168
-1050,197,2274,-1050.84949,198.595428,2273.47241
-1090,180,2365,-1090.84949,181.668457,2364.47241
-1050,197,2274,-1050.84949,198.669952,2273.47241
-1099,197,2352,-1099.84912,198.668457,2351.47192
-1035,180,2276,-1035.97632,181.76683,2276.21582
-1058,180,2175,-1058.97449,181.767227,2175.22437
-1070,197,2184,-1070.97449,198.766708,2184.22437
-1035,180,2276,-1035.97852,180.619415,2276.20605
-1070,197,2184,-1070.97925,197.619171,2184.20215
-1050,197,2274,-1050.97925,197.619171,2274.2019
-1058,180,2175,-1058.53479,181.389465,2175.84497
-1146,180,2120,-1146.53711,181.388321,2120.84351
-1149,197,2135,-1149.53711,198.388901,2135.84351
-1058,180,2175,-1058.53418,181.762131,2175.84521
-1149,197,2135,-1149.52734,198.760498,2135.84961
-1070,197,2184,-1070.53711,198.761276,2184.84351
-1146,180,2120,-1145.79395,180.643845,2120.97852
-1248,180,2143,-1247.79395,180.644775,2143.97852
-1239,197,2156,-1238.79395,197.644821,2156.97852
-1146,180,2120,-1145.77539,180.567032,2120.97437
-1239,197,2156,-1238.77539,197.566696,2156.97437
-1149,197,2135,-1148.77612,197.567474,2135.97461
-1248,180,2143,-1247.1499,181.022537,2143.52661
-1303,180,2232,-1302.15479,181.021088,2232.53442
-1288,197,2234,-1287.15466,198.020767,2234.53418
-1248,180,2143,-1247.15466,181.590042,2143.53418
-1288,197,2234,-1287.15479,198.591629,2234.53442
-1239,197,2156,-1238.15479,198.590134,2156.53442
-1640,187,1682,-1639.84668,188.688705,1681.01184
-1490,166,1723,-1489.84668,167.687851,1722.01184
-1488,187,1707,-1487.84668,188.68811,1706.01184
-1640,187,1682,-1639.84766,189.091721,1681.01172
-1488,187,1707,-1487.84082,189.08934,1706.01282
-1622,206,1670,-1621.84204,208.091537,1669.01257
-1490,166,1723,-1490.48828,167.332443,1722.12732
-1351,164,1647,-1351.4884,165.33107,1646.12744
-1365,186,1638,-1365.49585,187.33107,1637.13159
-1490,166,1723,-1490.49536,167.840775,1722.13135
-1365,186,1638,-1365.49536,187.84343,1637.13135
-1488,187,1707,-1488.49536,188.841599,1706.13135
-1351,164,1647,-1351.92749,164.809906,1646.62622
-1305,183,1497,-1305.9314,183.812164,1496.63611
-1324,203,1506,-1324.93127,203.812195,1505.63574
-1351,164,1647,-1351.92542,166.051758,1646.62109
-1324,203,1506,-1324.92737,205.051788,1505.62598
-1365,186,1638,-1365.92554,188.051544,1637.62146
-1522,3,1435,-1522.42456,6.55925322,1435.9054
-1546,134,1473,-1546.42578,137.564545,1473.90466
-1465,3,1461,-1465.41345,6.55925322,1461.9104
-1546,134,1473,-1546.63281,136.706146,1473.77429
-1496,134,1513,-1496.63281,136.706146,1513.77429
-1465,3,1461,-1465.63281,5.70288324,1461.77417
-1496,134,1513,-1496.88367,135.992844,1513.46802
-1442,3,1505,-1442.8844,4.99276495,1505.46667
-1465,3,1461,-1465.88367,4.99143171,1461.46802
-1585,3,1516,-1584.0979,74.1219177,1516.43152
-1590,134,1529,-1589.09851,205.072174,1529.43274
-1562,3,1469,-1561.0946,74.1742096,1469.42456
-1590,134,1529,-1589.21045,143.648026,1529.61365
-1546,134,1473,-1545.21118,143.647476,1473.61462
-1562,3,1469,-1561.2113,12.6311646,1469.61475
-1546,134,1473,-1545.3595,141.99028,1473.76794
-1522,3,1435,-1521.35388,10.9921732,1435.76318
-1562,3,1469,-1561.35486,10.9975672,1469.76404
-1507,3,1585,-1506.58691,48.2850266,1584.08936
-1540,134,1568,-1539.57446,179.146042,1567.09509
-1552,3,1564,-1551.58691,48.262989,1563.08936
-1540,134,1568,-1539.38867,175.056152,1567.20874
-1590,134,1529,-1589.38477,175.056152,1528.21167
-1552,3,1564,-1551.38867,44.1083984,1563.20874
-1442,3,1505,-1442.90417,6.33220053,1504.57288
-1496,134,1513,-1496.90479,137.332718,1512.57422
-1467,3,1556,-1467.90527,6.3329525,1555.5752
-1496,134,1513,-1496.78467,137.344742,1512.38013
-1540,134,1568,-1540.78467,137.344742,1567.38013
-1467,3,1556,-1467.78918,6.34683657,1555.38586
-1540,134,1568,-1540.58606,136.906342,1567.18982
-1507,3,1585,-1507.5863,5.91195393,1584.18994
-1467,3,1556,-1467.58667,5.91344738,1555.19019
-1590,134,1529,-1589.2218,136.847672,1529.62793
-1544,217,1532,-1543.22253,219.845657,1532.62891
-1509,217,1488,-1508.22571,219.845215,1488.63281
-1590,134,1529,-1589.21399,137.041275,1529.61816
-1509,217,1488,-1508.21082,220.04216,1488.61414
-1546,134,1473,-1545.2179,137.042435,1473.62305
-1540,134,1568,-1539.38477,137.20874,1567.21167
-1508,209,1564,-1507.38477,212.210587,1563.21167
-1544,217,1532,-1543.37012,220.210342,1531.22339
-1540,134,1568,-1539.38477,136.635345,1567.21167
-1544,217,1532,-1543.38867,219.633011,1531.20874
-1590,134,1529,-1589.38916,136.637802,1528.20825
4309,0,-845,4309.94043,10.6814022,-844.660034
4339,303,-831,4339.94043,313.69162,-830.660034
4492,464,-1216,4492.93652,474.642365,-1215.64941
4309,0,-845,4309.92969,12.9752531,-844.631653
4492,464,-1216,4492.92969,477.047333,-1215.63171
4446,0,-1196,4446.92773,13.0039949,-1195.62683
4492,464,-1216,4492.86768,470.125092,-1216.49695
4289,425,-1573,4289.86377,431.138,-1573.50342
4291,27,-1488,4291.86914,33.1834412,-1488.49414
4306,27,-1451,4306.91748,31.957674,-1451.39746
4492,464,-1216,4492.92578,468.981323,-1216.37781
4291,27,-1488,4291.92285,31.957674,-1488.38464
4306,27,-1451,4306.86084,37.3504601,-1451.50842
4446,0,-1196,4446.86426,10.3649807,-1196.50293
4492,464,-1216,4492.87158,474.309723,-1216.49023
4291,27,-1488,4291.91992,39.201355,-1488.3916
4289,425,-1573,4289.91797,437.16687,-1573.39648
4150,320,-1889,4150.91504,332.162109,-1889.4032
4202,27,-1696,4202.90918,37.8569908,-1696.41577
4291,27,-1488,4291.90918,37.8569908,-1488.41589
4150,320,-1889,4150.90967,330.847412,-1889.41504
3483,0,-1747,3482.84668,90.9161453,-1747.98816
3489,303,-1752,3488.84668,394.015015,-1752.98816
3193,303,-1710,3192.85352,394.132111,-1710.98914
3483,0,-1747,3482.77612,8.56839275,-1747.97461
3193,303,-1710,3192.78442,311.563171,-1710.97644
3214,18,-1688,3213.77612,26.5397129,-1688.97461
3640,27,-1960,3639.11401,32.632019,-1960.46326
3606,312,-1981,3605.10815,317.639832,-1981.45227
3489,303,-1752,3488.11523,308.613892,-1752.4657
3837,312,-1993,3837.99316,330.890259,-1992.88379
3845,312,-2068,3845.99316,330.910858,-2067.8833
3840,196,-2060,3840.99316,214.907532,-2059.8833
3845,312,-2068,3844.95605,332.521515,-2068.99902
3740,224,-2060,3739.95605,244.527802,-2060.99902
3840,196,-2060,3839.95605,216.508896,-2060.99902
3630,312,-2062,3629.03906,327.547791,-2062.27612
3606,312,-1981,3605.03979,327.547791,-1981.27893
3640,193,-2060,3639.03882,208.530609,-2060.27539
3606,312,-1981,3605.00098,324.239471,-1981.04297
3640,27,-1960,3639.00098,39.277523,-1960.04297
3640,27,-2140,3639.00098,39.277523,-2140.04297
3740,224,-2060,3740.00659,282.672943,-2060.99976
3630,312,-2062,3630.03369,370.670288,-2062.99927
3640,193,-2060,3640.00928,251.761414,-2060.99976
4211,312,-1725,4211.1958,316.604675,-1725.98059
3995,312,-1768,3995.18726,316.606934,-1768.9823
3992,27,-1737,3992.18555,31.6060371,-1737.98254
4211,312,-1725,4211.19092,323.339905,-1725.98157
3992,27,-1737,3992.19531,38.3019333,-1737.98071
4202,27,-1696,4202.17529,38.3065681,-1696.9845
3995,312,-1768,3995.81934,333.549713,-1768.57324
3837,312,-1993,3837.80225,333.51593,-1993.59656
3840,27,-1960,3840.80591,48.5304451,-1960.59155
3995,312,-1768,3995.81372,321.494324,-1768.58093
3840,27,-1960,3840.8208,36.4833641,-1960.57117
3992,27,-1737,3992.80933,36.5183411,-1737.58728
2825,18,-1201,2824.02905,27.3494091,-1201.23926
2873,18,-1401,2872.02612,27.3537254,-1401.22656
2843,303,-1415,2842.02515,312.32724,-1415.22266
2825,18,-1201,2824.02515,30.8875065,-1201.22266
2843,303,-1415,2842.02637,315.921448,-1415.22729
2789,303,-1183,2788.02319,315.903381,-1183.21387
2789,303,-1183,2788.00684,313.549042,-1182.8833
2834,303,-834,2833.00684,313.546967,-833.883301
2872,18,-804,2871.00586,28.5610943,-803.891907
2789,303,-1183,2788.00684,308.285309,-1182.8833
2872,18,-804,2871.00488,23.3338566,-803.901306
2825,18,-1201,2824.00684,23.309761,-1200.8833
3193,303,-1710,3192.35449,313.592773,-1710.76367
2843,303,-1415,2842.35498,313.545013,-1415.76416
2873,18,-1401,2872.35376,28.5755482,-1401.76306
3193,303,-1710,3192.35498,315.860107,-1710.76416
2873,18,-1401,2872.35449,30.8048229,-1401.76367
3214,18,-1688,3213.35498,30.8347931,-1688.76416
4071,0,-540,4071.78467,10.8800364,-539.380127
4339,303,-831,4339.78857,313.93219,-830.385071
4309,0,-845,4309.78076,10.8846493,-844.375183
2936,224,-393,2935.03491,275.090698,-393.261841
2845,224,-80,2844.04077,274.964569,-80.2823944
2847,41,-78,2846.03882,92.033226,-78.2753983
2936,224,-393,2935.08813,228.884979,-393.41037
2847,41,-78,2846.09082,45.8864059,-78.4163055
2990,41,-391,2989.08813,45.8901138,-391.410431
2936,224,-393,2935.01758,228.607605,-393.186615
2990,41,-391,2989.01831,45.6153717,-391.19046
3035,41,-611,3034.01758,45.6075134,-611.18634
2993,303,-636,2992.04077,311.112152,-636.282227
2936,224,-393,2935.03491,232.095856,-393.26181
3035,41,-611,3034.03906,49.095089,-611.276123
2834,303,-834,2833.20728,320.470276,-833.390442
2993,303,-636,2992.21021,320.447784,-635.386658
3035,41,-611,3034.20728,58.3910904,-610.390442
2872,18,-804,2871.2356,40.729351,-803.355286
2834,303,-834,2833.23071,325.732513,-833.361145
3035,41,-611,3034.24805,63.8227081,-610.34082
3857,401,-1177,3856.08862,402.63858,-1176.5885
3842,450,-1140,3841.08496,451.639008,-1139.59668
3869,450,-1081,3868.08496,451.638031,-1080.59668
3857,401,-1177,3856.08862,403.643707,-1176.5885
3869,450,-1081,3868.08496,452.644196,-1080.59668
3895,401,-1094,3894.08862,403.644684,-1093.5885
3842,450,-1140,3841.08887,451.436401,-1139.58789
3818,499,-1084,3817.08887,500.435822,-1083.58789
3829,499,-1060,3828.08862,500.435455,-1059.5885
3842,450,-1140,3841.08887,451.17569,-1139.58789
3829,499,-1060,3828.08496,500.174866,-1059.59668
3869,450,-1081,3868.08887,451.175323,-1080.58789
3778,401,-1221,3777.49609,401.955261,-1220.13635
3785,450,-1172,3784.49609,450.956268,-1171.13635
3842,450,-1140,3841.49609,450.956635,-1139.13635
3778,401,-1221,3777.50977,402.152069,-1220.12842
3842,450,-1140,3841.49609,451.149658,-1139.13635
3857,401,-1177,3856.50977,402.14975,-1176.12842
3615,372,-1153,3615.66797,374.304413,-1152.25586
3621,401,-1149,3621.67896,403.304077,-1148.26587
3688,401,-1211,3688.67798,403.308228,-1210.26501
3603,401,-1060,3603.97949,404.77417,-1059.79858
3621,401,-1149,3621.97827,404.775238,-1148.79297
3615,372,-1153,3615.97827,375.776276,-1152.79297
3720,401,-934,3720.47754,401.854858,-934.878479
3744,450,-965,3744.47949,450.855377,-965.877502
3687,450,-997,3687.48828,450.856171,-997.87262
3720,401,-934,3720.46484,402.897491,-934.885315
3687,450,-997,3687.47949,451.897186,-997.877502
3641,401,-978,3641.47754,402.898285,-978.878601
3810,401,-944,3809.86792,403.339264,-944.991211
3809,450,-973,3808.86792,452.340179,-973.991211
3744,450,-965,3743.87573,452.342224,-965.992249
3810,401,-944,3809.90137,402.538025,-944.995117
3744,450,-965,3743.8833,451.536652,-965.993164
3720,401,-934,3719.88281,402.536255,-934.993103
3809,450,-973,3808.8833,450.632538,-973.993164
3805,499,-1018,3804.8833,499.631622,-1018.99316
3779,499,-1015,3778.88281,499.631927,-1015.9931
3809,450,-973,3808.87549,450.42984,-973.992188
3779,499,-1015,3778.88281,499.429962,-1015.9931
3744,450,-965,3743.875,450.430969,-965.992126
3877,401,-1006,3876.32056,402.610443,-1006.73358
3857,450,-1017,3856.32056,451.610382,-1017.7337
3809,450,-973,3808.32056,451.612213,-973.733643
3877,401,-1006,3876.31958,402.998962,-1006.73267
3809,450,-973,3808.31738,451.997528,-973.730774
3810,401,-944,3809.31738,402.997772,-944.730713
3857,450,-1017,3856.33057,451.99704,-1017.74286
3824,499,-1035,3823.3313,500.997681,-1035.74341
3805,499,-1018,3804.3291,500.996857,-1018.74139
3857,450,-1017,3856.32031,451.642181,-1017.73346
3805,499,-1018,3804.32056,500.641052,-1018.7337
3809,450,-973,3808.31738,451.642395,-973.730774
3895,401,-1094,3894.01562,402.678162,-1094.17554
3869,450,-1081,3868.01465,451.675385,-1081.16931
3857,450,-1017,3856.01562,451.673096,-1017.17566
3895,401,-1094,3894.02148,402.581909,-1094.20569
3857,450,-1017,3856.01831,451.583496,-1017.19043
3877,401,-1006,3876.01758,402.5849,-1006.18567
3869,450,-1081,3868.01855,451.807007,-1081.19141
3829,499,-1060,3828.01758,500.806183,-1060.18604
3824,499,-1035,3823.01636,500.805756,-1035.17969
3869,450,-1081,3868.01758,450.87796,-1081.1864
3824,499,-1035,3823.01343,499.87973,-1035.16309
3857,450,-1017,3856.01562,450.878387,-1017.17517
3762,0,-924,3762.1748,2.54074931,-924.984558
3661,130,-1027,3661.15723,132.53566,-1027.98755
3634,-30,-927,3634.16943,-27.4621658,-927.985535
3762,0,-924,3761.86865,0.543291211,-924.991333
3717,130,-1034,3716.86792,130.544861,-1034.99121
3661,130,-1027,3660.88281,130.544205,-1027.99304
3661,130,-1027,3661.55078,131.8452,-1027.83459
3533,-29,-996,3533.54297,-27.1573753,-996.8396
3634,-30,-927,3634.55078,-28.1569347,-927.834473
3661,130,-1027,3661.59766,131.412735,-1027.80151
3616,130,-1061,3616.58594,131.413193,-1061.81018
3533,-29,-996,3533.60156,-27.5882988,-996.798767
3843,-27,-1165,3842.00098,-25.2316132,-1165.04297
3743,130,-1086,3742.00098,131.764008,-1086.04309
3839,-30,-1030,3838.00098,-28.2343788,-1030.04297
3843,-27,-1165,3842.00195,-25.82201,-1165.06055
3747,130,-1143,3746.00195,131.177124,-1143.06055
3743,130,-1086,3742.00195,131.176651,-1086.0614
3743,130,-1086,3742.0957,131.602859,-1086.42651
3762,0,-924,3761.0957,1.59858,-924.426575
3839,-30,-1030,3838.10669,-28.3991108,-1030.44922
3743,130,-1086,3742.10474,132.008682,-1086.44531
3717,130,-1034,3716.09473,132.009979,-1034.4248
3762,0,-924,3761.09448,2.01232219,-924.424072
3747,130,-1143,3746.00195,136.683777,-1143.06238
3728,281,-1090,3727.00195,287.687378,-1090.06152
3743,130,-1086,3742.00293,136.686203,-1086.07568
3728,281,-1090,3727.03296,286.850098,-1090.25403
3706,281,-1009,3705.03003,286.86441,-1009.24316
3743,130,-1086,3742.03076,135.845444,-1086.24609
3627,-29,-1268,3627.04102,-27.2117138,-1267.00085
3701,130,-1178,3701.04126,131.782822,-1177.00085
3734,-29,-1270,3734.04395,-27.2112236,-1269.00098
3627,-29,-1268,3627.13135,-26.8865852,-1267.00867
3645,130,-1170,3645.13135,132.113739,-1169.00867
3701,130,-1178,3701.14502,132.115112,-1177.01062
3701,130,-1178,3700.30127,132.002441,-1177.28467
3843,-27,-1165,3842.29932,-24.9936352,-1164.28662
3734,-29,-1270,3733.2998,-26.993824,-1269.28613
3701,130,-1178,3700.38013,132.121414,-1177.21533
3747,130,-1143,3746.37524,132.121414,-1142.21924
3843,-27,-1165,3842.38525,-24.8773174,-1164.2113
3645,130,-1170,3645.13135,132.881851,-1169.00867
3661,281,-1108,3661.13135,283.87677,-1107.00867
3701,130,-1178,3701.14575,132.881378,-1177.01074
3661,281,-1108,3660.72949,283.604248,-1107.03735
3728,281,-1090,3727.73633,283.603699,-1089.0354
3701,130,-1178,3700.73633,132.600143,-1177.0354
3728,281,-1090,3727.38525,282.503784,-1089.2113
3747,130,-1143,3746.38525,131.500366,-1142.2113
3701,130,-1178,3700.38037,131.501816,-1177.21521
3533,-29,-996,3533.98535,-27.6345482,-996.169373
3619,130,-1119,3619.98535,131.364227,-1119.16968
3510,-28,-1147,3510.98535,-26.6364174,-1147.1698
3533,-29,-996,3533.99805,-28.1876926,-995.939453
3616,130,-1061,3616.99829,130.804932,-1060.94165
3619,130,-1119,3619.99829,130.803833,-1118.94238
3619,130,-1119,3619.71387,131.255356,-1118.2998
3627,-29,-1268,3627.71484,-27.7446098,-1267.30078
3510,-28,-1147,3510.71411,-26.7392406,-1146.30005
3619,130,-1119,3619.88403,132.248093,-1118.53259
3645,130,-1170,3645.8833,132.247406,-1169.53125
3627,-29,-1268,3627.88354,-26.7474918,-1267.53174
3616,130,-1061,3616.99902,133.691864,-1060.95593
3639,281,-1027,3639.99805,284.685547,-1026.93945
3619,130,-1119,3619.99902,133.694885,-1118.95605
3639,281,-1027,3639.96069,283.29245,-1026.72266
3661,281,-1108,3661.9646,283.293304,-1107.73633
3619,130,-1119,3619.96265,132.291077,-1118.72949
3661,281,-1108,3661.88403,283.226196,-1107.53259
3645,130,-1170,3645.8833,132.225739,-1169.53125
3619,130,-1119,3619.88354,132.224838,-1118.53174
3402,15,-1082,3401.95605,24.7477169,-1082.99902
3422,15,-1082,3421.95605,24.7477169,-1082.99902
3421,62,-1086,3420.95605,71.7416077,-1086.99902
3402,15,-1082,3401.95605,24.7477169,-1082.99902
3421,62,-1086,3420.95605,71.7416077,-1086.99902
3403,62,-1086,3402.95605,71.7416077,-1086.99902
3439,15,-1092,3438.12793,22.7848892,-1092.48901
3449,15,-1109,3448.12793,22.7848892,-1109.48926
3445,62,-1110,3444.14087,69.7932892,-1110.51172
3439,15,-1092,3438.1355,23.3557072,-1092.50244
3445,62,-1110,3444.13525,70.3469315,-1110.5022
3436,62,-1095,3435.13818,70.3497238,-1095.5072
3422,15,-1082,3421.49634,30.876339,-1082.86389
3439,15,-1092,3438.49634,30.8805447,-1092.86389
3436,62,-1095,3435.49219,77.8854218,-1095.86145
3422,15,-1082,3421.47241,25.8284092,-1082.84949
3436,62,-1095,3435.47754,72.8364639,-1095.85266
3421,62,-1086,3420.47754,72.8342743,-1086.85266
3374,15,-1129,3374.99902,28.8069687,-1129.04297
3374,15,-1109,3374.99902,28.8069687,-1109.04297
3379,62,-1110,3379.99902,75.81073,-1110.04297
3374,15,-1129,3374.99902,28.8069687,-1129.04297
3379,62,-1110,3379.99902,75.81073,-1110.04297
3379,62,-1128,3379.99902,75.81073,-1128.04297
3374,15,-1109,3374.84961,20.4301453,-1109.52734
3384,15,-1092,3384.86157,20.4347897,-1092.50757
3388,62,-1095,3388.85498,67.4301605,-1095.51843
3374,15,-1109,3374.86084,27.6700268,-1109.50879
3388,62,-1095,3388.85498,74.6763992,-1095.51855
3379,62,-1110,3379.84888,74.673996,-1110.5282
3384,15,-1092,3384.47803,31.7792168,-1092.8783
3402,15,-1082,3402.47754,31.7763252,-1082.87854
3403,62,-1086,3403.47754,78.7828445,-1086.87842
3384,15,-1092,3384.50684,25.508091,-1092.86194
3403,62,-1086,3403.50342,72.5032349,-1086.86401
3388,62,-1095,3388.50195,72.5032349,-1095.86487
3439,15,-1147,3438.49121,28.8455715,-1146.13916
3422,15,-1157,3421.47241,28.8431778,-1156.15051
3421,62,-1152,3420.48682,75.8408432,-1151.14172
3439,15,-1147,3438.50977,26.6128807,-1146.12842
3421,62,-1152,3420.53125,73.6210251,-1151.1167
3436,62,-1144,3435.51074,73.618187,-1143.12793
3449,15,-1129,3448.1228,24.5555515,-1128.5199
3439,15,-1147,3438.1228,24.5555515,-1146.5199
3436,62,-1144,3435.11938,71.5601196,-1143.52625
3449,15,-1129,3448.1228,25.2968388,-1128.5199
3436,62,-1144,3435.1228,72.3048172,-1143.5199
3445,62,-1128,3444.12305,72.3048172,-1127.51953
3449,15,-1109,3448.00098,28.4870777,-1109.04297
3449,15,-1129,3448.00098,28.4870777,-1129.04297
3445,62,-1128,3444.00098,75.4809647,-1128.04297
3449,15,-1109,3448.00098,28.4870777,-1109.04297
3445,62,-1128,3444.00098,75.4809647,-1128.04297
3445,62,-1110,3444.00098,75.4809647,-1110.04297
3402,15,-1157,3402.48145,29.0931778,-1156.12354
3384,15,-1147,3384.48022,29.0893898,-1146.12292
3388,62,-1144,3388.4812,76.085434,-1143.12341
3402,15,-1157,3402.46826,28.4084663,-1156.11646
3388,62,-1144,3388.46802,75.4029007,-1143.11633
3403,62,-1152,3403.46484,75.4023056,-1151.11462
3384,15,-1147,3384.86792,23.4054623,-1146.5033
3374,15,-1129,3374.86768,23.4054623,-1128.50293
3379,62,-1128,3379.87158,70.4040298,-1127.50977
3384,15,-1147,3384.86353,27.2834263,-1146.49609
3379,62,-1128,3379.86401,74.2834473,-1127.49658
3388,62,-1144,3388.86084,74.2811203,-1143.49121
3422,15,-1157,3421.95605,23.5445786,-1156.00098
3402,15,-1157,3401.95605,23.5445786,-1156.00098
3403,62,-1152,3402.95605,70.5483398,-1151.00098
3422,15,-1157,3421.95605,23.5445786,-1156.00098
3403,62,-1152,3402.95605,70.5483398,-1151.00098
3421,62,-1152,3420.95605,70.5483398,-1151.00098
3424,15,-928,3424.86377,27.9843693,-928.503723
3428,61,-931,3428.86157,73.9846725,-931.507629
3418,61,-948,3418.86084,73.9801254,-948.508728
3424,15,-928,3424.86377,24.0086231,-928.50354
3418,61,-948,3418.85791,70.0142365,-948.513672
3413,15,-947,3413.86353,24.0086231,-947.503906
3443,15,-917,3443.49512,22.9850731,-917.868652
3445,61,-921,3445.48828,68.9906235,-921.87262
3428,61,-931,3428.49512,68.9906235,-931.868713
3443,15,-917,3443.48828,21.803688,-917.872559
3428,61,-931,3428.48633,67.8004456,-931.873596
3424,15,-928,3424.47949,21.803688,-928.877502
3484,15,-928,3483.49609,24.831089,-928.863708
3481,61,-931,3480.49146,70.829689,-931.861023
3464,61,-921,3463.49634,70.831749,-921.863892
3484,15,-928,3483.49634,22.9808064,-928.863892
3464,61,-921,3463.49609,68.9872208,-921.863708
3465,15,-917,3464.49634,22.9808064,-917.863892
3465,15,-917,3464.95605,29.4665184,-917.999023
3464,61,-921,3463.95605,75.4601822,-921.999023
3445,61,-921,3444.95605,75.4601822,-921.999023
3465,15,-917,3464.95605,29.4665184,-917.999023
3445,61,-921,3444.95605,75.4601822,-921.999023
3443,15,-917,3442.95605,29.4665184,-917.999023
3413,15,-969,3413.84961,28.3612652,-968.472595
3418,61,-968,3418.84229,74.3551331,-967.460999
3428,61,-984,3428.84424,74.3551331,-983.46405
3413,15,-969,3413.85791,24.6283226,-968.486328
3428,61,-984,3428.86084,70.6300201,-983.491211
3424,15,-988,3424.86157,24.6283226,-987.492371
3413,15,-947,3413.99902,27.7110996,-947.042969
3418,61,-948,3418.99902,73.7080002,-948.042969
3418,61,-968,3418.99902,73.7080002,-968.042969
3413,15,-947,3413.99902,27.7110996,-947.042969
3418,61,-968,3418.99902,73.7080002,-968.042969
3413,15,-969,3413.99902,27.7110996,-969.042969
3424,15,-988,3424.5022,27.3474751,-987.135254
3428,61,-984,3428.50195,73.3491669,-983.135132
3445,61,-994,3445.50269,73.3496857,-993.135559
3424,15,-988,3424.50195,23.8449364,-987.135132
3445,61,-994,3445.49512,69.8419418,-993.131226
3443,15,-999,3443.50195,23.8428154,-998.135132
3443,15,-999,3442.95605,26.3437309,-998.000977
3445,61,-994,3444.95605,72.3406296,-993.000977
3464,61,-994,3463.95605,72.3406296,-993.000977
3443,15,-999,3442.95605,26.3437309,-998.000977
3464,61,-994,3463.95605,72.3406296,-993.000977
3465,15,-999,3464.95605,26.3437309,-998.000977
3495,15,-947,3494.13843,23.3323841,-947.507324
3491,61,-948,3490.13525,69.3274155,-948.501953
3481,61,-931,3480.1355,69.3302689,-931.502502
3495,15,-947,3494.12305,21.8625145,-947.480408
3481,61,-931,3480.12793,67.8535461,-931.489197
3484,15,-928,3483.13159,21.8625145,-928.49585
3465,15,-999,3464.48633,22.71912,-998.142029
3464,61,-994,3463.47656,68.7224045,-993.147949
3481,61,-984,3480.48145,68.7224045,-983.144958
3465,15,-999,3464.49609,21.5602055,-998.136292
3481,61,-984,3480.49121,67.5610733,-983.13916
3484,15,-988,3483.49609,21.5602055,-987.136292
3484,15,-988,3483.1499,26.0542736,-987.473389
3481,61,-984,3480.1416,72.0583191,-983.487061
3491,61,-968,3490.14697,72.0583191,-967.478149
3484,15,-988,3483.13184,32.0843697,-987.503723
3491,61,-968,3490.13574,78.0886536,-967.497009
3495,15,-969,3494.1355,32.0843697,-968.497375
3495,15,-969,3494.00098,24.4078503,-969.042969
3491,61,-968,3490.00098,70.4001083,-968.042969
3491,61,-948,3490.00098,70.4001083,-948.042969
3495,15,-969,3494.00098,24.4078503,-969.042969
3491,61,-948,3490.00098,70.4001083,-948.042969
3495,15,-947,3494.00098,24.4078503,-947.042969
3421,62,-1086,3420.95605,62.8884201,-1085.00098
3412,20,-1119,3411.95605,20.8885155,-1118.00098
3403,62,-1086,3402.95605,62.8884201,-1085.00098
3403,62,-1086,3402.47192,63.3542519,-1085.15088
3412,20,-1119,3411.46875,21.3548412,-1118.15283
3388,62,-1095,3387.46387,63.3538551,-1094.15588
3436,62,-1095,3436.5127,63.2943039,-1094.14148
3412,20,-1119,3412.52222,21.2951908,-1118.14722
3421,62,-1086,3421.50293,63.2944031,-1085.13574
3445,62,-1110,3445.85522,63.4258728,-1109.48181
3412,20,-1119,3412.84888,21.4264622,-1118.47168
3436,62,-1095,3436.84961,63.4256744,-1094.47266
3403,62,-1152,3402.95605,62.5007629,-1152.99902
3412,20,-1119,3411.95605,20.5008564,-1119.99902
3421,62,-1152,3420.95605,62.5007629,-1152.99902
3421,62,-1152,3421.45898,63.4468575,-1152.88831
3412,20,-1119,3412.46826,21.4474487,-1119.88354
3436,62,-1144,3436.46094,63.4468575,-1144.88733
3445,62,-1128,3445.99902,62.5130119,-1128.04297
3412,20,-1119,3412.99902,20.5131073,-1119.04297
3445,62,-1110,3445.99902,62.5130119,-1110.04297
3436,62,-1144,3436.86792,62.8455467,-1144.49658
3412,20,-1119,3412.86377,20.8454494,-1119.50366
3445,62,-1128,3445.86401,62.8455467,-1128.50342
3379,62,-1128,3378.1228,64.0122299,-1128.4801
3412,20,-1119,3411.12256,22.0121307,-1119.47961
3388,62,-1144,3387.12256,64.0118332,-1144.47961
3388,62,-1144,3387.51855,63.8987236,-1144.87646
3412,20,-1119,3411.53174,21.8992195,-1119.88354
3403,62,-1152,3402.53125,63.898922,-1152.8833
3379,62,-1110,3378.00098,62.8761711,-1110.04297
3412,20,-1119,3411.00098,20.8762646,-1119.04297
3379,62,-1128,3378.00098,62.8761711,-1128.04297
3388,62,-1095,3387.13525,63.4128151,-1094.4978
3412,20,-1119,3411.13574,21.4137993,-1118.49707
3379,62,-1110,3378.13525,63.4128151,-1109.4978
3428,61,-931,3427.12793,62.6167259,-930.51062
3454,18,-958,3453.12793,19.6172295,-957.51062
3418,61,-948,3417.13135,62.6167259,-947.504639
3418,61,-948,3417.00098,62.3508568,-948.042969
3454,18,-958,3453.00098,19.3505554,-958.042969
3418,61,-968,3417.00098,62.3508568,-968.042969
3445,61,-921,3444.49121,61.7871552,-920.13916
3454,18,-958,3453.48145,18.7865334,-957.144958
3428,61,-931,3427.47656,61.7867775,-930.147949
3464,61,-921,3463.95508,62.2806168,-920.001038
3454,18,-958,3453.95508,19.2801533,-957.001038
3445,61,-921,3444.95508,62.2806168,-920.001038
3481,61,-984,3481.84912,62.3513718,-984.527954
3454,18,-958,3454.83838,19.3515549,-958.544556
3491,61,-968,3491.84521,62.3517494,-968.534424
3491,61,-968,3491.99902,62.8612671,-968.042969
3454,18,-958,3454.99878,19.8605213,-958.042969
3491,61,-948,3491.99902,62.8612671,-948.042969
3481,61,-931,3481.50195,62.3896866,-930.135132
3454,18,-958,3454.50195,19.3886108,-957.135132
3464,61,-921,3464.50684,62.3894997,-920.138
3491,61,-948,3491.85254,61.5575562,-947.477356
3454,18,-958,3454.86377,18.5568562,-957.496155
3481,61,-931,3481.86084,61.55793,-930.491211
3445,61,-994,3444.95605,62.1762886,-994.999023
3454,18,-958,3453.95605,19.1761761,-958.999023
3464,61,-994,3463.95605,62.1762886,-994.999023
3464,61,-994,3464.49512,62.3376503,-994.868713
3454,18,-958,3454.49512,19.3381538,-958.868713
3481,61,-984,3481.50684,62.3376503,-984.861877
3428,61,-984,3427.48828,61.5466805,-984.859131
3454,18,-958,3453.4978,18.5452633,-958.864746
3445,61,-994,3444.49194,61.5468712,-994.861267
3418,61,-968,3417.15039,62.7417297,-968.527344
3454,18,-958,3453.1499,19.7423286,-958.526489
3428,61,-984,3427.14722,62.7417297,-984.522034
4039,15,-1038,4038.18018,33.267765,-1037.42749
4023,70,-1053,4022.18066,88.2644119,-1052.42676
4034,70,-1038,4033.18994,88.2644119,-1037.4137
4039,15,-1038,4038.13184,21.9972324,-1037.50378
4031,15,-1052,4030.12305,21.9972324,-1051.51953
4023,70,-1053,4022.13525,77.0039368,-1052.4978
4039,15,-1020,4038.00098,29.1059532,-1020.04297
4039,15,-1038,4038.00098,29.1059532,-1038.04297
4034,70,-1020,4033.00098,84.0985413,-1020.04297
4039,15,-1038,4038.00098,29.1059532,-1038.04297
4034,70,-1038,4033.00098,84.0985413,-1038.04297
4034,70,-1020,4033.00098,84.0985413,-1020.04297
3975,15,-1038,3975.99902,28.1296654,-1038.04297
3975,15,-1020,3975.99902,28.1296654,-1020.04297
3979,69,-1038,3979.99902,82.118927,-1038.04297
3975,15,-1020,3975.99902,28.1296654,-1020.04297
3979,69,-1020,3979.99902,82.118927,-1020.04297
3979,69,-1038,3979.99902,82.118927,-1038.04297
3999,15,-997,3999.26196,27.4186115,-997.965027
4006,69,-1001,4006.26172,81.4163971,-1001.96503
3989,69,-1006,3989.27539,81.4163971,-1006.96118
3999,15,-997,3998.95605,30.559166,-997.999023
4016,15,-997,4015.95605,30.559166,-997.999023
4006,69,-1001,4005.95605,84.5484314,-1001.99902
3984,15,-1005,3984.45898,26.9787693,-1005.88818
3999,15,-997,3999.4668,26.9828491,-997.884338
3989,69,-1006,3989.46094,80.968956,-1006.88721
3975,15,-1020,3975.81396,24.6523914,-1020.58081
3989,69,-1006,3989.80908,78.6345139,-1006.58752
3979,69,-1020,3979.81934,78.6385727,-1020.57324
3975,15,-1020,3975.85498,20.83465,-1020.51843
3984,15,-1005,3984.85205,20.83465,-1005.52319
3989,69,-1006,3989.85791,74.8426514,-1006.51361
4031,15,-1052,4030.4834,37.1753387,-1051.1438
4016,15,-1061,4015.47168,37.1712112,-1060.151
4023,70,-1053,4022.47168,92.1664352,-1052.151
4016,15,-1061,4015.70605,23.7575626,-1060.04419
4006,69,-1058,4005.70605,77.7518082,-1057.04419
4023,70,-1053,4022.70605,78.7514877,-1052.04419
4016,15,-1061,4015.95605,29.1366253,-1060.00098
3999,15,-1061,3998.95605,29.1366253,-1060.00098
4006,69,-1058,4005.95605,83.1239777,-1057.00098
3999,15,-1061,3999.28345,23.5178623,-1060.04102
3989,69,-1053,3989.2832,77.5168991,-1052.04102
4006,69,-1058,4006.28296,77.5203018,-1057.04089
3999,15,-1061,3999.5166,34.6989403,-1060.1438
3984,15,-1052,3984.5022,34.6950951,-1051.13525
3989,69,-1053,3989.5,88.6972961,-1052.13403
3984,15,-1052,3984.82935,33.95224,-1051.44141
3979,69,-1038,3979.82959,87.9496765,-1037.44165
3989,69,-1053,3989.83398,87.9533386,-1052.44824
3984,15,-1052,3984.83325,32.7448273,-1051.44727
3975,15,-1038,3975.83203,32.7448273,-1037.44531
3979,69,-1038,3979.83447,86.7412186,-1037.44897
4023,70,-1006,4022.53149,83.4530487,-1006.88342
4016,15,-997,4015.53125,28.4594421,-997.883301
4031,15,-1005,4030.51953,28.4579926,-1005.87695
4023,70,-1006,4022.71655,79.0443649,-1006.95898
4006,69,-1001,4005.7168,78.0438995,-1001.95905
4016,15,-997,4015.72412,24.0495682,-997.961182
4031,15,-1005,4030.20776,25.4017715,-1005.61005
4034,70,-1020,4033.21094,80.3971558,-1020.61426
4023,70,-1006,4022.21045,80.3971558,-1006.61365
4031,15,-1005,4030.11279,26.2037792,-1005.4613
4039,15,-1020,4038.11426,26.2037792,-1020.46411
4034,70,-1020,4033.11572,81.2005692,-1020.4668
3589,101,-1824,3588.67578,109.024239,-1823.05408
3598,145,-1815,3597.68188,153.021973,-1814.052
3620,145,-1808,3619.67676,153.023819,-1807.05371
3589,101,-1824,3588.67578,105.905174,-1823.05408
3620,145,-1808,3619.66211,149.905838,-1807.05884
3631,101,-1810,3630.67578,105.909195,-1809.05408
3585,65,-1829,3584.67896,77.7507172,-1828.05298
3589,101,-1824,3588.65942,113.753433,-1823.05981
3631,101,-1810,3630.67676,113.750893,-1809.05371
3585,65,-1829,3584.66211,78.1901855,-1828.05884
3631,101,-1810,3630.65942,114.183014,-1809.05981
3637,65,-1811,3636.67578,78.1841202,-1810.05408
3631,101,-1810,3630.30176,109.113945,-1810.71582
3620,145,-1808,3619.28638,153.117722,-1808.70044
3605,145,-1793,3604.2832,153.117722,-1793.69727
3631,101,-1810,3630.30176,109.113945,-1810.71582
3605,145,-1793,3604.2832,153.117722,-1793.69727
3602,101,-1781,3601.28931,109.113945,-1781.70349
3637,65,-1811,3636.2832,71.5182724,-1811.69714
3631,101,-1810,3630.28345,107.514671,-1810.69751
3602,101,-1781,3601.28296,107.514671,-1781.69702
3637,65,-1811,3636.2832,71.5182724,-1811.69714
3602,101,-1781,3601.28296,107.514671,-1781.69702
3601,65,-1775,3600.28442,71.5182724,-1775.69849
3605,145,-1793,3605.9541,157.519836,-1793.29944
3615,280,-1802,3615.95581,292.501099,-1802.29382
3612,280,-1812,3612.95093,292.501099,-1812.30933
3605,145,-1793,3605.94995,154.463165,-1793.31226
3612,280,-1812,3612.95093,289.444733,-1812.30933
3598,145,-1815,3598.95117,154.463165,-1815.30859
3602,101,-1781,3602.94702,108.430367,-1781.32092
3605,145,-1793,3605.94897,152.426514,-1793.31506
3598,145,-1815,3598.95093,152.42485,-1815.3092
3602,101,-1781,3602.94995,109.00592,-1781.31226
3598,145,-1815,3598.95581,153.003677,-1815.29346
3589,101,-1824,3589.95386,109.00592,-1824.29968
3601,65,-1775,3601.95093,74.9850311,-1775.30908
3602,101,-1781,3602.95581,110.985565,-1781.29382
3589,101,-1824,3589.95874,110.982292,-1824.28381
3601,65,-1775,3601.95874,74.2339401,-1775.28394
3589,101,-1824,3589.95581,110.238312,-1824.29358
3585,65,-1829,3585.95874,74.2412338,-1829.28394
