2473,161,2049,2472.46143,168.29068,2048.15747
2692,325,1888,2691.46387,332.31015,1887.15588
2382,297,2088,2381.46387,304.28653,2087.15601
2034,624,2106,2033.67883,627.699524,2105.05298
2165,258,2183,2164.65942,261.691254,2182.05981
2269,291,2136,2268.65942,294.687408,2135.05981
2515,601,1958,2514.68481,603.835693,1957.05103
2034,624,2106,2033.67603,626.84198,2105.05396
2269,291,2136,2268.68481,293.855713,2135.05103
2515,601,1958,2514.62109,604.462463,1957.07458
2269,291,2136,2268.62622,294.444855,2135.07251
2382,297,2088,2381.60986,300.445496,2087.07935
2034,624,2106,2033.08228,627.919312,2106.39722
2167,325,2228,2166.08496,328.933472,2228.40332
2165,258,2183,2164.08472,261.933319,2183.40259
2141,325,2439,2140.2832,326.196472,2438.30273
2008,624,2317,2007.28235,625.203125,2316.30371
1632,624,2703,1631.28235,625.188477,2702.30371
2141,325,2439,2140.16943,326.141266,2438.44312
1632,624,2703,1631.16589,625.162598,2702.44849
1915,325,2769,1914.16931,326.151428,2768.44336
1915,325,2769,1914.59619,325.663757,2768.08521
1632,624,2703,1631.60278,624.665466,2702.08228
894,646,3002,893.593933,646.677063,3001.08618
1348,325,3153,1347.04858,326.888702,3152.69214
1012,601,3483,1011.04852,602.888672,3482.69238
1243,325,3467,1242.04858,326.889893,3466.69214
1243,325,3467,1242.00488,325.398865,3466.90137
1012,601,3483,1011.00482,601.397888,3482.9021
991,601,3712,990.003845,601.393372,3711.9126
1243,325,3467,1242.00098,326.466156,3467.04224
991,601,3712,990.000977,602.465393,3712.04346
1246,325,3689,1245.00085,326.465881,3689.04126
1246,325,3689,1245.00488,325.413971,3689.09863
991,601,3712,990.004822,601.408569,3712.09766
1024,601,4030,1023.00488,601.41333,4030.09839
1246,325,3689,1245.00391,325.740387,3689.08716
1024,601,4030,1023.00488,601.75116,4030.09863
1264,325,3888,1263.00391,325.743835,3888.08789
1264,325,3888,1263.01758,326.00058,3888.18652
1024,601,4030,1023.01746,602.002991,4030.18579
1103,631,4578,1102.01758,632.010925,4578.18652
1264,325,3888,1263.00098,325.884155,3888.04346
1103,631,4578,1102.00098,631.867371,4578.04346
1306,275,4349,1305.00085,275.872925,4349.04102
1306,275,4349,1305.83533,275.943756,4349.98633
1103,631,4578,1102.84119,631.940002,4578.9873
2102,477,4624,2101.82397,477.944672,4624.98438
1306,275,4349,1305.87537,276.611633,4349.99219
2102,477,4624,2101.87549,478.604828,4624.99219
1999,209,4371,1998.87537,210.61319,4371.99219
2572,373,4355,2572.84961,374.48175,4355.52734
2934,460,3914,2934.84937,461.482819,3914.52759
2831,230,3661,2831.84424,231.48204,3661.53589
3776,536,2590,3776.78833,538.737854,2589.38477
3365,580,2025,3365.78833,582.76532,2024.38477
3284,259,2104,3284.78906,261.772247,2103.38574
3776,536,2590,3776.90991,536.58136,2589.58521
3284,259,2104,3284.91113,259.572998,2103.58789
3528,282,2601,3528.91016,282.575439,2600.58594
3406,190,3206,3406.99829,191.696167,3206.05835
3776,536,2590,3776.99805,537.677979,2590.05786
3528,282,2601,3528.99707,283.682678,2601.07056
3284,259,2104,3284.17529,261.823242,2103.01562
3365,580,2025,3365.16309,582.835632,2024.01343
2692,646,1888,2692.15723,648.810547,1887.01245
2692,325,1888,2691.46094,329.588409,1887.15784
2515,601,1958,2514.46387,605.613647,1957.15588
2382,297,2088,2381.46094,301.586365,2087.15796
2167,325,2228,2166.00586,326.537933,2227.89209
2034,624,2106,2033.00586,625.537354,2105.89209
2008,624,2317,2007.00671,625.531799,2316.88452
2167,325,2228,2166.00586,326.537933,2227.89209
2008,624,2317,2007.00671,625.531799,2316.88452
2141,325,2439,2140.00488,326.53241,2438.90137
-1155,576,407,-1155.96863,578.501343,407.248291
-1074,589,749,-1074.97046,591.49646,749.240967
-924,237,572,-924.969666,239.510788,572.244385
1912,273,1745,1911.23547,275.441711,1745.64453
1820,646,1872,1819.24719,648.438232,1872.6582
2034,624,2106,2033.23547,626.426331,2106.64453
1632,646,1658,1631.2478,648.27179,1658.65894
1820,646,1872,1819.24805,648.259888,1872.65918
1912,273,1745,1911.24719,275.270508,1745.6582
1589,325,1145,1588.16541,326.580017,1145.55078
1363,646,1253,1362.16553,647.571411,1253.55103
1632,646,1658,1631.16553,647.571411,1658.55103
1394,325,849,1393.16541,326.640961,849.550781
1204,646,1011,1203.16565,647.646912,1011.55121
1363,646,1253,1362.16553,647.651245,1253.55103
1394,325,849,1393.16553,325.893646,849.551025
1363,646,1253,1362.16541,646.899902,1253.55078
1589,325,1145,1588.1676,325.893463,1145.55408
780,325,945,780.196045,326.582977,945.980591
679,646,1120,679.205383,647.576355,1120.97864
1204,646,1011,1204.20544,647.582397,1011.97864
780,325,945,780.152161,326.77063,945.988342
1204,646,1011,1204.15137,647.769836,1011.98834
1394,325,849,1394.15137,326.775818,849.988464
513,325,941,512.955872,327.611664,941.999023
461,646,1117,460.955841,648.620911,1117.99902
679,646,1120,678.955872,648.620911,1120.99902
513,325,941,512.955872,327.18277,941.999023
679,646,1120,678.955872,648.18811,1120.99902
780,325,945,779.955078,327.184662,945.998962
2554,304,1705,2554.04102,314.849609,1705.99915
2428,426,1722,2428.04321,436.848938,1722.99902
2707,499,1719,2707.04395,509.859802,1719.99902
2554,304,1705,2554.89648,305.208466,1705.44287
2707,499,1719,2707.88916,500.208252,1719.45703
2886,499,1355,2886.88843,500.204529,1355.45874
2554,304,1705,2554.8833,306.051544,1705.46851
2886,499,1355,2886.88452,501.049805,1355.46643
2734,304,1342,2734.88647,306.050293,1342.46265
-489,601,1055,-489.262238,602.983337,1055.96497
-211,601,1129,-211.26181,602.981689,1129.96509
-91,310,957,-91.2614365,311.973938,957.965149
-1074,589,749,-1074.06104,591.608704,749.998108
-672,426,688,-672.061279,428.593292,688.998108
-924,237,572,-924.061279,239.59761,572.998108
-211,601,1129,-211.180786,602.985657,1129.98352
188,646,1237,187.803329,647.989746,1237.98047
-91,310,957,-91.20047,311.981934,957.979675
188,646,1237,188.041321,647.536316,1237.99915
513,325,941,513.042419,326.531525,941.999084
-91,310,957,-90.957222,311.53952,957.999084
-1087,0,-132,-1087.99121,8.72739315,-132.132233
-1138,620,-154,-1138.99109,628.626221,-154.132462
-1121,-40,137,-1121.99109,-31.2699699,136.867096
-1138,620,-154,-1138.99219,629.522156,-154.124695
-1155,-40,407,-1155.99316,-30.5229874,406.883301
-1121,-40,137,-1121.99109,-30.4850235,136.867096
-1087,0,-132,-1087.94604,14.1113701,-132.32399
-945,38,-551,-945.948914,52.2060356,-551.315369
-981,432,-530,-981.948914,446.215302,-530.315369
-1087,0,-132,-1087.94202,11.7421074,-132.335327
-981,432,-530,-981.940125,443.62619,-530.340698
-1138,620,-154,-1138.93616,631.665649,-154.35144
-853,38,-894,-853.964539,47.9114037,-894.26355
-981,432,-530,-981.964844,441.89035,-530.262817
-945,38,-551,-945.969482,47.9590797,-551.245056
188,646,1237,188.40921,647.165894,1237.91235
461,646,1117,461.388855,647.154907,1117.92126
513,325,941,513.402344,326.154449,941.915466
2037,-40,1126,2036.23572,-34.2644882,1125.35522
1995,254,1134,1994.23547,259.776123,1133.35547
1624,254,1563,1623.24146,259.74353,1562.34839
1525,-40,1048,1524.8678,-27.1633205,1048.99121
1560,254,1080,1559.87537,266.796173,1080.99219
1995,254,1134,1994.8833,266.827057,1134.99316
1525,-40,1048,1524.84668,-11.9403296,1048.98816
1995,254,1134,1994.84668,282.002747,1134.98816
2037,-40,1126,2036.84668,-11.9138327,1126.98816
2273,-40,1310,2273.86401,-31.0248375,1309.49658
2554,304,1705,2554.85547,312.985077,1704.48218
2310,250,1304,2310.84961,258.990295,1303.47266
1631,0,-280,1630.29797,21.7106514,-280.712128
1668,254,-334,1667.2981,275.787445,-334.71225
1247,180,93,1246.29199,201.762375,92.2938004
715,-40,1038,715.991089,-23.5954723,1038.13269
746,254,1004,746.991211,270.375824,1004.13226
801,254,568,801.991211,270.432251,568.132263
715,-40,1038,715.988342,-28.2600594,1038.15222
801,254,568,801.988159,265.667542,568.153076
792,-40,527,792.988159,-28.2564678,527.153137
2550,-40,745,2550.42407,-21.2030849,744.094421
2587,253,750,2587.42432,271.909271,749.094543
2098,279,514,2098.42505,297.756836,513.094849
792,-40,527,791.675842,-28.2713032,527.945984
801,254,568,800.676697,265.706512,568.946289
1070,254,660,1069.67615,265.748322,660.946106
792,-40,527,791.621216,-18.5412769,527.925476
1070,254,660,1069.62195,275.404724,660.925781
1066,-40,640,1065.62183,-18.531744,640.92572
1070,254,660,1069.07874,355.116272,660.388855
1171,-40,884,1170.07874,61.540493,884.388916
1066,-40,640,1065.07874,61.3879585,640.388855
2587,253,750,2587.90527,265.373016,750.424805
2550,-40,745,2550.89062,-27.6177673,745.45459
2273,-40,1310,2273.90112,-27.6421757,1310.43311
2587,253,750,2587.88452,259.349792,750.46637
2273,-40,1310,2273.88354,-33.6111412,1310.46826
2310,250,1304,2310.88745,256.352509,1304.46045
2244,282,-51,2244.12549,296.06604,-51.9920921
2022,282,-79,2022.125,296.070892,-79.9921417
2014,41,-57,2014.125,55.0721054,-57.9921265
2244,282,-51,2244.125,289.476593,-51.9921341
2014,41,-57,2014.125,48.4668312,-57.9921379
2263,41,-27,2263.125,48.4795074,-27.9921551
2403,282,-259,2402.19971,289.113068,-259.599518
2244,282,-51,2243.19971,289.082092,-51.599556
2263,41,-27,2262.2063,48.0914421,-27.6082153
2403,282,-259,2402.14771,396.25528,-259.523041
2263,41,-27,2262.14551,154.658386,-27.5194073
2405,41,-257,2404.14697,155.118256,-257.52179
2014,41,-57,2014.58105,49.7369843,-57.8137779
2022,282,-79,2022.58789,290.766449,-79.8088531
1668,254,-334,1668.58301,262.819855,-334.812378
2014,41,-57,2014.51221,45.0358467,-57.85886
1668,254,-334,1668.51843,258.050903,-334.855103
1631,0,-280,1631.51758,4.05374527,-280.855499
2098,279,514,2098.9646,300.314209,514.26355
2174,220,219,2174.96167,241.359329,219.273544
2163,20,211,2163.96558,41.3731346,211.25975
2098,279,514,2098.95093,288.33252,514.309265
2163,20,211,2163.94897,29.375103,211.31485
2070,0,496,2070.95093,9.36504745,496.30899
2174,220,219,2174.33789,263.239166,219.941147
2355,222,156,2355.33521,265.331787,156.942123
2351,31,153,2351.33789,74.4415512,153.941162
2174,220,219,2174.30273,239.515381,219.953049
2351,31,153,2351.28418,50.5217094,153.958771
2163,20,211,2163.30347,39.4990768,211.952835
2355,222,156,2355.82178,271.319611,156.569672
2489,41,-49,2489.82422,90.2236176,-48.4337311
2351,31,153,2351.82642,80.408287,153.562988
1260,80,3861,1259.77612,82.1151657,3860.02539
1406,112,3807,1405.77612,114.113747,3806.02539
1356,121,3812,1355.78418,123.113808,3811.02368
1253,80,3781,1253.07617,81.4568863,3781.99683
1256,121,3821,1256.0741,122.456245,3821.99707
1356,121,3812,1356.07495,122.457993,3812.99707
1235,80,3582,1234.77612,81.496933,3581.02539
1380,112,3528,1379.77612,113.501259,3527.02539
1330,121,3533,1329.78479,122.49971,3532.02344
1387,80,3488,1387.06128,81.5347443,3488.99805
1227,80,3502,1227.07385,81.5343933,3502.99707
1330,121,3533,1330.07458,122.535202,3533.99707
-309,80,856,-309.9534,81.3466873,855.698303
-283,112,703,-283.953369,113.346916,702.698242
-304,121,748,-304.953369,122.346748,747.698242
-315,80,677,-314.091125,80.4504166,677.417053
-382,80,823,-381.091736,80.4516449,823.418396
-304,121,748,-303.091461,121.450851,748.417786
-382,80,823,-381.091095,81.282074,823.416992
-346,121,839,-345.091095,122.281815,839.416992
-304,121,748,-303.091095,122.281197,748.416992
-563,80,739,-563.950989,82.1661835,738.690796
-537,112,586,-537.950867,114.166359,585.69043
-558,121,631,-558.950867,123.166245,630.69043
-569,80,560,-568.09436,81.2290573,560.424011
-636,80,705,-635.094604,81.228447,705.424561
-558,121,631,-557.094543,122.230156,631.424438
-636,80,705,-635.094543,80.9133911,705.424438
-600,121,722,-599.094666,121.914307,722.424683
-558,121,631,-557.094543,121.916458,631.424438
2188,175,3726,2188.73438,178.303619,3726.67871
2219,295,3732,2219.75098,298.295532,3732.66016
2273,295,3671,2273.74146,298.296661,3671.67065
2188,175,3726,2188.75122,180.710327,3726.65991
2273,295,3671,2273.7334,300.709961,3671.67969
2263,175,3641,2263.73438,180.716919,3641.67871
2263,175,3641,2262.79297,179.223465,3641.97827
2273,295,3671,2272.78418,299.216522,3671.97632
2352,295,3687,2351.79858,299.215424,3687.97949
2263,175,3641,2262.77612,179.62558,3641.97461
2352,295,3687,2351.78418,299.624146,3687.97632
2373,175,3664,2372.78418,179.62558,3664.97632
2373,175,3664,2372.05273,178.538849,3664.32031
2352,295,3687,2351.05054,298.54126,3687.31348
2378,295,3764,2377.05249,298.537384,3764.31958
2373,175,3664,2372.04858,180.552094,3664.30786
2378,295,3764,2377.0498,300.541779,3764.31152
2409,175,3771,2408.05371,180.547104,3771.32324
2409,175,3771,2408.23608,177.28833,3770.35474
2378,295,3764,2377.2478,297.291138,3763.34106
2324,295,3825,2323.24146,297.286835,3824.34839
2409,175,3771,2408.24756,179.048218,3770.34155
2324,295,3825,2323.2356,299.04892,3824.35547
2334,175,3855,2333.24146,179.048218,3854.34839
2334,175,3855,2334.2002,180.895981,3854.02026
2324,295,3825,2324.18652,300.889038,3824.01758
2245,295,3809,2245.18457,300.886841,3808.01733
2334,175,3855,2334.18579,180.055389,3854.01758
2245,295,3809,2245.18457,300.052826,3808.01733
2224,175,3833,2224.18604,180.055389,3832.01758
2224,175,3833,2224.94604,180.863922,3832.67603
2245,295,3809,2245.948,300.864075,3808.68188
2219,295,3732,2219.948,300.860809,3731.68188
2224,175,3833,2224.94702,180.547623,3832.67896
2219,295,3732,2219.94604,300.547241,3731.67603
2188,175,3726,2188.94702,180.542709,3725.67896
2859,140,3141,2859.73218,142.872528,3141.68091
2890,260,3148,2890.73169,262.873199,3148.6814
2944,260,3087,2944.73169,262.868866,3087.6814
2859,140,3141,2859.75098,144.611145,3141.66016
2944,260,3087,2944.73364,264.614044,3087.67944
2934,140,3057,2934.73267,144.611145,3057.68042
2934,140,3057,2933.79395,143.996704,3057.97852
2944,260,3087,2943.79297,263.989746,3087.97827
3023,260,3103,3022.81348,263.988647,3103.98242
2934,140,3057,2933.79297,143.317108,3057.97827
3023,260,3103,3022.78491,263.314545,3103.97656
3044,140,3080,3043.79297,143.315979,3080.97827
3044,140,3080,3043.05054,146.330383,3080.31372
3023,260,3103,3022.05151,266.333313,3103.31665
3049,260,3180,3048.0498,266.328918,3180.31152
3044,140,3080,3043.04956,141.912384,3080.31079
3049,260,3180,3048.05249,261.907623,3180.31934
3080,140,3186,3079.04858,141.90361,3186.30762
3080,140,3186,3079.23145,145.924561,3185.36035
3049,260,3180,3048.24731,265.917572,3179.3418
2995,260,3241,2994.2356,265.917572,3240.35547
3080,140,3186,3079.24805,143.969238,3185.34082
2995,260,3241,2994.23096,263.968872,3240.36084
3005,140,3271,3004.23145,143.97583,3270.36035
3005,140,3271,3005.20557,144.294815,3270.02148
2995,260,3241,2995.19043,264.287872,3240.01831
2916,260,3225,2916.19531,264.286774,3224.01929
3005,140,3271,3005.19043,144.232956,3270.01831
2916,260,3225,2916.19116,264.231537,3224.01855
2895,140,3248,2895.19116,144.232956,3247.01855
2895,140,3248,2895.94702,146.605972,3247.67896
2916,260,3225,2916.94604,266.608917,3224.67603
2890,260,3148,2890.94702,266.604492,3147.67896
2895,140,3248,2895.94604,145.207016,3247.67603
2890,260,3148,2890.94604,265.196716,3147.67603
2859,140,3141,2859.94702,145.201492,3140.67896
-409,193,-707,-409.201721,199.299469,-707.979431
-396,342,-729,-396.200531,348.292511,-729.979675
-406,342,-727,-406.200562,348.291565,-727.979675
-409,193,-707,-408.437042,197.33754,-707.826477
-406,342,-727,-405.437042,346.332733,-727.826477
-428,193,-720,-427.437042,197.33905,-720.826477
-428,193,-720,-427.047302,200.8069,-720.303894
-406,342,-727,-405.047455,349.799957,-727.304382
-409,342,-736,-408.047363,349.800537,-736.304077
-410,140,-692,-409.437042,142.759735,-692.826477
-409,193,-707,-408.437317,195.7621,-707.82666
-428,193,-720,-427.437134,195.761841,-720.826538
-410,140,-692,-409.47348,143.784485,-692.850159
-428,193,-720,-427.473267,196.78537,-720.849976
-448,140,-716,-447.473389,143.786392,-716.850098
-407,97,-686,-406.473297,105.408768,-686.850037
-410,140,-692,-409.474274,148.413895,-692.850647
-448,140,-716,-447.473297,148.405182,-716.850037
-407,97,-686,-406.437408,110.820145,-686.826721
-448,140,-716,-447.438202,153.806137,-716.827271
-453,97,-717,-452.440033,110.810791,-717.828491
-448,140,-716,-447.525635,148.13591,-715.11969
-428,193,-720,-427.504486,201.137177,-719.131409
-410,193,-730,-409.526062,201.137177,-729.119446
-448,140,-716,-447.48999,145.316406,-715.139832
-410,193,-730,-409.494415,198.317337,-729.137268
-412,140,-737,-411.48999,145.316406,-736.139832
-453,97,-717,-452.504486,115.220612,-716.131409
-448,140,-716,-447.499481,158.221634,-715.134277
-412,140,-737,-411.48938,158.216187,-736.140198
-453,97,-717,-452.5047,115.802803,-716.131287
-412,140,-737,-411.504913,158.790939,-736.131165
-409,97,-742,-408.5047,115.800049,-741.131287
-409,97,-742,-409.998993,115.098694,-741.955139
-412,140,-737,-412.998993,158.101059,-736.955139
-410,140,-692,-410.998962,158.104736,-691.955078
-409,97,-742,-409.998993,115.474976,-741.955139
-410,140,-692,-410.998993,158.473663,-691.955139
-407,97,-686,-407.998993,115.473091,-685.955139
-393,27,-744,-393.999054,30.8325748,-743.956543
-409,97,-742,-409.999054,100.83139,-741.956543
-407,97,-686,-407.999054,100.832214,-685.956543
-393,27,-744,-393.999023,30.3125019,-743.955872
-407,97,-686,-407.999054,100.305473,-685.956543
-392,27,-709,-392.999115,30.3113823,-708.957947
283,110,-960,282.527649,123.646606,-959.118591
286,140,-955,285.536774,153.650543,-954.11377
326,140,-934,325.536774,153.652359,-933.11377
283,110,-960,282.525726,124.5979,-959.119629
326,140,-934,325.526306,154.602875,-933.119324
332,110,-934,331.536774,124.600517,-933.11377
286,140,-955,285.525726,149.593063,-954.119629
293,177,-945,292.518646,186.596176,-944.123474
313,177,-934,312.518768,186.596588,-933.123413
286,140,-955,285.526855,144.532883,-954.119019
313,177,-934,312.536774,181.527969,-933.11377
326,140,-934,325.525726,144.530991,-933.119629
293,177,-945,292.557922,206.559723,-944.103027
296,290,-939,295.557922,319.595734,-938.103027
306,290,-934,305.558929,319.592285,-933.102539
293,177,-945,292.518646,208.067276,-944.123474
306,290,-934,305.525726,321.037231,-933.119629
313,177,-934,312.518768,208.065231,-933.123413
283,110,-909,283.999115,116.456871,-909.041992
286,140,-914,286.999115,146.460556,-914.041992
286,140,-955,286.999115,146.460556,-955.041992
283,110,-909,283.999115,116.456871,-909.041992
286,140,-955,286.999115,146.460556,-955.041992
283,110,-960,283.999115,116.456871,-960.041992
286,140,-914,286.999115,145.236908,-914.041992
293,177,-924,293.999115,182.237747,-924.041992
293,177,-945,293.999115,182.237747,-945.041992
286,140,-914,286.999115,145.236908,-914.041992
293,177,-945,293.999115,182.237747,-945.041992
286,140,-955,286.999115,145.236908,-955.041992
293,177,-924,293.999115,221.89093,-924.041992
296,290,-930,296.999115,334.839203,-930.041992
296,290,-939,296.999115,334.839203,-939.041992
293,177,-924,293.999115,221.89093,-924.041992
296,290,-939,296.999115,334.839203,-939.041992
293,177,-945,293.999115,221.89093,-945.041992
332,110,-934,331.557922,125.454201,-934.896973
326,140,-934,325.557922,155.456024,-934.896973
286,140,-914,285.560669,155.462875,-914.898315
332,110,-934,331.536774,121.980789,-934.88623
286,140,-914,285.537109,151.974518,-914.886414
283,110,-909,282.536774,121.977219,-909.88623
326,140,-934,325.558685,143.165894,-934.897339
313,177,-934,312.557922,180.166733,-934.896973
293,177,-924,292.557922,180.166733,-924.896973
326,140,-934,325.558685,143.165894,-934.897339
293,177,-924,292.557922,180.166733,-924.896973
286,140,-914,285.559937,143.165512,-914.897949
313,177,-934,312.623444,206.182037,-934.926392
306,290,-934,305.623444,319.128204,-934.926392
296,290,-930,295.623444,319.128204,-930.926392
313,177,-934,312.557922,195.819061,-934.896973
296,290,-930,295.557922,308.861908,-930.896973
293,177,-924,292.558807,195.827637,-924.8974
1638,94,833,1637.86035,99.004837,832.009827
1626,207,813,1625.86719,212.011215,812.008911
1601,94,838,1600.86035,99.0035248,837.009827
1626,207,813,1626.26184,209.244339,812.034912
1585,207,802,1585.26184,209.245621,801.034912
1601,94,838,1601.26184,96.2440567,837.034912
1585,207,802,1585.61328,215.403854,801.210144
1571,94,815,1571.61328,102.398582,814.210144
1601,94,838,1601.61328,102.398582,837.210144
1657,94,761,1656.00098,99.1727905,760.955872
1637,207,771,1636.00098,212.181396,770.955872
1655,94,799,1654.00098,99.1742325,798.955872
1637,207,771,1636.03003,209.749115,770.756836
1626,207,813,1625.02917,209.750839,812.760254
1655,94,799,1654.03003,96.7515488,798.756836
1626,207,813,1625.09436,209.933472,812.575989
1638,94,833,1637.10095,96.9271317,832.562195
1655,94,799,1654.1106,96.9299774,798.542908
1590,94,744,1590.13098,103.236015,744.991333
1596,207,760,1596.13086,216.239883,760.991394
1627,94,739,1627.13086,103.234344,739.991394
1596,207,760,1595.73718,209.188095,760.964844
1637,207,771,1636.73718,209.18959,771.964844
1627,94,739,1626.73718,96.1941757,739.964844
1637,207,771,1636.41223,212.753937,771.809021
1657,94,761,1656.40833,99.7617874,761.806152
1627,94,739,1626.41248,99.7642517,739.809204
1571,94,815,1571.99902,99.0985641,815.04303
1585,207,802,1585.99805,212.111572,802.060852
1573,94,777,1573.99805,99.1016998,777.060486
1585,207,802,1585.9646,210.413971,802.263428
1596,207,760,1596.9646,210.415543,760.263489
1573,94,777,1573.9646,97.403801,777.263611
1596,207,760,1596.88538,214.371094,760.464844
1590,94,744,1590.8833,101.381393,744.468506
1573,94,777,1573.88342,101.38578,777.468506
1675,-41,922,1675.04395,-40.1870728,921.000977
1601,94,838,1601.04272,94.8131485,837.000916
1579,-41,918,1579.04346,-40.1854095,917.000977
1675,-41,922,1674.86829,-40.2554054,921.008728
1638,94,833,1637.8678,94.7444458,832.008789
1601,94,838,1600.86719,94.744873,837.008911
1601,94,838,1601.5509,96.1180267,837.165466
1503,-41,867,1503.55188,-38.8770638,866.166077
1579,-41,918,1579.55176,-38.8791237,917.166016
1601,94,838,1601.61438,94.7185287,837.210999
1571,94,815,1571.61328,94.7182922,814.210144
1503,-41,867,1503.6095,-40.2815628,866.207214
1725,-41,709,1724.00854,-39.1663322,709.129883
1655,94,799,1654.00891,95.8309555,799.132751
1741,-41,822,1740.00867,-39.1677437,822.130859
1725,-41,709,1724.00098,-39.0677414,708.955872
1657,94,761,1656.00098,95.9294052,760.955872
1655,94,799,1654.00098,95.9291229,798.955872
1655,94,799,1654.16553,95.5806656,798.448975
1675,-41,922,1674.16736,-39.4164162,921.446228
1741,-41,822,1740.16541,-39.4168777,821.449158
1655,94,799,1654.09436,96.7390289,798.575989
1638,94,833,1637.09436,96.7390289,832.575989
1675,-41,922,1674.0946,-38.2548523,921.575439
1553,-41,654,1552.95508,-39.83778,654.998962
1627,94,739,1626.95593,95.1649323,739.999023
1649,-41,658,1648.95593,-39.8351898,658.999023
1553,-41,654,1553.1322,-40.1977806,654.991211
1590,94,744,1590.12305,94.8025284,744.992371
1627,94,739,1627.13208,94.8019943,739.991211
1627,94,739,1626.44263,95.4591446,739.830261
1725,-41,709,1724.44141,-39.5413055,709.829407
1649,-41,658,1648.44336,-39.5419693,658.83075
1627,94,739,1626.41223,96.1507111,739.809021
1657,94,761,1656.41211,96.149826,761.808899
1725,-41,709,1724.41248,-38.8508682,709.809204
1503,-41,867,1503.98828,-40.1305389,866.847412
1573,94,777,1573.98828,94.8665161,776.847412
1487,-41,754,1487.98938,-40.1319504,753.854675
1503,-41,867,1503.99902,-39.9836197,867.043762
1571,94,815,1571.99805,95.0135269,815.060913
1573,94,777,1573.99805,95.0132446,777.06073
1573,94,777,1573.82935,95.6260147,777.558411
1553,-41,654,1553.83142,-39.3710709,654.555603
1487,-41,754,1487.83362,-39.3715286,754.552246
1573,94,777,1573.88416,96.878067,777.467163
1590,94,744,1590.88452,96.87883,744.466431
1553,-41,654,1553.88452,-38.1195869,654.466431
-891,154,256,-890.695374,160.243408,256.952454
-860,-40,202,-859.695618,-33.749733,202.952545
-918,-40,221,-917.695557,-33.7466812,221.95253
-891,154,256,-890.763733,157.067657,256.97168
-859,154,248,-858.763672,157.068741,248.971664
-860,-40,202,-859.763672,-36.9195099,202.971664
-908,154,285,-907.13916,156.88945,285.50885
-873,310,293,-872.139099,312.885529,293.508698
-891,154,256,-890.139038,156.888306,256.508636
-873,310,293,-872.480591,314.896423,293.854523
-817,310,259,-816.48114,314.899811,259.854858
-891,154,256,-890.48114,158.895737,256.854858
-817,310,259,-816.763733,314.218323,259.97168
-859,154,248,-858.763672,158.202225,248.971664
-891,154,256,-890.764343,158.202225,256.971832
-873,310,293,-872.480591,332.324799,293.854523
-862,400,289,-861.48175,422.361084,289.855225
-817,310,259,-816.480591,332.324799,259.854523
-868,-40,383,-867.492188,-36.599968,382.13855
-894,154,315,-893.493042,157.408142,314.138031
-934,-40,345,-933.509766,-36.5973206,344.128418
-868,-40,383,-867.337952,-35.6213417,382.250549
-869,154,337,-868.338013,158.372391,336.250488
-894,154,315,-893.338013,158.373093,314.250488
-869,154,337,-868.337891,158.944122,336.25061
-848,310,327,-847.337891,314.951508,326.25061
-894,154,315,-893.337891,158.946823,314.25061
-848,310,327,-847.199646,317.225342,326.400482
-873,310,293,-872.199463,317.228271,292.400726
-894,154,315,-893.199463,161.221039,314.400726
-873,310,293,-872.099121,317.341309,292.565948
-908,154,285,-907.098145,161.328979,284.567963
-894,154,315,-893.098145,161.327271,314.567963
-848,310,327,-847.161499,322.47995,326.455109
-840,417,319,-839.161438,429.495331,318.4552
-862,400,289,-861.17218,412.494385,288.439026
-848,310,327,-847.199402,321.626953,326.400818
-862,400,289,-861.199524,411.615845,288.400665
-873,310,293,-872.199402,321.620544,292.400818
-741,-40,301,-741.675903,-34.1636467,300.263031
-837,154,329,-837.675781,159.828079,328.262909
-810,-40,364,-810.675781,-34.1644745,363.262909
-741,-40,301,-741.686646,-37.5561714,300.27301
-792,154,286,-792.685547,156.449265,285.271973
-837,154,329,-837.700195,156.451385,328.286072
-837,154,329,-837.318359,157.345291,328.052032
-868,-40,383,-868.321289,-36.6480598,382.05304
-810,-40,364,-810.318604,-36.6447906,363.052124
-837,154,329,-837.230957,158.839401,328.027039
-869,154,337,-869.232361,158.840561,336.027374
-868,-40,383,-868.231079,-35.1476936,382.027069
-792,310,292,-792.532288,330.698883,291.153442
-848,310,327,-848.532227,330.689697,326.153412
-837,154,329,-837.532471,174.696381,328.153564
-848,310,327,-848.232117,355.005188,326.027313
-869,154,337,-869.232117,199.090515,336.027313
-837,154,329,-837.230835,199.081223,328.027008
-792,310,292,-792.547974,347.202454,291.163513
-808,397,299,-808.548218,434.218506,298.163666
-840,417,319,-840.547852,454.229095,318.163452
-792,310,292,-792.532776,340.743103,291.153748
-840,417,319,-840.532532,447.730865,318.153595
-848,310,327,-848.532227,340.752106,326.153412
-860,-40,202,-860.23584,-37.5983009,202.971786
-806,154,256,-806.234375,156.4095,256.972137
-766,-40,225,-766.235168,-37.5964737,225.971954
-860,-40,202,-860.15332,-37.5557213,202.988174
-859,154,248,-859.15332,156.454178,248.988174
-806,154,256,-806.15332,156.456055,256.988159
-806,154,256,-806.945984,159.93605,256.324188
-741,-40,301,-741.949036,-34.0695381,301.315063
-766,-40,225,-766.949097,-34.0685158,225.314972
-806,154,256,-806.911682,161.18866,256.410889
-792,154,286,-792.911682,161.18866,286.410858
-741,-40,301,-741.911621,-32.7996674,301.410919
-859,154,248,-859.15332,177.943954,248.988174
-817,310,259,-817.154114,333.88443,259.988037
-806,154,256,-806.153381,177.96875,256.988159
-817,310,259,-817.799255,321.561676,259.600983
-792,310,292,-792.799255,321.562592,292.600952
-806,154,256,-806.799072,165.557419,256.601227
-792,310,292,-792.911682,373.163116,292.410797
-792,154,286,-792.911682,217.197891,286.410828
-806,154,256,-806.911682,217.190384,256.410889
-817,310,259,-817.208008,311.831268,259.978119
-862,400,289,-862.208557,401.831299,289.977997
-808,397,299,-808.208618,398.830139,299.977997
-817,310,259,-817.799072,316.6362,259.601227
-808,397,299,-808.799072,403.634033,299.601227
-792,310,292,-792.799072,316.633972,292.601227
-894,154,315,-893.097168,161.617264,314.570007
-908,154,285,-907.097168,161.616928,284.570007
-945,-39,291,-944.099426,-31.3856525,290.565308
-894,154,315,-893.0224,158.972733,314.789551
-945,-39,291,-944.020325,-34.0166893,290.799438
-934,-40,345,-933.022461,-35.0194778,344.789276
-908,154,285,-907.139038,157.680466,285.508636
-891,154,256,-890.139038,157.679276,256.508606
-918,-40,221,-917.139038,-36.3263206,221.508636
-908,154,285,-907.070984,162.917053,285.370026
-918,-40,221,-917.070862,-31.0722237,221.369629
-945,-39,291,-944.070984,-30.0763187,291.370026
2992,83,2583,2992.87646,84.199791,2583.48145
3007,83,2554,3007.87964,84.199791,2554.47534
2975,-41,2475,2975.88428,-39.8019638,2475.4668
2992,83,2583,2992.82056,85.4039078,2583.57129
2975,-41,2475,2975.8186,-38.5904121,2475.57422
2916,-41,2563,2916.82935,-38.5923119,2563.55859
2931,-41,2663,2931.99902,-39.729454,2663.04053
2991,83,2616,2991.99902,84.2781982,2616.04053
2992,83,2583,2992.99902,84.2793427,2583.04272
2931,-41,2663,2931.98633,-38.9632645,2662.83545
2992,83,2583,2992.98828,85.0407104,2582.84741
2916,-41,2563,2916.98633,-38.9608383,2562.83545
3040,83,2549,3039.38477,83.9974365,2549.78833
3066,83,2569,3065.38477,83.9971924,2569.78833
3126,-41,2523,3125.38477,-40.0019035,2523.78833
3040,83,2549,3039.44141,84.1723938,2549.82935
3126,-41,2523,3125.44141,-39.8315544,2523.82935
3059,-41,2478,3058.44165,-39.8330536,2478.82959
2975,-41,2475,2975.14502,-40.2680435,2475.98926
3007,83,2554,3007.13135,83.7281647,2554.99121
3040,83,2549,3040.13184,83.7290497,2549.99121
2975,-41,2475,2974.95605,-38.7020111,2475.99902
3040,83,2549,3039.95605,85.2944489,2549.99902
3059,-41,2478,3058.95605,-38.7039642,2478.99902
3064,83,2602,3063.09473,84.6809845,2601.5752
3049,83,2632,3048.09521,84.6820374,2631.57422
3082,-41,2711,3081.09473,-39.3123322,2710.5752
3064,83,2602,3063.16602,84.4412918,2601.44824
3082,-41,2711,3081.15479,-39.5638885,2710.46558
3140,-41,2623,3139.15527,-39.5620003,2622.46484
3126,-41,2523,3125.00098,-37.9070663,2522.95605
3066,83,2569,3065.00098,86.0935287,2568.95605
3064,83,2602,3063.00098,86.094696,2601.95605
3126,-41,2523,3125.00879,-39.4668846,2523.1311
3064,83,2602,3063.00781,84.5327225,2602.12354
3140,-41,2623,3139.00977,-39.4664001,2623.13843
3017,83,2636,3017.60571,84.5116196,2635.20435
2991,83,2616,2991.60669,84.5106659,2615.20508
2931,-41,2663,2931.60571,-39.4910393,2662.20435
3017,83,2636,3017.55103,85.5112762,2635.16553
2931,-41,2663,2931.55469,-38.4881439,2662.16797
2997,-41,2708,2997.55396,-38.4893723,2707.16748
3082,-41,2711,3081.87549,-40.2275543,2710.00781
3049,83,2632,3048.86719,83.7726212,2631.00903
3017,83,2636,3016.854,83.7726212,2635.01074
3082,-41,2711,3082.03662,-39.3463783,2710.00073
3017,83,2636,3017.04346,84.6527328,2635.00098
2997,-41,2708,2997.04004,-39.3458939,2707.00098
3012,188,2568,3012.88379,199.735535,2568.46777
3007,83,2554,3007.87646,94.7313309,2554.48145
2992,83,2583,2992.8833,94.7360687,2583.46826
3002,188,2605,3002.9646,192.350952,2605.26343
3012,188,2568,3012.96265,192.349274,2568.27051
2992,83,2583,2992.9646,87.347641,2583.26367
2991,83,2616,2991.99927,89.9767075,2616.03784
3002,188,2605,3002.99902,194.978943,2605.03931
2992,83,2583,2992.99902,89.979126,2583.04175
3049,188,2578,3048.38477,193.769058,2578.78833
3066,83,2569,3065.38477,88.758522,2569.78833
3040,83,2549,3039.38477,88.758522,2549.78833
3012,188,2568,3011.72949,193.188705,2568.96265
3049,188,2578,3048.73633,193.189728,2578.9646
3040,83,2549,3039.73633,88.1866302,2549.9646
3007,83,2554,3007.15234,89.5529175,2554.98828
3012,188,2568,3012.16406,194.553711,2568.98633
3040,83,2549,3040.14526,89.5529175,2549.98926
3039,188,2615,3038.09448,197.89711,2614.57593
3049,83,2632,3048.09473,92.9044342,2631.5752
3064,83,2602,3063.09473,92.9044342,2601.5752
3049,188,2578,3048.03003,193.829666,2577.75684
3039,188,2615,3038.03003,193.829666,2614.75684
3064,83,2602,3063.02905,88.8262634,2601.76074
3066,83,2569,3065.00098,89.7065887,2568.95605
3049,188,2578,3048.00098,194.704971,2577.95605
3064,83,2602,3063.00098,89.7097473,2601.95605
3002,188,2605,3002.60986,192.845673,2604.20752
2991,83,2616,2991.60669,87.8528671,2615.20508
3017,83,2636,3017.60669,87.8520279,2635.20508
3039,188,2615,3039.26172,192.195175,2614.03491
3002,188,2605,3002.24316,192.197205,2604.03003
3017,83,2636,3017.23926,87.1891174,2635.02905
3049,83,2632,3048.86792,86.0925446,2631.00879
3039,188,2615,3038.8606,191.092026,2614.00977
3017,83,2636,3016.8606,86.0911026,2635.00977
1726,98,3947,1726.88318,101.100807,3947.46875
1740,98,3920,1740.88318,101.102013,3920.46875
1709,-41,3846,1709.88318,-37.8971329,3846.46875
1726,98,3947,1726.81885,100.167191,3947.57397
1709,-41,3846,1709.81885,-38.8281631,3846.57397
1654,-41,3928,1654.82935,-38.8281631,3928.55859
1668,-41,4022,1668.99719,-39.1850777,4022.07446
1724,98,3979,1724.99707,99.8163147,3979.07544
1726,98,3947,1726.99805,99.8163147,3947.06152
1668,-41,4022,1668.98804,-39.6318245,4021.84668
1726,98,3947,1726.98828,99.3695984,3946.84741
1654,-41,3928,1654.98828,-39.6301651,3927.84741
1770,98,3915,1769.37988,100.217186,3915.78442
1795,98,3934,1794.38477,100.217186,3934.78833
1851,-41,3891,1850.38049,-38.7805061,3891.78491
1770,98,3915,1769.42578,99.5842209,3915.8186
1851,-41,3891,1850.42639,-39.4190636,3891.81909
1788,-41,3848,1787.44165,-39.4173431,3848.82959
1709,-41,3846,1709.15137,-38.2118073,3846.98828
1740,98,3920,1740.14539,100.78875,3920.98926
1770,98,3915,1770.16992,100.788246,3915.98535
1709,-41,3846,1708.95593,-38.6602669,3846.99902
1770,98,3915,1769.95593,100.340942,3915.99902
1788,-41,3848,1787.95593,-38.6597061,3848.99902
1793,98,3965,1792.09436,100.254272,3964.57617
1779,98,3993,1778.09436,100.254272,3992.57617
1810,-41,4067,1809.09436,-38.7484207,4066.57617
1793,98,3965,1792.16943,99.4923706,3964.44312
1810,-41,4067,1809.16541,-39.5062828,4066.44922
1865,-41,3985,1864.16541,-39.5052071,3984.44922
1851,-41,3891,1850.00195,-38.0925446,3890.93774
1795,98,3934,1794.00195,100.909363,3933.93774
1793,98,3965,1792.00195,100.90834,3964.93774
1851,-41,3891,1850.00867,-38.2376709,3891.1311
1793,98,3965,1792.0116,100.763145,3965.15137
1865,-41,3985,1864.0116,-38.2343483,3985.15161
1748,98,3997,1748.59387,99.3849792,3996.19556
1724,98,3979,1724.59094,99.3855362,3978.19336
1668,-41,4022,1668.58997,-39.6159859,4021.19263
1748,98,3997,1748.55078,99.8833542,3996.16553
1668,-41,4022,1668.55127,-39.1163406,4021.16577
1730,-41,4064,1730.55127,-39.1169128,4063.16577
1810,-41,4067,1809.84741,-39.0635071,4066.01172
1779,98,3993,1778.8606,99.9319382,3992.00977
1748,98,3997,1747.8678,99.9319382,3996.00879
1810,-41,4067,1810.04272,-38.1058464,4066.00098
1748,98,3997,1748.03723,100.899048,3996.00073
1730,-41,4064,1730.03784,-38.1047325,4063.00073
1744,214,3933,1744.88367,224.905197,3933.46802
1740,98,3920,1740.88318,108.884895,3920.46875
1726,98,3947,1726.88318,108.890862,3947.46875
1735,214,3968,1735.96558,221.692032,3968.25977
1744,214,3933,1744.96948,221.694077,3933.24512
1726,98,3947,1726.9646,105.682274,3947.26367
1724,98,3979,1724.99707,114.640144,3979.07593
1735,214,3968,1735.99805,230.637985,3968.06079
1726,98,3947,1726.99805,114.640144,3947.06128
1779,214,3943,1778.38916,218.444809,3943.79175
1795,98,3934,1794.38916,102.435608,3934.79175
1770,98,3915,1769.38916,102.436462,3915.79175
1744,214,3933,1743.71655,220.915436,3933.95898
1779,214,3943,1778.72266,220.916611,3943.96069
1770,98,3915,1769.72266,104.91423,3915.96069
1740,98,3920,1740.14258,103.501862,3920.9895
1744,214,3933,1744.13818,219.517365,3933.99023
1770,98,3915,1770.16309,103.506096,3915.98657
1769,214,3977,1768.09436,218.772446,3976.57617
1779,98,3993,1778.09436,102.783981,3992.57617
1793,98,3965,1792.09436,102.787537,3964.57617
1779,214,3943,1778.0387,217.312561,3942.72461
1769,214,3977,1768.03687,217.311096,3976.7312
1793,98,3965,1792.04077,101.321953,3964.71753
1795,98,3934,1794.00293,108.202782,3933.92358
1779,214,3943,1778.00195,224.197388,3942.93774
1793,98,3965,1792.00293,108.204636,3964.92358
1735,214,3968,1735.5791,221.039627,3967.18481
1724,98,3979,1724.60278,105.035751,3978.20215
1748,98,3997,1748.59058,105.032036,3996.19312
1769,214,3977,1769.23926,218.405289,3976.02905
1735,214,3968,1735.24316,218.404114,3967.03003
1748,98,3997,1748.23926,102.40062,3996.02905
1779,98,3993,1778.84741,104.043564,3992.01172
1769,214,3977,1768.85388,220.040024,3976.01074
1748,98,3997,1747.8606,104.043564,3996.00977
1648,127,3089,1648.87646,130.248734,3089.48145
1665,127,3056,1665.88318,130.249939,3056.46875
1628,-41,2966,1628.88367,-37.7419128,2966.46802
1648,127,3089,1648.81885,128.793686,3089.57397
1628,-41,2966,1628.82935,-39.2033424,2966.55859
1561,-41,3066,1561.81885,-39.2033424,3066.57397
1578,-41,3179,1578.99902,-38.9680138,3179.04224
1646,127,3127,1646.99805,129.031586,3127.06128
1648,127,3089,1648.99817,129.030579,3089.0603
1578,-41,3179,1578.98828,-38.8984604,3178.84741
1648,127,3089,1648.98718,129.097107,3088.84082
1561,-41,3066,1561.98828,-38.9016418,3065.84741
1702,127,3051,1701.39307,130.020538,3051.79468
1731,127,3073,1730.38574,130.021088,3073.78906
1799,-41,3021,1798.38538,-37.9801521,3021.78882
1702,127,3051,1701.42578,128.280212,3051.8186
1799,-41,3021,1798.44165,-39.7215271,3021.82959
1724,-41,2970,1723.44141,-39.7215271,2970.82935
1628,-41,2966,1628.13123,-38.5319748,2966.99121
1665,127,3056,1665.12207,129.470383,3056.99243
1702,127,3051,1702.12268,129.470886,3051.99243
1628,-41,2966,1627.95593,-38.5661697,2966.99902
1702,127,3051,1701.93762,129.435394,3051.99805
1724,-41,2970,1723.95593,-38.563942,2970.99902
1729,127,3111,1728.10376,129.23735,3110.55664
1712,127,3144,1711.11365,129.238556,3143.53711
1749,-41,3234,1748.11157,-38.7532997,3233.54102
1729,127,3111,1728.15649,129.790146,3110.46289
1749,-41,3234,1748.16541,-38.2068863,3233.44922
1816,-41,3134,1815.15479,-38.2068863,3133.46558
1799,-41,3021,1798.00098,-38.8606834,3020.95605
1731,127,3073,1730.00098,129.138916,3072.95605
1729,127,3111,1728.00098,129.137909,3110.95605
1799,-41,3021,1798.0116,-39.0786896,3021.15137
1729,127,3111,1728.0116,128.917007,3111.15137
1816,-41,3134,1815.01062,-39.0820084,3134.14453
1675,127,3149,1675.60547,128.701553,3148.20435
1646,127,3127,1646.61328,128.702103,3126.21021
1578,-41,3179,1578.58594,-39.2994194,3178.1897
1675,127,3149,1675.55078,129.657684,3148.16553
1578,-41,3179,1578.55212,-38.3394814,3178.16626
1654,-41,3230,1654.53809,-38.3400536,3229.15723
1749,-41,3234,1748.84119,-39.3590164,3233.0127
1712,127,3144,1711.85388,128.643845,3143.01074
1675,127,3149,1674.84741,128.643845,3148.01172
1749,-41,3234,1749.03772,-38.6270103,3233.00073
1675,127,3149,1675.03809,129.371765,3148.00073
1654,-41,3230,1654.04163,-38.6253395,3229.00098
1670,267,3072,1670.88318,277.678345,3072.46875
1665,127,3056,1665.87683,137.697189,3056.48071
1648,127,3089,1648.88318,137.694275,3089.46875
1659,267,3114,1659.9646,277.107147,3114.26367
1670,267,3072,1670.96948,277.111206,3072.24487
1648,127,3089,1648.96948,137.107376,3089.24512
1646,127,3127,1646.99902,139.04982,3127.04346
1659,267,3114,1659.99902,279.072052,3114.04395
1648,127,3089,1648.99805,139.04425,3089.06104
1712,267,3083,1711.38477,275.768036,3083.78833
1731,127,3073,1730.38538,135.765198,3073.78882
1702,127,3051,1701.38538,135.766983,3051.78882
1670,267,3072,1669.74451,269.716583,3072.9668
1712,267,3083,1711.73633,269.715363,3083.9646
1702,127,3051,1701.75488,129.711639,3051.96948
1665,127,3056,1665.11584,136.776871,3056.99316
1670,267,3072,1670.11621,276.781982,3072.99316
1702,127,3051,1702.13184,136.778961,3051.99121
1701,267,3125,1700.10767,275.099823,3124.54883
1712,127,3144,1711.10376,135.096619,3143.55664
1729,127,3111,1728.10669,135.096619,3110.55078
1712,267,3083,1711.02905,274.250397,3082.76074
1701,267,3125,1700.02905,274.248932,3124.76074
1729,127,3111,1728.03003,134.246582,3110.75684
1731,127,3073,1730.00098,138.72876,3072.95605
1712,267,3083,1711.00098,278.72168,3082.95605
1729,127,3111,1728.00098,138.732498,3110.95605
1659,267,3114,1659.60217,272.137421,3113.20166
1646,127,3127,1646.61389,132.12561,3126.21069
1675,127,3149,1675.5946,132.122772,3148.19604
1701,267,3125,1701.23926,272.474762,3124.02905
1659,267,3114,1659.26221,272.473602,3113.03516
1675,127,3149,1675.23926,132.478439,3148.02905
1712,127,3144,1711.85388,136.744446,3143.01074
1701,267,3125,1700.8606,276.76059,3124.00977
1675,127,3149,1674.85388,136.74614,3148.01074
-123,57,-553,-122.220207,59.5560493,-553.626038
-111,57,-538,-110.220207,59.556694,-538.626038
-110,89,-552,-109.22036,91.5574265,-552.626221
-111,57,-538,-111.623207,61.3925133,-538.782043
-96,57,-550,-96.6232071,61.3913193,-550.782043
-110,89,-552,-110.623215,93.3925323,-552.782043
-96,57,-550,-96.781395,61.63974,-549.375977
-108,57,-565,-108.781395,61.63974,-564.375977
-110,89,-552,-110.781494,93.6392899,-551.376099
-108,57,-565,-107.374947,59.3510742,-564.219421
-123,57,-553,-122.374947,59.3507309,-552.219421
-110,89,-552,-109.374947,91.3507843,-551.219421
29,57,-558,29.933567,59.7635384,-557.641602
22,57,-540,22.9335594,59.7644081,-539.641602
34,89,-545,34.933567,91.762886,-544.641602
22,57,-540,22.3589668,59.349762,-540.93335
40,57,-533,40.3583298,59.3502121,-533.933594
34,89,-545,34.3573761,91.3501358,-545.93396
40,57,-533,39.0675621,60.1557083,-533.361328
47,57,-551,46.0675621,60.1565323,-551.361328
34,89,-545,33.067585,92.1573563,-545.361389
47,57,-551,46.635685,61.7322578,-550.068726
29,57,-558,28.6375599,61.7330551,-557.067993
34,89,-545,33.6316528,93.7325745,-544.070312
1853,16,-23,1852.50098,31.1253834,-23.8665752
1848,90,-27,1847.50098,105.119324,-27.8665257
1834,90,-19,1833.50293,105.122368,-19.8676872
1853,16,-23,1852.4873,29.983696,-23.8585358
1834,90,-19,1833.49414,103.997559,-19.8625679
1836,16,-13,1835.48657,29.9844284,-13.8581314
1863,16,-40,1862.11353,25.844286,-40.4627724
1856,90,-42,1855.11877,99.8477631,-42.4724808
1848,90,-27,1847.11304,99.846489,-27.4616699
1863,16,-40,1862.13416,26.6715736,-40.5003014
1848,90,-27,1847.13171,100.673607,-27.4959297
1853,16,-23,1852.13135,26.6701431,-23.495327
1853,16,-77,1852.13123,31.2756405,-76.5047989
1848,90,-72,1847.12341,105.273384,-71.5187607
1856,90,-58,1855.12744,105.272057,-57.5114937
1853,16,-77,1852.13464,22.6526718,-76.498848
1856,90,-58,1855.13123,96.6433334,-57.5047951
1863,16,-60,1862.13477,22.6539593,-59.4986343
1863,16,-60,1862.00098,24.3738499,-60.0425262
1856,90,-58,1855.00098,98.3677063,-58.0425262
1856,90,-42,1855.00098,98.3677063,-42.0425262
1863,16,-60,1862.00098,24.3738499,-60.0425262
1856,90,-42,1855.00098,98.3677063,-42.0425262
1863,16,-40,1862.00098,24.3738499,-40.0425262
1816,16,-13,1816.49023,24.8322716,-13.8715696
1818,90,-19,1818.48828,98.8175888,-19.8726559
1804,90,-27,1804.48889,98.8183212,-27.8723431
1816,16,-13,1816.50586,23.4729691,-13.8625669
1804,90,-27,1804.50391,97.4623795,-27.8637028
1799,16,-23,1799.50391,23.4759979,-23.8637543
1836,16,-13,1835.95703,24.1713734,-13.9990759
1834,90,-19,1833.95703,98.1743774,-19.9990749
1818,90,-19,1817.95703,98.1743774,-19.9990749
1836,16,-13,1835.95703,24.1713734,-13.9990759
1818,90,-19,1817.95703,98.1743774,-19.9990749
1816,16,-13,1815.95703,24.1713734,-13.9990759
1799,16,-23,1799.88049,28.5623264,-23.4740295
1804,90,-27,1804.88037,102.560791,-27.4741707
1796,90,-42,1796.88037,102.559349,-42.4742317
1799,16,-23,1799.86169,23.7469425,-23.5072346
1796,90,-42,1796.85889,97.7388916,-42.5121613
1789,16,-40,1789.85889,23.74823,-40.5121002
1789,16,-40,1789.99902,21.4834652,-40.0425262
1796,90,-42,1796.99902,95.4786148,-42.0425262
1796,90,-58,1796.99902,95.4786148,-58.0425262
1789,16,-40,1789.99902,21.4834652,-40.0425262
1796,90,-58,1796.99902,95.4786148,-58.0425262
1789,16,-60,1789.99902,21.4834652,-60.0425262
1789,16,-60,1789.86243,27.5691185,-59.4938202
1796,90,-58,1796.86499,101.578407,-57.4982147
1804,90,-72,1804.8678,101.580978,-71.5030899
1789,16,-60,1789.85645,23.3684063,-59.4837646
1804,90,-72,1804.85608,97.3674774,-71.4831619
1799,16,-77,1799.85645,23.3684063,-76.4837646
1799,16,-77,1799.49902,23.8443527,-76.1334152
1804,90,-72,1804.49109,97.8440857,-71.128891
1818,90,-80,1818.49023,97.8407669,-79.1284103
1799,16,-77,1799.5127,31.2414036,-76.1414337
1818,90,-80,1818.49927,105.233353,-79.1335526
1816,16,-87,1816.50586,31.242691,-86.1373901
1816,16,-87,1815.98706,25.3036671,-86.0000839
1818,90,-80,1817.98706,99.2981644,-79.0000839
1834,90,-80,1833.98706,99.2981644,-79.0000839
1816,16,-87,1815.98706,25.3036671,-86.0000839
1834,90,-80,1833.98706,99.2981644,-79.0000839
1836,16,-87,1835.98706,25.3036671,-86.0000839
1836,16,-87,1835.49927,21.394083,-86.1343994
1834,90,-80,1833.49902,95.4033737,-79.1345444
1848,90,-72,1847.49902,95.405304,-71.1345444
1836,16,-87,1835.48535,25.9375782,-86.142601
1848,90,-72,1847.48535,99.9366455,-71.142601
1853,16,-77,1852.48657,25.938242,-76.1418686
-1181,-40,2662,-1180.93848,53.9983521,2662.99805
-878,70,2640,-877.938477,163.695007,2640.99805
-879,-40,2639,-878.937561,53.8233566,2639.99805
-1074,-40,3055,-1073.38477,-15.9217911,3054.21167
-1052,111,3064,-1051.38867,135.079849,3063.20874
-1197,88,2950,-1196.38477,112.140923,2949.21167
-1074,-40,3055,-1073.37036,5.88460636,3054.22314
-1197,88,2950,-1196.36536,134.022507,2949.22729
-1206,-40,2946,-1205.35999,5.97913837,2945.23169
-1197,88,2950,-1196.00195,95.8214493,2949.93774
-1219,-40,2732,-1218.00195,-32.2284088,2731.93774
-1206,-40,2946,-1205.00195,-32.2033195,2945.93774
-1513,-40,3042,-1513.71582,-21.6459446,3042.69824
-1509,105,3059,-1509.7113,123.358772,3059.70288
-1421,85,3145,-1421.71191,103.353607,3145.70215
-1513,-40,3042,-1513.7334,-4.14690447,3042.67969
-1421,85,3145,-1421.7334,120.893578,3145.67944
-1423,-40,3137,-1423.7334,-4.11674547,3137.67969
-1421,85,3145,-1421.81885,118.226669,3145.57397
-1318,-40,3287,-1318.81921,-6.78892612,3287.57349
-1423,-40,3137,-1423.81885,-6.75787926,3137.57397
-1543,-40,3007,-1543.77258,-23.3145828,3007.63477
-1509,105,3059,-1509.76282,121.688164,3059.64648
-1513,-40,3042,-1513.76306,-23.3145828,3042.64624
774,426,4053,774.999084,433.715973,4053.04272
787,441,3708,787.999023,448.705444,3708.04272
759,200,3753,759.999084,207.698288,3753.04248
787,441,3708,787.997009,450.518646,3707.92285
753,194,3690,753.996033,203.53392,3689.91113
759,200,3753,759.997009,209.529984,3752.92285
787,441,3708,787.969482,445.922791,3707.75488
733,161,3628,733.969482,165.938812,3627.75488
753,194,3690,753.969482,198.935135,3689.75488
787,441,3708,787.9646,448.257141,3707.73633
683,325,3378,683.9646,332.217224,3377.73633
733,161,3628,733.9646,168.230026,3627.73633
-1074,589,749,-1073.23059,590.197998,748.361267
-1224,237,926,-1223.23547,238.204056,925.355408
-883,426,1145,-882.235474,427.194763,1144.35547
-211,601,1129,-210.011826,601.845154,1129.15332
-417,325,1403,-416.011932,325.839294,1403.15393
-214,646,1325,-213.011826,646.847473,1325.15332
-597,325,1918,-596.029053,326.3638,1918.23926
-306,646,1901,-305.028809,647.36438,1901.23828
-195,646,1462,-194.031006,647.367065,1462.24707
-597,325,1918,-596.053528,325.755371,1918.32275
-195,646,1462,-194.060944,646.746338,1462.34375
-417,325,1403,-416.060944,325.749176,1403.34375
-482,325,2609,-481.004883,328.647125,2609.09863
-367,646,2517,-366.004883,649.641235,2517.09863
-306,646,1901,-305.004974,649.636658,1901.09961
-482,325,2609,-481.012756,326.66629,2608.84082
-306,646,1901,-305.012054,647.686584,1900.84521
-597,325,1918,-596.015442,326.680511,1917.82495
-195,646,1462,-194.008911,648.227539,1461.86682
-214,646,1325,-213.009827,648.22644,1324.86023
-417,325,1403,-416.009918,327.222382,1402.85962
-992,423,1017,-992.205139,424.892853,1016.0213
-1339,559,981,-1339.20508,560.897461,980.021301
-1279,361,1125,-1279.20532,362.890259,1124.02136
-992,423,1017,-992.310608,428.22641,1016.0495
-1279,361,1125,-1279.31458,366.231384,1124.05078
-1026,361,1045,-1026.30859,366.224731,1044.04883
-1339,559,981,-1339.64453,559.628479,980.235474
-1850,559,1409,-1850.64502,559.629944,1408.23584
-1454,420,1247,-1454.65247,420.628174,1246.24219
-1850,559,1409,-1850.61353,559.912598,1408.21033
-1654,361,1419,-1654.61353,361.913483,1418.21033
-1546,361,1334,-1546.61914,361.915833,1333.21472
-1454,420,1247,-1454.52637,423.232422,1246.14978
-1850,559,1409,-1850.52661,562.223755,1408.1499
-1546,361,1334,-1546.52185,364.231842,1333.14697
-1654,361,1419,-1654.93616,362.086945,1418.64844
-1850,559,1409,-1850.94006,560.085266,1408.65918
-1821,361,1868,-1821.93665,362.077698,1867.64978
-1279,361,1125,-1279.61353,363.900177,1124.21033
-1454,420,1247,-1454.61353,422.903046,1246.21033
-1546,361,1334,-1546.61865,363.904236,1333.21436
-1279,361,1125,-1279.73438,363.181641,1124.32129
-1339,559,981,-1339.71716,561.178955,980.303101
-1454,420,1247,-1454.71582,422.174774,1246.30176
434,-40,4188,433.314453,-27.1369629,4188.72803
679,262,4455,678.317627,274.802002,4455.73096
708,-40,4445,707.30072,-27.2160873,4445.71484
708,-40,4445,707.716553,-26.9544334,4445.95898
679,262,4455,678.723267,274.976013,4455.96094
867,262,4510,866.723267,274.95105,4510.96094
708,-40,4445,707.716553,-31.5811558,4445.95898
867,262,4510,866.716553,270.424683,4510.95898
864,-40,4490,863.706848,-31.5891914,4490.95605
-482,455,2609,-481.333618,467.697113,2609.74561
-438,789,2610,-437.33429,801.693665,2610.74609
-360,789,2539,-359.33429,801.685547,2539.74609
-482,455,2609,-481.140411,458.563568,2609.51099
-360,789,2539,-359.132996,792.574524,2539.49829
-420,455,2503,-419.140411,458.562653,2503.51099
-66,455,2707,-66.7655716,466.54657,2706.35669
-81,789,2675,-81.7562103,800.600525,2674.3457
-162,789,2769,-162.76474,800.597961,2768.35571
-120,455,2736,-120.812447,471.668793,2735.41699
-162,789,2769,-162.822601,805.755005,2768.4314
-221,789,2851,-221.811035,805.752258,2850.41504
-120,455,2736,-120.872139,468.348724,2735.51074
-221,789,2851,-221.86705,802.355713,2850.50195
-216,455,2905,-216.871475,468.343445,2904.50977
-216,455,2905,-215.560913,463.637085,2904.10156
-221,789,2851,-220.56543,797.674927,2850.09937
-276,789,2824,-275.564941,797.674927,2823.09961
-216,455,2905,-215.3181,483.279114,2904.26855
-276,789,2824,-275.318176,817.213806,2823.26855
-276,455,2848,-275.314148,483.269714,2847.27246
-276,455,2848,-275.505035,466.750763,2847.1311
-276,789,2824,-275.5065,800.707153,2823.13037
-409,789,2747,-408.511536,800.703247,2746.12744
-276,455,2848,-275.505035,470.074127,2847.1311
-409,789,2747,-408.504608,804.021606,2746.13135
-429,455,2760,-428.494446,470.085663,2759.13721
-429,455,2760,-428.437683,474.070374,2759.1731
-409,789,2747,-408.440186,808.057373,2746.17139
-460,789,2713,-459.437683,808.049927,2712.1731
-429,455,2760,-428.706024,460.005646,2759.04419
-460,789,2713,-459.69986,794.015686,2712.04614
-508,455,2735,-507.706024,460.005646,2734.04419
-508,455,2735,-507.022034,460.275909,2735.20874
-460,789,2713,-459.022034,794.306702,2713.20874
-438,789,2610,-437.022034,794.308899,2610.20874
-508,455,2735,-507.022034,464.674347,2735.20874
-438,789,2610,-437.022034,798.690247,2610.20874
-482,455,2609,-481.021881,464.676239,2609.20801
92,514,3091,92.9009247,531.013855,3091.43384
140,888,3068,140.896194,904.96582,3068.4436
218,888,2907,218.895782,904.931274,2907.44434
92,514,3091,92.8933716,524.102295,3091.44922
218,888,2907,218.893906,898.026306,2907.44824
183,514,2911,183.891144,524.099182,2911.45361
171,514,3115,171.561401,526.144287,3114.17261
192,888,3103,192.558899,900.217224,3102.1709
140,888,3068,140.556107,900.217224,3067.16895
171,514,3115,171.292084,529.539978,3114.0437
140,888,3068,140.282623,903.541321,3067.04077
92,514,3091,92.2823944,529.537415,3090.04077
324,514,3203,324.493683,538.288147,3202.13037
324,888,3179,324.479431,912.37677,3178.12256
192,888,3103,192.48645,912.411926,3102.12646
324,514,3203,324.486664,539.760132,3202.12646
192,888,3103,192.493652,913.702698,3102.13037
171,514,3115,171.504578,539.733826,3114.13672
385,514,3260,385.448761,524.336304,3259.10645
379,888,3206,379.455658,898.371582,3205.10986
324,888,3179,324.428009,898.373596,3178.09644
385,514,3260,385.682068,539.136658,3259.2688
324,888,3179,324.680298,913.045715,3178.26709
324,514,3203,324.679962,539.126221,3202.26685
481,514,3173,480.336365,524.082458,3172.25195
458,888,3136,457.333893,898.082825,3135.25415
379,888,3206,378.334442,898.095642,3205.25366
481,514,3173,480.320465,523.453735,3172.26636
379,888,3206,378.320465,897.481995,3205.26636
385,514,3260,384.316803,523.468384,3259.26978
-841,134,4098,-841.660156,210.062119,4098.75098
-887,146,4059,-887.652405,222.049301,4059.75781
-832,146,4106,-832.658569,222.061752,4106.75244
285,-40,3524,284.119293,-37.2072029,3523.52637
270,30,3517,269.118256,32.7941132,3516.52832
244,30,3566,243.113846,32.7967682,3565.53662
285,-40,3524,284.118256,-37.088707,3523.52832
244,30,3566,243.119278,32.9064827,3565.52637
269,-40,3554,268.118896,-37.089241,3553.5271
270,30,3517,269.127319,56.8636131,3516.51172
266,73,3520,265.127319,99.8718719,3519.51172
244,73,3560,243.118103,99.8693161,3559.52856
270,30,3517,269.119293,46.090271,3516.52637
244,73,3560,243.116287,89.0936356,3559.53198
244,30,3566,243.119278,46.0827866,3565.52637
220,30,3517,219.955826,50.5271759,3517.99902
224,73,3520,223.955826,93.5175323,3520.99902
266,73,3520,265.955841,93.5175323,3520.99902
220,30,3517,219.955826,50.5271759,3517.99902
266,73,3520,265.955841,93.5175323,3520.99902
270,30,3517,269.955841,50.5271759,3517.99902
224,73,3520,223.955826,81.7000732,3520.99902
243,126,3527,242.955826,134.707306,3527.99902
264,126,3527,263.955841,134.707306,3527.99902
224,73,3520,223.955826,81.7000732,3520.99902
264,126,3527,263.955841,134.707306,3527.99902
266,73,3520,265.955841,81.7000732,3520.99902
244,30,3566,244.893753,51.2439041,3565.55176
244,73,3560,244.890884,94.2372055,3559.5459
224,73,3520,224.893143,94.2293625,3519.55029
244,30,3566,244.895752,46.3560181,3565.55566
224,73,3520,224.893906,89.3622284,3519.55176
220,30,3517,220.89389,46.3513908,3516.55176
244,73,3560,244.896454,78.3738785,3559.55688
253,126,3547,253.891876,131.374664,3546.54785
243,126,3527,243.893051,131.375153,3526.55005
244,73,3560,244.896454,78.3738785,3559.55688
243,126,3527,243.893051,131.375153,3526.55005
224,73,3520,224.894379,78.3738785,3519.55273
243,126,3527,243.955811,135.55777,3527.29395
265,275,3532,265.958435,284.571625,3532.28516
268,275,3522,268.958435,284.571625,3522.28516
253,126,3547,253.279251,133.174347,3546.03979
275,275,3535,275.278992,282.179565,3534.03979
265,275,3532,265.292145,282.179565,3531.0437
253,126,3547,253.896194,131.506744,3546.5564
265,275,3532,265.893768,280.486969,3531.55176
243,126,3527,243.895905,131.503601,3526.55591
-398,116,4068,-397.048035,161.29715,4068.30615
-393,229,4063,-392.048828,274.246826,4063.30859
-390,229,4054,-389.047943,274.242462,4054.30591
-398,116,4068,-397.048035,161.29715,4068.30615
-390,229,4054,-389.047943,274.242462,4054.30591
-391,116,4047,-390.048431,161.290619,4047.30737
-408,79,4078,-407.049774,86.8627701,4078.31152
-398,116,4068,-397.049927,123.861824,4068.31201
-391,116,4047,-390.047943,123.860016,4047.30591
-408,79,4078,-407.046936,86.0927124,4078.30273
-391,116,4047,-390.047241,123.092804,4047.30371
-394,79,4035,-393.047089,86.0944595,4035.30322
-412,49,4082,-411.047028,55.816349,4082.30298
-408,79,4078,-407.047241,85.8125687,4078.30371
-394,79,4035,-393.046936,85.8182983,4035.30273
-412,49,4082,-411.047089,58.0239067,4082.30322
-394,79,4035,-393.046936,88.0156555,4035.30273
-395,49,4030,-394.047089,58.0187721,4030.30322
-391,116,4047,-391.663635,128.215179,4047.74805
-390,229,4054,-390.662811,241.23616,4054.74854
-383,229,4060,-383.653198,241.242081,4060.75708
-391,116,4047,-391.711975,145.31459,4047.70215
-383,229,4060,-383.712128,258.278961,4060.7019
-376,116,4062,-376.712433,145.31459,4062.70166
-394,79,4035,-394.711975,84.8198853,4035.70215
-391,116,4047,-391.711975,121.821274,4047.70215
-376,116,4062,-376.711975,121.821274,4062.70215
-394,79,4035,-394.712067,82.6441727,4035.7019
-376,116,4062,-376.710968,119.644875,4062.70312
-364,79,4064,-364.710968,82.6441727,4064.70312
-395,49,4030,-395.694458,55.7014389,4030.71948
-394,79,4035,-394.711273,85.6960831,4035.70288
-364,79,4064,-364.712219,85.6986237,4064.7019
-395,49,4030,-395.711975,58.7537231,4030.70215
-364,79,4064,-364.711975,88.7554016,4064.70215
-359,49,4066,-359.710968,58.7537231,4066.70312
-376,116,4062,-376.301086,134.041611,4061.04663
-383,229,4060,-383.295044,247.050476,4059.04468
-393,229,4063,-393.278992,247.057495,4062.03979
-376,116,4062,-376.269409,158.508438,4061.03711
-393,229,4063,-393.26886,271.480408,4062.03687
-398,116,4068,-398.268921,158.50058,4067.03687
-364,79,4064,-364.271881,85.0630569,4063.03784
-376,116,4062,-376.26181,122.063042,4061.03491
-398,116,4068,-398.26886,122.061256,4067.03687
-364,79,4064,-364.31015,82.97612,4063.04932
-398,116,4068,-398.316315,119.975166,4067.05151
-408,79,4078,-408.313324,82.9732971,4077.05054
-359,49,4066,-359.31015,57.8167114,4065.04932
-364,79,4064,-364.316315,87.8184891,4063.05151
-408,79,4078,-408.308136,87.8206406,4077.04883
-359,49,4066,-359.298187,58.5566711,4065.04565
-408,79,4078,-408.295044,88.5530014,4077.04468
-412,49,4082,-412.295044,58.5484161,4081.04468
-1158,12,2249,-1158.99902,16.0371742,2249.04272
-1174,82,2251,-1174.99915,86.0394058,2251.04102
-1172,82,2306,-1172.99902,86.0426788,2306.0437
-1158,12,2249,-1158.99902,18.0998154,2249.04395
-1172,82,2306,-1172.99805,88.1060638,2306.06128
-1156,12,2283,-1156.99902,18.1003246,2283.04272
-1174,82,2251,-1174.99902,107.26696,2251.04272
-1176,125,2256,-1176.99902,150.279343,2256.04395
-1175,125,2301,-1175.99902,150.274368,2301.04395
-1174,82,2251,-1174.99915,96.5852814,2251.04102
-1175,125,2301,-1175.99902,139.569962,2301.04248
-1172,82,2306,-1172.99902,96.5796814,2306.04248
-1217,82,2276,-1216.52087,94.4248352,2276.87769
-1212,125,2276,-1211.53223,137.433807,2276.88379
-1176,125,2256,-1175.52051,137.438141,2256.87744
-1217,82,2276,-1216.50977,89.2829895,2276.87158
-1176,125,2256,-1175.5033,132.30072,2256.86792
-1174,82,2251,-1173.51062,89.2956848,2251.87207
-1212,125,2276,-1211.50977,131.348419,2276.87158
-1193,178,2273,-1192.52051,184.347778,2273.87744
-1175,178,2263,-1174.50977,184.347778,2263.87158
-1212,125,2276,-1211.50977,131.348419,2276.87158
-1175,178,2263,-1174.50977,184.347778,2263.87158
-1176,125,2256,-1175.52051,131.346436,2256.87744
-1172,82,2306,-1171.44202,92.8424225,2305.17017
-1175,125,2301,-1174.44727,135.842178,2300.16675
-1212,125,2276,-1211.44165,135.842178,2275.17041
-1172,82,2306,-1171.46484,101.489548,2305.15527
-1212,125,2276,-1211.44751,144.492508,2275.1665
-1217,82,2276,-1216.45508,101.489548,2275.16162
-1175,125,2301,-1174.47168,128.997604,2300.15112
-1174,178,2285,-1173.47192,181.998001,2284.15088
-1193,178,2273,-1192.46411,181.998962,2272.15576
-1175,125,2301,-1174.44495,127.720802,2300.16821
-1193,178,2273,-1192.44751,180.725403,2272.1665
-1212,125,2276,-1211.45215,127.721817,2275.16357
-1193,178,2273,-1192.0437,182.809753,2272.70776
-1170,327,2266,-1169.04456,331.794495,2265.70483
-1173,327,2256,-1172.0437,331.793701,2255.70776
-1174,178,2285,-1174.32227,185.569,2284.05347
-1161,327,2263,-1161.32239,334.557068,2262.05347
-1170,327,2266,-1170.31665,334.557068,2265.05151
-1174,178,2285,-1173.46411,189.79335,2284.15576
-1170,327,2266,-1169.46411,338.792572,2265.15576
-1193,178,2273,-1192.47192,189.795364,2272.15088
-1792,162,2202,-1792.04297,186.230728,2202.99902
-1786,275,2206,-1786.04297,299.24884,2206.99902
-1776,275,2206,-1776.04297,299.24884,2206.99902
-1792,162,2202,-1792.06104,213.048355,2202.99805
-1776,275,2206,-1776.06152,326.006927,2206.99805
-1770,162,2203,-1770.04297,213.056793,2203.99902
-1803,125,2195,-1803.06055,128.970642,2195.99805
-1792,162,2202,-1792.04297,165.970917,2202.99902
-1770,162,2203,-1770.04297,165.972336,2203.99902
-1803,125,2195,-1803.0752,132.23819,2195.99707
-1770,162,2203,-1770.07605,169.239456,2203.99707
-1759,125,2198,-1759.08752,132.235001,2198.99609
-1809,95,2192,-1809.0752,109.89782,2192.99707
-1803,125,2195,-1803.08765,139.89476,2195.99609
-1759,125,2198,-1759.08716,139.889084,2198.99609
-1809,95,2192,-1809.06079,99.8436203,2192.99805
-1759,125,2198,-1759.06055,129.847214,2198.99805
-1754,95,2195,-1754.06055,99.8436203,2195.99805
-1770,162,2203,-1770.91516,192.57341,2202.59692
-1776,275,2206,-1776.91504,305.547302,2205.59668
-1780,275,2215,-1780.91504,305.552155,2214.59668
-1770,162,2203,-1770.87646,202.15242,2202.51855
-1780,275,2215,-1780.87646,315.105194,2214.51855
-1780,162,2221,-1780.87744,202.14769,2220.52051
-1759,125,2198,-1759.87646,128.812973,2197.51855
-1770,162,2203,-1770.87207,165.815689,2202.51074
-1780,162,2221,-1780.87646,165.815689,2220.51855
-1759,125,2198,-1759.86365,129.198441,2197.49609
-1780,162,2221,-1780.86365,166.196609,2220.49609
-1780,125,2234,-1780.86365,129.194931,2233.49609
-1754,95,2195,-1754.86389,109.882004,2194.49634
-1759,125,2198,-1759.86389,139.880432,2197.49634
-1780,125,2234,-1780.86841,139.872574,2233.50415
-1754,95,2195,-1754.86768,108.24939,2194.50293
-1780,125,2234,-1780.87207,138.252335,2233.51074
-1779,95,2239,-1779.87158,108.250488,2238.50977
-1780,162,2221,-1779.16931,208.292099,2220.44336
-1780,275,2215,-1779.1803,321.250305,2214.42725
-1786,275,2206,-1785.18018,321.250305,2205.42749
-1780,162,2221,-1779.15649,190.884888,2220.46289
-1786,275,2206,-1785.15515,303.924896,2205.46509
-1792,162,2202,-1791.16797,190.866089,2201.44531
-1780,125,2234,-1779.15649,132.11116,2233.46289
-1780,162,2221,-1779.15466,169.11235,2220.46582
-1792,162,2202,-1791.15466,169.111023,2201.46582
-1780,125,2234,-1779.13513,129.317535,2233.49805
-1792,162,2202,-1791.15161,166.316406,2201.4707
-1803,125,2195,-1802.14685,129.315979,2194.47852
-1779,95,2239,-1778.1438,115.35202,2238.4834
-1780,125,2234,-1779.14978,145.341278,2233.47363
-1803,125,2195,-1802.13513,145.345642,2194.49805
-1779,95,2239,-1778.16931,99.9198608,2238.44336
-1803,125,2195,-1802.16541,129.925369,2194.44922
-1809,95,2192,-1808.15649,99.9241486,2191.46289
-1603,167,1647,-1603.04297,173.05899,1647.99902
-1561,294,1674,-1561.04297,300.058929,1674.99902
-1549,294,1674,-1549.04297,300.058929,1674.99902
-1603,167,1647,-1603.08752,172.294235,1647.99609
-1549,294,1674,-1549.07593,299.283234,1674.99707
-1578,167,1649,-1578.08704,172.292145,1649.99609
-1615,126,1639,-1615.07568,132.114624,1639.99707
-1603,167,1647,-1603.07605,173.113373,1647.99707
-1578,167,1649,-1578.08777,173.111206,1649.99609
-1615,126,1639,-1615.06165,131.627335,1639.99805
-1578,167,1649,-1578.06079,172.6297,1649.99805
-1565,126,1642,-1565.06128,131.629303,1642.99805
-1621,92,1636,-1621.06152,103.167473,1636.99805
-1615,126,1639,-1615.0752,137.166443,1639.99707
-1565,126,1642,-1565.06128,137.16011,1642.99805
-1621,92,1636,-1621.07556,110.42923,1636.99707
-1565,126,1642,-1565.07544,144.438049,1642.99707
-1560,92,1640,-1560.0752,110.431023,1640.99707
-1565,126,1642,-1565.87646,130.953064,1641.51855
-1578,167,1649,-1578.87646,171.954041,1648.51855
-1589,167,1669,-1589.87659,171.952133,1668.5188
-1565,126,1642,-1565.85864,134.501205,1641.48743
-1589,167,1669,-1589.86389,175.495392,1668.49634
-1589,126,1682,-1589.86389,134.497025,1681.49634
-1560,92,1640,-1560.86145,100.869598,1639.49219
-1565,126,1642,-1565.85828,134.868561,1641.48682
-1589,126,1682,-1589.86389,134.859604,1681.49634
-1560,92,1640,-1560.86438,98.3011017,1639.49719
-1589,126,1682,-1589.86792,132.304886,1681.5033
-1588,92,1689,-1588.86438,98.3044739,1688.49719
-1589,167,1669,-1588.14978,172.513992,1668.47363
-1555,294,1684,-1554.14978,299.51413,1683.47363
-1561,294,1674,-1560.14978,299.512665,1673.47363
-1589,167,1669,-1588.16541,173.248001,1668.44922
-1561,294,1674,-1560.16736,300.25351,1673.44629
-1603,167,1647,-1602.15649,173.24649,1646.46289
-1589,126,1682,-1588.16541,132.449127,1681.44922
-1589,167,1669,-1588.15466,173.447327,1668.46582
-1603,167,1647,-1602.16541,173.445877,1646.44922
-1589,126,1682,-1588.14978,131.329742,1681.47363
-1603,167,1647,-1602.15466,172.325806,1646.46582
-1615,126,1639,-1614.14978,131.328079,1638.47363
-1588,92,1689,-1587.15161,105.685898,1688.4707
-1589,126,1682,-1588.14685,139.687119,1681.47839
-1615,126,1639,-1614.14978,139.684113,1638.47363
-1588,92,1689,-1587.15649,97.7335663,1688.46289
-1615,126,1639,-1614.15845,131.730743,1638.45984
-1621,92,1636,-1620.1499,97.7359467,1635.47339
-908,84,3122,-907.094727,86.1300659,3122.4248
-896,84,3097,-895.094727,86.1296005,3097.4248
-923,-40,3030,-922.095764,-37.8713989,3030.427
-908,84,3122,-907.169739,86.6744995,3122.55737
-923,-40,3030,-922.169739,-37.3281097,3030.55737
-973,-40,3104,-972.16925,-37.3267784,3104.55664
-960,-40,3188,-959.00293,-36.9006805,3188.07642
-910,84,3149,-909.002869,87.0960464,3149.0752
-908,84,3122,-907.002869,87.0950165,3122.0752
-960,-40,3188,-959.012451,-38.059845,3187.84277
-908,84,3122,-907.011536,85.9377441,3121.84863
-973,-40,3104,-972.011536,-38.0587463,3103.84863
-868,84,3093,-868.61554,86.7774963,3093.78809
-846,84,3110,-846.620178,86.776947,3110.78442
-796,-40,3071,-796.613342,-37.2253151,3071.78979
-868,84,3093,-868.573242,87.2405701,3093.81934
-796,-40,3071,-796.572571,-36.7576408,3071.81982
-852,-40,3033,-852.556885,-36.7576408,3033.83057
-923,-40,3030,-922.875305,-38.5850754,3030.99219
-896,84,3097,-895.867737,85.4158554,3097.99121
-868,84,3093,-867.867737,85.4153595,3093.99121
-923,-40,3030,-923.060547,-37.3868523,3030.99805
-868,84,3093,-868.060547,86.6076965,3093.99805
-852,-40,3033,-852.042969,-37.3879623,3033.99902
-848,84,3138,-848.885376,85.426651,3137.53516
-861,84,3163,-861.883789,85.4257507,3162.53223
-833,-40,3229,-833.885742,-38.5767593,3228.53589
-848,84,3138,-848.833313,86.1298523,3137.44727
-833,-40,3229,-833.833313,-37.870018,3228.44727
-784,-40,3155,-784.833313,-37.8677216,3154.44727
-796,-40,3071,-796.997009,-37.5357285,3070.92285
-846,84,3110,-846.997986,86.4628906,3109.9375
-848,84,3138,-848.997986,86.4639206,3137.9375
-796,-40,3071,-796.991089,-38.8208122,3071.13281
-848,84,3138,-848.991089,85.1795502,3138.13281
-784,-40,3155,-784.989319,-38.8188782,3155.14575
-888,84,3166,-887.388672,86.8445892,3165.20874
-910,84,3149,-909.3927,86.8445892,3148.20557
-960,-40,3188,-959.385376,-37.1576729,3187.21118
-888,84,3166,-887.447876,85.9795227,3165.16626
-960,-40,3188,-959.441406,-38.0186844,3187.17065
-904,-40,3226,-903.447266,-38.0192566,3225.16675
-833,-40,3229,-833.115845,-39.1971931,3228.00684
-861,84,3163,-861.123779,84.8000336,3162.00781
-888,84,3166,-888.115784,84.79953,3165.00684
-833,-40,3229,-832.961792,-38.6741943,3228.00073
-888,84,3166,-887.955872,85.3203506,3165.00098
-904,-40,3226,-903.955872,-38.6753044,3225.00098
-892,188,3109,-891.095215,205.123367,3109.42578
-896,84,3097,-895.09668,101.109879,3097.42896
-908,84,3122,-907.095764,101.111328,3122.427
-900,188,3140,-899.030029,194.950974,3140.24316
-892,188,3109,-891.030029,194.947845,3109.24316
-908,84,3122,-907.030029,90.9426727,3122.24316
-910,84,3149,-909.002869,98.8234177,3149.0752
-900,188,3140,-899.002869,202.818878,3140.0752
-908,84,3122,-907.002869,98.822731,3122.07544
-861,188,3117,-861.609558,195.229599,3117.79272
-846,84,3110,-846.614197,91.2258072,3110.78906
-868,84,3093,-868.613281,91.2275467,3093.78955
-892,188,3109,-892.261719,194.345459,3109.96509
-861,188,3117,-861.261719,194.346664,3117.96509
-868,84,3093,-868.261719,90.3534546,3093.96509
-896,84,3097,-895.875305,95.4977264,3097.99219
-892,188,3109,-891.867737,199.506882,3109.99121
-868,84,3093,-867.867188,95.4977264,3093.99097
-869,188,3148,-869.885498,192.551575,3147.5354
-861,84,3163,-861.885864,88.5492706,3162.53613
-848,84,3138,-848.883972,88.5506439,3137.53247
-861,188,3117,-861.970459,195.298477,3116.75879
-869,188,3148,-869.969482,195.298126,3147.75488
-848,84,3138,-848.969482,91.2911835,3137.75488
-846,84,3110,-846.997009,89.6990128,3109.92285
-861,188,3117,-861.99707,193.709137,3116.92358
-848,84,3138,-848.997009,89.7007828,3137.92285
-900,188,3140,-899.400391,192.442749,3139.19995
-910,84,3149,-909.397156,88.4478607,3148.20215
-888,84,3166,-887.385742,88.4459305,3165.21094
-869,188,3148,-868.754883,194.083633,3147.03052
-900,188,3140,-899.754883,194.082458,3139.03052
-888,84,3166,-887.758789,90.0891418,3165.02954
-861,84,3163,-861.115234,92.8013992,3162.00684
-869,188,3148,-869.12384,196.804733,3147.00781
-888,84,3166,-888.12384,92.8030243,3165.00781
-1151,275,1687,-1150.02319,275.599792,1686.78589
-1113,259,1913,-1112.02136,259.601837,1912.79443
-1032,399,1850,-1031.02136,399.599548,1849.79443
-1113,259,1913,-1112.48157,261.034851,1912.1449
-944,259,2018,-943.47168,261.035492,2017.151
-1032,399,1850,-1031.47205,401.030151,1849.15076
-920,275,1784,-920.999023,275.855743,1784.04382
-1036,399,1736,-1036.99902,399.851044,1736.04297
-1032,399,1850,-1032.99915,399.850952,1850.04102
-1036,399,1736,-1035.00098,400.638306,1735.95593
-1151,275,1687,-1150.00098,276.637115,1686.95593
-1032,399,1850,-1031.00098,400.636139,1849.95593
-1151,275,1687,-1150.00098,276.227478,1686.95593
-1036,399,1736,-1035.00098,400.22757,1735.95593
-953,492,1596,-952.000977,493.225128,1595.95593
-1036,399,1736,-1036.53418,399.700623,1735.15466
-920,275,1784,-920.526978,275.703552,1783.15015
-953,492,1596,-953.53418,492.69928,1595.15466
-920,275,1784,-920.573792,276.432953,1783.18103
-769,302,1654,-769.572327,303.434814,1653.18005
-953,492,1596,-953.572754,493.433319,1595.1803
-769,302,1654,-769.904663,302.64502,1654.42566
-870,302,1450,-870.904724,302.643768,1450.42578
-953,492,1596,-953.904724,492.639832,1596.42578
-870,302,1450,-869.911743,303.928131,1450.99609
-1023,302,1464,-1022.91174,303.927094,1464.99609
-953,492,1596,-952.912109,493.932526,1596.99609
-1023,302,1464,-1022.0979,304.193634,1464.43152
-1151,275,1687,-1150.0968,277.199982,1687.4292
-953,492,1596,-952.094299,494.193756,1596.42383
-732,163,1642,-732.644592,168.762451,1641.23547
-769,302,1654,-769.64502,307.775818,1653.23584
-920,275,1784,-920.644592,280.80365,1783.23547
-732,163,1642,-732.658203,170.188583,1641.24719
-920,275,1784,-920.658203,282.190216,1783.24719
-904,163,1790,-904.658203,170.191345,1789.24719
-847,163,1410,-847.902832,168.241745,1410.42969
-870,302,1450,-870.904724,307.241302,1450.42578
-769,302,1654,-769.904846,307.247711,1654.42566
-847,163,1410,-847.904785,168.11293,1410.42566
-769,302,1654,-769.904785,307.116241,1654.42578
-732,163,1642,-732.902893,168.112015,1642.42957
-1021,163,1426,-1020.90039,167.514084,1426.995
-1023,302,1464,-1022.92285,306.508545,1464.99695
-870,302,1450,-869.922852,306.510406,1450.99695
-1021,163,1426,-1020.91113,164.74437,1426.99597
-870,302,1450,-869.901367,303.746521,1450.99512
-847,163,1410,-846.911133,164.751816,1410.99597
-1167,163,1681,-1166.12732,172.488388,1681.48828
-1151,275,1687,-1150.12732,284.497223,1687.48828
-1023,302,1464,-1022.12732,311.484955,1464.48828
-1167,163,1681,-1166.13513,170.295975,1681.50195
-1023,302,1464,-1022.13513,309.280029,1464.50195
-1021,163,1426,-1020.13513,170.262573,1426.50195
-931,163,2057,-930.486328,165.856857,2056.14209
-944,259,2018,-943.463867,261.864105,2017.15588
-1113,259,1913,-1112.48145,261.872437,1912.14502
-931,163,2057,-930.476562,164.903717,2056.14795
-1113,259,1913,-1112.47656,260.906281,1912.14795
-1123,163,1938,-1122.47168,164.902802,1937.151
-904,163,1790,-904.974365,167.996811,1790.22461
-920,275,1784,-920.970398,280.003143,1784.24109
-889,267,1909,-889.974365,272.003387,1909.22449
-904,163,1790,-904.979309,176.52417,1790.20203
-889,267,1909,-889.978333,280.505585,1909.20703
-874,163,1932,-874.978271,176.50618,1932.20691
-889,267,1909,-889.884216,269.55307,1908.53296
-944,259,2018,-944.883911,261.551239,2017.53235
-931,163,2057,-931.883301,165.545929,2056.53125
-889,267,1909,-889.911011,272.989288,1908.58765
-931,163,2057,-931.910767,168.984879,2056.58716
-874,163,1932,-874.910767,168.982361,1931.58716
-1123,163,1938,-1122.0155,170.860245,1937.82471
-1113,259,1913,-1112.01746,266.864777,1912.81409
-1151,275,1687,-1150.01746,282.855988,1686.81409
-1123,163,1938,-1122.0155,171.14917,1937.82471
-1151,275,1687,-1150.0155,283.137329,1686.82471
-1167,163,1681,-1166.01746,171.147308,1680.81409
4309,0,-845,4309.94043,10.6814022,-844.660034
4339,303,-831,4339.94043,313.69162,-830.660034
4492,464,-1216,4492.93652,474.642365,-1215.64941
4309,0,-845,4309.92969,12.9752531,-844.631653
4492,464,-1216,4492.92969,477.047333,-1215.63171
4446,0,-1196,4446.92773,13.0039949,-1195.62683
4339,303,-831,4339.93652,310.016235,-830.649414
4392,498,-929,4392.93652,504.968933,-928.649414
4492,464,-1216,4492.93604,470.907196,-1215.64844
4492,464,-1216,4492.86768,470.125092,-1216.49695
4289,425,-1573,4289.86377,431.138,-1573.50342
4291,27,-1488,4291.86914,33.1834412,-1488.49414
4306,27,-1451,4306.91748,31.957674,-1451.39746
4492,464,-1216,4492.92578,468.981323,-1216.37781
4291,27,-1488,4291.92285,31.957674,-1488.38464
4306,27,-1451,4306.86084,37.3504601,-1451.50842
4446,0,-1196,4446.86426,10.3649807,-1196.50293
4492,464,-1216,4492.87158,474.309723,-1216.49023
4291,27,-1488,4291.91992,39.201355,-1488.3916
4289,425,-1573,4289.91797,437.16687,-1573.39648
4150,320,-1889,4150.91504,332.162109,-1889.4032
4202,27,-1696,4202.90918,37.8569908,-1696.41577
4291,27,-1488,4291.90918,37.8569908,-1488.41589
4150,320,-1889,4150.90967,330.847412,-1889.41504
3483,0,-1747,3482.84668,90.9161453,-1747.98816
3489,303,-1752,3488.84668,394.015015,-1752.98816
3193,303,-1710,3192.85352,394.132111,-1710.98914
3483,0,-1747,3482.77612,8.56839275,-1747.97461
3193,303,-1710,3192.78442,311.563171,-1710.97644
3214,18,-1688,3213.77612,26.5397129,-1688.97461
3640,27,-1960,3639.11401,32.632019,-1960.46326
3606,312,-1981,3605.10815,317.639832,-1981.45227
3489,303,-1752,3488.11523,308.613892,-1752.4657
3837,312,-1993,3837.99316,330.890259,-1992.88379
3845,312,-2068,3845.99316,330.910858,-2067.8833
3840,196,-2060,3840.99316,214.907532,-2059.8833
3845,312,-2068,3844.95605,332.521515,-2068.99902
3740,224,-2060,3739.95605,244.527802,-2060.99902
3840,196,-2060,3839.95605,216.508896,-2060.99902
3630,312,-2062,3629.03906,327.547791,-2062.27612
3606,312,-1981,3605.03979,327.547791,-1981.27893
3640,193,-2060,3639.03882,208.530609,-2060.27539
3606,312,-1981,3605.00098,324.239471,-1981.04297
3640,27,-1960,3639.00098,39.277523,-1960.04297
3640,27,-2140,3639.00098,39.277523,-2140.04297
3740,224,-2060,3740.00659,282.672943,-2060.99976
3630,312,-2062,3630.03369,370.670288,-2062.99927
3640,193,-2060,3640.00928,251.761414,-2060.99976
4211,312,-1725,4211.1958,316.604675,-1725.98059
3995,312,-1768,3995.18726,316.606934,-1768.9823
3992,27,-1737,3992.18555,31.6060371,-1737.98254
4211,312,-1725,4211.19092,323.339905,-1725.98157
3992,27,-1737,3992.19531,38.3019333,-1737.98071
4202,27,-1696,4202.17529,38.3065681,-1696.9845
3995,312,-1768,3995.81934,333.549713,-1768.57324
3837,312,-1993,3837.80225,333.51593,-1993.59656
3840,27,-1960,3840.80591,48.5304451,-1960.59155
3995,312,-1768,3995.81372,321.494324,-1768.58093
3840,27,-1960,3840.8208,36.4833641,-1960.57117
3992,27,-1737,3992.80933,36.5183411,-1737.58728
2825,18,-1201,2824.02905,27.3494091,-1201.23926
2873,18,-1401,2872.02612,27.3537254,-1401.22656
2843,303,-1415,2842.02515,312.32724,-1415.22266
2825,18,-1201,2824.02515,30.8875065,-1201.22266
2843,303,-1415,2842.02637,315.921448,-1415.22729
2789,303,-1183,2788.02319,315.903381,-1183.21387
2789,303,-1183,2788.00684,313.549042,-1182.8833
2834,303,-834,2833.00684,313.546967,-833.883301
2872,18,-804,2871.00586,28.5610943,-803.891907
2789,303,-1183,2788.00684,308.285309,-1182.8833
2872,18,-804,2871.00488,23.3338566,-803.901306
2825,18,-1201,2824.00684,23.309761,-1200.8833
3193,303,-1710,3192.35449,313.592773,-1710.76367
2843,303,-1415,2842.35498,313.545013,-1415.76416
2873,18,-1401,2872.35376,28.5755482,-1401.76306
3193,303,-1710,3192.35498,315.860107,-1710.76416
2873,18,-1401,2872.35449,30.8048229,-1401.76367
3214,18,-1688,3213.35498,30.8347931,-1688.76416
4071,0,-540,4071.78467,10.8800364,-539.380127
4339,303,-831,4339.78857,313.93219,-830.385071
4309,0,-845,4309.78076,10.8846493,-844.375183
2936,224,-393,2935.03491,275.090698,-393.261841
2845,224,-80,2844.04077,274.964569,-80.2823944
2847,41,-78,2846.03882,92.033226,-78.2753983
2936,224,-393,2935.08813,228.884979,-393.41037
2847,41,-78,2846.09082,45.8864059,-78.4163055
2990,41,-391,2989.08813,45.8901138,-391.410431
2936,224,-393,2935.01758,228.607605,-393.186615
2990,41,-391,2989.01831,45.6153717,-391.19046
3035,41,-611,3034.01758,45.6075134,-611.18634
2993,303,-636,2992.04077,311.112152,-636.282227
2936,224,-393,2935.03491,232.095856,-393.26181
3035,41,-611,3034.03906,49.095089,-611.276123
2834,303,-834,2833.20728,320.470276,-833.390442
2993,303,-636,2992.21021,320.447784,-635.386658
3035,41,-611,3034.20728,58.3910904,-610.390442
2872,18,-804,2871.2356,40.729351,-803.355286
2834,303,-834,2833.23071,325.732513,-833.361145
3035,41,-611,3034.24805,63.8227081,-610.34082
3857,401,-1177,3856.08862,402.63858,-1176.5885
3842,450,-1140,3841.08496,451.639008,-1139.59668
3869,450,-1081,3868.08496,451.638031,-1080.59668
3857,401,-1177,3856.08862,403.643707,-1176.5885
3869,450,-1081,3868.08496,452.644196,-1080.59668
3895,401,-1094,3894.08862,403.644684,-1093.5885
3778,401,-1221,3777.49609,401.955261,-1220.13635
3785,450,-1172,3784.49609,450.956268,-1171.13635
3842,450,-1140,3841.49609,450.956635,-1139.13635
3778,401,-1221,3777.50977,402.152069,-1220.12842
3842,450,-1140,3841.49609,451.149658,-1139.13635
3857,401,-1177,3856.50977,402.14975,-1176.12842
3615,372,-1153,3615.66797,374.304413,-1152.25586
3621,401,-1149,3621.67896,403.304077,-1148.26587
3688,401,-1211,3688.67798,403.308228,-1210.26501
3603,401,-1060,3603.97949,404.77417,-1059.79858
3621,401,-1149,3621.97827,404.775238,-1148.79297
3615,372,-1153,3615.97827,375.776276,-1152.79297
3720,401,-934,3720.47754,401.854858,-934.878479
3744,450,-965,3744.47949,450.855377,-965.877502
3687,450,-997,3687.48828,450.856171,-997.87262
3720,401,-934,3720.46484,402.897491,-934.885315
3687,450,-997,3687.47949,451.897186,-997.877502
3641,401,-978,3641.47754,402.898285,-978.878601
3810,401,-944,3809.86792,403.339264,-944.991211
3809,450,-973,3808.86792,452.340179,-973.991211
3744,450,-965,3743.87573,452.342224,-965.992249
3810,401,-944,3809.90137,402.538025,-944.995117
3744,450,-965,3743.8833,451.536652,-965.993164
3720,401,-934,3719.88281,402.536255,-934.993103
3877,401,-1006,3876.32056,402.610443,-1006.73358
3857,450,-1017,3856.32056,451.610382,-1017.7337
3809,450,-973,3808.32056,451.612213,-973.733643
3877,401,-1006,3876.31958,402.998962,-1006.73267
3809,450,-973,3808.31738,451.997528,-973.730774
3810,401,-944,3809.31738,402.997772,-944.730713
3895,401,-1094,3894.01562,402.678162,-1094.17554
3869,450,-1081,3868.01465,451.675385,-1081.16931
3857,450,-1017,3856.01562,451.673096,-1017.17566
3895,401,-1094,3894.02148,402.581909,-1094.20569
3857,450,-1017,3856.01831,451.583496,-1017.19043
3877,401,-1006,3876.01758,402.5849,-1006.18567
3762,0,-924,3762.1748,2.54074931,-924.984558
3661,130,-1027,3661.15723,132.53566,-1027.98755
3634,-30,-927,3634.16943,-27.4621658,-927.985535
3762,0,-924,3761.86865,0.543291211,-924.991333
3717,130,-1034,3716.86792,130.544861,-1034.99121
3661,130,-1027,3660.88281,130.544205,-1027.99304
3661,130,-1027,3661.55078,131.8452,-1027.83459
3533,-29,-996,3533.54297,-27.1573753,-996.8396
3634,-30,-927,3634.55078,-28.1569347,-927.834473
3661,130,-1027,3661.59766,131.412735,-1027.80151
3616,130,-1061,3616.58594,131.413193,-1061.81018
3533,-29,-996,3533.60156,-27.5882988,-996.798767
3843,-27,-1165,3842.00098,-25.2316132,-1165.04297
3743,130,-1086,3742.00098,131.764008,-1086.04309
3839,-30,-1030,3838.00098,-28.2343788,-1030.04297
3843,-27,-1165,3842.00195,-25.82201,-1165.06055
3747,130,-1143,3746.00195,131.177124,-1143.06055
3743,130,-1086,3742.00195,131.176651,-1086.0614
3743,130,-1086,3742.0957,131.602859,-1086.42651
3762,0,-924,3761.0957,1.59858,-924.426575
3839,-30,-1030,3838.10669,-28.3991108,-1030.44922
3743,130,-1086,3742.10474,132.008682,-1086.44531
3717,130,-1034,3716.09473,132.009979,-1034.4248
3762,0,-924,3761.09448,2.01232219,-924.424072
3747,130,-1143,3746.00195,136.683777,-1143.06238
3728,281,-1090,3727.00195,287.687378,-1090.06152
3743,130,-1086,3742.00293,136.686203,-1086.07568
3728,281,-1090,3727.03296,286.850098,-1090.25403
3706,281,-1009,3705.03003,286.86441,-1009.24316
3743,130,-1086,3742.03076,135.845444,-1086.24609
3627,-29,-1268,3627.04102,-27.2117138,-1267.00085
3701,130,-1178,3701.04126,131.782822,-1177.00085
3734,-29,-1270,3734.04395,-27.2112236,-1269.00098
3627,-29,-1268,3627.13135,-26.8865852,-1267.00867
3645,130,-1170,3645.13135,132.113739,-1169.00867
3701,130,-1178,3701.14502,132.115112,-1177.01062
3701,130,-1178,3700.30127,132.002441,-1177.28467
3843,-27,-1165,3842.29932,-24.9936352,-1164.28662
3734,-29,-1270,3733.2998,-26.993824,-1269.28613
3701,130,-1178,3700.38013,132.121414,-1177.21533
3747,130,-1143,3746.37524,132.121414,-1142.21924
3843,-27,-1165,3842.38525,-24.8773174,-1164.2113
3645,130,-1170,3645.13135,132.881851,-1169.00867
3661,281,-1108,3661.13135,283.87677,-1107.00867
3701,130,-1178,3701.14575,132.881378,-1177.01074
3661,281,-1108,3660.72949,283.604248,-1107.03735
3728,281,-1090,3727.73633,283.603699,-1089.0354
3701,130,-1178,3700.73633,132.600143,-1177.0354
3728,281,-1090,3727.38525,282.503784,-1089.2113
3747,130,-1143,3746.38525,131.500366,-1142.2113
3701,130,-1178,3700.38037,131.501816,-1177.21521
3533,-29,-996,3533.98535,-27.6345482,-996.169373
3619,130,-1119,3619.98535,131.364227,-1119.16968
3510,-28,-1147,3510.98535,-26.6364174,-1147.1698
3533,-29,-996,3533.99805,-28.1876926,-995.939453
3616,130,-1061,3616.99829,130.804932,-1060.94165
3619,130,-1119,3619.99829,130.803833,-1118.94238
3619,130,-1119,3619.71387,131.255356,-1118.2998
3627,-29,-1268,3627.71484,-27.7446098,-1267.30078
3510,-28,-1147,3510.71411,-26.7392406,-1146.30005
3619,130,-1119,3619.88403,132.248093,-1118.53259
3645,130,-1170,3645.8833,132.247406,-1169.53125
3627,-29,-1268,3627.88354,-26.7474918,-1267.53174
3616,130,-1061,3616.99902,133.691864,-1060.95593
3639,281,-1027,3639.99805,284.685547,-1026.93945
3619,130,-1119,3619.99902,133.694885,-1118.95605
3639,281,-1027,3639.96069,283.29245,-1026.72266
3661,281,-1108,3661.9646,283.293304,-1107.73633
3619,130,-1119,3619.96265,132.291077,-1118.72949
3661,281,-1108,3661.88403,283.226196,-1107.53259
3645,130,-1170,3645.8833,132.225739,-1169.53125
3619,130,-1119,3619.88354,132.224838,-1118.53174
3421,62,-1086,3420.95605,62.8884201,-1085.00098
3412,20,-1119,3411.95605,20.8885155,-1118.00098
3403,62,-1086,3402.95605,62.8884201,-1085.00098
3403,62,-1086,3402.47192,63.3542519,-1085.15088
3412,20,-1119,3411.46875,21.3548412,-1118.15283
3388,62,-1095,3387.46387,63.3538551,-1094.15588
3436,62,-1095,3436.5127,63.2943039,-1094.14148
3412,20,-1119,3412.52222,21.2951908,-1118.14722
3421,62,-1086,3421.50293,63.2944031,-1085.13574
3445,62,-1110,3445.85522,63.4258728,-1109.48181
3412,20,-1119,3412.84888,21.4264622,-1118.47168
3436,62,-1095,3436.84961,63.4256744,-1094.47266
3403,62,-1152,3402.95605,62.5007629,-1152.99902
3412,20,-1119,3411.95605,20.5008564,-1119.99902
3421,62,-1152,3420.95605,62.5007629,-1152.99902
3421,62,-1152,3421.45898,63.4468575,-1152.88831
3412,20,-1119,3412.46826,21.4474487,-1119.88354
3436,62,-1144,3436.46094,63.4468575,-1144.88733
3445,62,-1128,3445.99902,62.5130119,-1128.04297
3412,20,-1119,3412.99902,20.5131073,-1119.04297
3445,62,-1110,3445.99902,62.5130119,-1110.04297
3436,62,-1144,3436.86792,62.8455467,-1144.49658
3412,20,-1119,3412.86377,20.8454494,-1119.50366
3445,62,-1128,3445.86401,62.8455467,-1128.50342
3379,62,-1128,3378.1228,64.0122299,-1128.4801
3412,20,-1119,3411.12256,22.0121307,-1119.47961
3388,62,-1144,3387.12256,64.0118332,-1144.47961
3388,62,-1144,3387.51855,63.8987236,-1144.87646
3412,20,-1119,3411.53174,21.8992195,-1119.88354
3403,62,-1152,3402.53125,63.898922,-1152.8833
3379,62,-1110,3378.00098,62.8761711,-1110.04297
3412,20,-1119,3411.00098,20.8762646,-1119.04297
3379,62,-1128,3378.00098,62.8761711,-1128.04297
3388,62,-1095,3387.13525,63.4128151,-1094.4978
3412,20,-1119,3411.13574,21.4137993,-1118.49707
3379,62,-1110,3378.13525,63.4128151,-1109.4978
3428,61,-931,3427.12793,62.6167259,-930.51062
3454,18,-958,3453.12793,19.6172295,-957.51062
3418,61,-948,3417.13135,62.6167259,-947.504639
3418,61,-948,3417.00098,62.3508568,-948.042969
3454,18,-958,3453.00098,19.3505554,-958.042969
3418,61,-968,3417.00098,62.3508568,-968.042969
3445,61,-921,3444.49121,61.7871552,-920.13916
3454,18,-958,3453.48145,18.7865334,-957.144958
3428,61,-931,3427.47656,61.7867775,-930.147949
3464,61,-921,3463.95508,62.2806168,-920.001038
3454,18,-958,3453.95508,19.2801533,-957.001038
3445,61,-921,3444.95508,62.2806168,-920.001038
3481,61,-984,3481.84912,62.3513718,-984.527954
3454,18,-958,3454.83838,19.3515549,-958.544556
3491,61,-968,3491.84521,62.3517494,-968.534424
3491,61,-968,3491.99902,62.8612671,-968.042969
3454,18,-958,3454.99878,19.8605213,-958.042969
3491,61,-948,3491.99902,62.8612671,-948.042969
3481,61,-931,3481.50195,62.3896866,-930.135132
3454,18,-958,3454.50195,19.3886108,-957.135132
3464,61,-921,3464.50684,62.3894997,-920.138
3491,61,-948,3491.85254,61.5575562,-947.477356
3454,18,-958,3454.86377,18.5568562,-957.496155
3481,61,-931,3481.86084,61.55793,-930.491211
3445,61,-994,3444.95605,62.1762886,-994.999023
3454,18,-958,3453.95605,19.1761761,-958.999023
3464,61,-994,3463.95605,62.1762886,-994.999023
3464,61,-994,3464.49512,62.3376503,-994.868713
3454,18,-958,3454.49512,19.3381538,-958.868713
3481,61,-984,3481.50684,62.3376503,-984.861877
3428,61,-984,3427.48828,61.5466805,-984.859131
3454,18,-958,3453.4978,18.5452633,-958.864746
3445,61,-994,3444.49194,61.5468712,-994.861267
3418,61,-968,3417.15039,62.7417297,-968.527344
3454,18,-958,3453.1499,19.7423286,-958.526489
3428,61,-984,3427.14722,62.7417297,-984.522034
3589,101,-1824,3588.67578,109.024239,-1823.05408
3598,145,-1815,3597.68188,153.021973,-1814.052
3620,145,-1808,3619.67676,153.023819,-1807.05371
3589,101,-1824,3588.67578,105.905174,-1823.05408
3620,145,-1808,3619.66211,149.905838,-1807.05884
3631,101,-1810,3630.67578,105.909195,-1809.05408
3585,65,-1829,3584.67896,77.7507172,-1828.05298
3589,101,-1824,3588.65942,113.753433,-1823.05981
3631,101,-1810,3630.67676,113.750893,-1809.05371
3585,65,-1829,3584.66211,78.1901855,-1828.05884
3631,101,-1810,3630.65942,114.183014,-1809.05981
3637,65,-1811,3636.67578,78.1841202,-1810.05408
3631,101,-1810,3630.30176,109.113945,-1810.71582
3620,145,-1808,3619.28638,153.117722,-1808.70044
3605,145,-1793,3604.2832,153.117722,-1793.69727
3631,101,-1810,3630.30176,109.113945,-1810.71582
3605,145,-1793,3604.2832,153.117722,-1793.69727
3602,101,-1781,3601.28931,109.113945,-1781.70349
3637,65,-1811,3636.2832,71.5182724,-1811.69714
3631,101,-1810,3630.28345,107.514671,-1810.69751
3602,101,-1781,3601.28296,107.514671,-1781.69702
3637,65,-1811,3636.2832,71.5182724,-1811.69714
3602,101,-1781,3601.28296,107.514671,-1781.69702
3601,65,-1775,3600.28442,71.5182724,-1775.69849
3605,145,-1793,3605.9541,157.519836,-1793.29944
3615,280,-1802,3615.95581,292.501099,-1802.29382
3612,280,-1812,3612.95093,292.501099,-1812.30933
3605,145,-1793,3605.94995,154.463165,-1793.31226
3612,280,-1812,3612.95093,289.444733,-1812.30933
3598,145,-1815,3598.95117,154.463165,-1815.30859
3602,101,-1781,3602.94702,108.430367,-1781.32092
3605,145,-1793,3605.94897,152.426514,-1793.31506
3598,145,-1815,3598.95093,152.42485,-1815.3092
3602,101,-1781,3602.94995,109.00592,-1781.31226
3598,145,-1815,3598.95581,153.003677,-1815.29346
3589,101,-1824,3589.95386,109.00592,-1824.29968
3601,65,-1775,3601.95093,74.9850311,-1775.30908
3602,101,-1781,3602.95581,110.985565,-1781.29382
3589,101,-1824,3589.95874,110.982292,-1824.28381
3601,65,-1775,3601.95874,74.2339401,-1775.28394
3589,101,-1824,3589.95581,110.238312,-1824.29358
3585,65,-1829,3585.95874,74.2412338,-1829.28394
4039,15,-1038,4038.18018,33.267765,-1037.42749
4023,70,-1053,4022.18066,88.2644119,-1052.42676
4034,70,-1038,4033.18994,88.2644119,-1037.4137
4039,15,-1038,4038.13184,21.9972324,-1037.50378
4031,15,-1052,4030.12305,21.9972324,-1051.51953
4023,70,-1053,4022.13525,77.0039368,-1052.4978
4039,15,-1020,4038.00098,29.1059532,-1020.04297
4039,15,-1038,4038.00098,29.1059532,-1038.04297
4034,70,-1020,4033.00098,84.0985413,-1020.04297
4039,15,-1038,4038.00098,29.1059532,-1038.04297
4034,70,-1038,4033.00098,84.0985413,-1038.04297
4034,70,-1020,4033.00098,84.0985413,-1020.04297
3975,15,-1038,3975.99902,28.1296654,-1038.04297
3975,15,-1020,3975.99902,28.1296654,-1020.04297
3979,69,-1038,3979.99902,82.118927,-1038.04297
3975,15,-1020,3975.99902,28.1296654,-1020.04297
3979,69,-1020,3979.99902,82.118927,-1020.04297
3979,69,-1038,3979.99902,82.118927,-1038.04297
3999,15,-997,3999.26196,27.4186115,-997.965027
4006,69,-1001,4006.26172,81.4163971,-1001.96503
3989,69,-1006,3989.27539,81.4163971,-1006.96118
3999,15,-997,3998.95605,30.559166,-997.999023
4016,15,-997,4015.95605,30.559166,-997.999023
4006,69,-1001,4005.95605,84.5484314,-1001.99902
3984,15,-1005,3984.45898,26.9787693,-1005.88818
3999,15,-997,3999.4668,26.9828491,-997.884338
3989,69,-1006,3989.46094,80.968956,-1006.88721
3975,15,-1020,3975.81396,24.6523914,-1020.58081
3989,69,-1006,3989.80908,78.6345139,-1006.58752
3979,69,-1020,3979.81934,78.6385727,-1020.57324
3975,15,-1020,3975.85498,20.83465,-1020.51843
3984,15,-1005,3984.85205,20.83465,-1005.52319
3989,69,-1006,3989.85791,74.8426514,-1006.51361
4031,15,-1052,4030.4834,37.1753387,-1051.1438
4016,15,-1061,4015.47168,37.1712112,-1060.151
4023,70,-1053,4022.47168,92.1664352,-1052.151
4016,15,-1061,4015.70605,23.7575626,-1060.04419
4006,69,-1058,4005.70605,77.7518082,-1057.04419
4023,70,-1053,4022.70605,78.7514877,-1052.04419
4016,15,-1061,4015.95605,29.1366253,-1060.00098
3999,15,-1061,3998.95605,29.1366253,-1060.00098
4006,69,-1058,4005.95605,83.1239777,-1057.00098
3999,15,-1061,3999.28345,23.5178623,-1060.04102
3989,69,-1053,3989.2832,77.5168991,-1052.04102
4006,69,-1058,4006.28296,77.5203018,-1057.04089
3999,15,-1061,3999.5166,34.6989403,-1060.1438
3984,15,-1052,3984.5022,34.6950951,-1051.13525
3989,69,-1053,3989.5,88.6972961,-1052.13403
3984,15,-1052,3984.82935,33.95224,-1051.44141
3979,69,-1038,3979.82959,87.9496765,-1037.44165
3989,69,-1053,3989.83398,87.9533386,-1052.44824
3984,15,-1052,3984.83325,32.7448273,-1051.44727
3975,15,-1038,3975.83203,32.7448273,-1037.44531
3979,69,-1038,3979.83447,86.7412186,-1037.44897
4023,70,-1006,4022.53149,83.4530487,-1006.88342
4016,15,-997,4015.53125,28.4594421,-997.883301
4031,15,-1005,4030.51953,28.4579926,-1005.87695
4023,70,-1006,4022.71655,79.0443649,-1006.95898
4006,69,-1001,4005.7168,78.0438995,-1001.95905
4016,15,-997,4015.72412,24.0495682,-997.961182
4031,15,-1005,4030.20776,25.4017715,-1005.61005
4034,70,-1020,4033.21094,80.3971558,-1020.61426
4023,70,-1006,4022.21045,80.3971558,-1006.61365
4031,15,-1005,4030.11279,26.2037792,-1005.4613
4039,15,-1020,4038.11426,26.2037792,-1020.46411
4034,70,-1020,4033.11572,81.2005692,-1020.4668
3424,15,-928,3424.86377,27.9843693,-928.503723
3428,61,-931,3428.86157,73.9846725,-931.507629
3418,61,-948,3418.86084,73.9801254,-948.508728
3424,15,-928,3424.86377,24.0086231,-928.50354
3418,61,-948,3418.85791,70.0142365,-948.513672
3413,15,-947,3413.86353,24.0086231,-947.503906
3443,15,-917,3443.49512,22.9850731,-917.868652
3445,61,-921,3445.48828,68.9906235,-921.87262
3428,61,-931,3428.49512,68.9906235,-931.868713
3443,15,-917,3443.48828,21.803688,-917.872559
3428,61,-931,3428.48633,67.8004456,-931.873596
3424,15,-928,3424.47949,21.803688,-928.877502
3484,15,-928,3483.49609,24.831089,-928.863708
3481,61,-931,3480.49146,70.829689,-931.861023
3464,61,-921,3463.49634,70.831749,-921.863892
3484,15,-928,3483.49634,22.9808064,-928.863892
3464,61,-921,3463.49609,68.9872208,-921.863708
3465,15,-917,3464.49634,22.9808064,-917.863892
3465,15,-917,3464.95605,29.4665184,-917.999023
3464,61,-921,3463.95605,75.4601822,-921.999023
3445,61,-921,3444.95605,75.4601822,-921.999023
3465,15,-917,3464.95605,29.4665184,-917.999023
3445,61,-921,3444.95605,75.4601822,-921.999023
3443,15,-917,3442.95605,29.4665184,-917.999023
3413,15,-969,3413.84961,28.3612652,-968.472595
3418,61,-968,3418.84229,74.3551331,-967.460999
3428,61,-984,3428.84424,74.3551331,-983.46405
3413,15,-969,3413.85791,24.6283226,-968.486328
3428,61,-984,3428.86084,70.6300201,-983.491211
3424,15,-988,3424.86157,24.6283226,-987.492371
3413,15,-947,3413.99902,27.7110996,-947.042969
3418,61,-948,3418.99902,73.7080002,-948.042969
3418,61,-968,3418.99902,73.7080002,-968.042969
3413,15,-947,3413.99902,27.7110996,-947.042969
3418,61,-968,3418.99902,73.7080002,-968.042969
3413,15,-969,3413.99902,27.7110996,-969.042969
3424,15,-988,3424.5022,27.3474751,-987.135254
3428,61,-984,3428.50195,73.3491669,-983.135132
3445,61,-994,3445.50269,73.3496857,-993.135559
3424,15,-988,3424.50195,23.8449364,-987.135132
3445,61,-994,3445.49512,69.8419418,-993.131226
3443,15,-999,3443.50195,23.8428154,-998.135132
3443,15,-999,3442.95605,26.3437309,-998.000977
3445,61,-994,3444.95605,72.3406296,-993.000977
3464,61,-994,3463.95605,72.3406296,-993.000977
3443,15,-999,3442.95605,26.3437309,-998.000977
3464,61,-994,3463.95605,72.3406296,-993.000977
3465,15,-999,3464.95605,26.3437309,-998.000977
3495,15,-947,3494.13843,23.3323841,-947.507324
3491,61,-948,3490.13525,69.3274155,-948.501953
3481,61,-931,3480.1355,69.3302689,-931.502502
3495,15,-947,3494.12305,21.8625145,-947.480408
3481,61,-931,3480.12793,67.8535461,-931.489197
3484,15,-928,3483.13159,21.8625145,-928.49585
3465,15,-999,3464.48633,22.71912,-998.142029
3464,61,-994,3463.47656,68.7224045,-993.147949
3481,61,-984,3480.48145,68.7224045,-983.144958
3465,15,-999,3464.49609,21.5602055,-998.136292
3481,61,-984,3480.49121,67.5610733,-983.13916
3484,15,-988,3483.49609,21.5602055,-987.136292
3484,15,-988,3483.1499,26.0542736,-987.473389
3481,61,-984,3480.1416,72.0583191,-983.487061
3491,61,-968,3490.14697,72.0583191,-967.478149
3484,15,-988,3483.13184,32.0843697,-987.503723
3491,61,-968,3490.13574,78.0886536,-967.497009
3495,15,-969,3494.1355,32.0843697,-968.497375
3495,15,-969,3494.00098,24.4078503,-969.042969
3491,61,-968,3490.00098,70.4001083,-968.042969
3491,61,-948,3490.00098,70.4001083,-948.042969
3495,15,-969,3494.00098,24.4078503,-969.042969
3491,61,-948,3490.00098,70.4001083,-948.042969
3495,15,-947,3494.00098,24.4078503,-947.042969
3402,15,-1082,3401.95605,24.7477169,-1082.99902
3422,15,-1082,3421.95605,24.7477169,-1082.99902
3421,62,-1086,3420.95605,71.7416077,-1086.99902
3402,15,-1082,3401.95605,24.7477169,-1082.99902
3421,62,-1086,3420.95605,71.7416077,-1086.99902
3403,62,-1086,3402.95605,71.7416077,-1086.99902
3439,15,-1092,3438.12793,22.7848892,-1092.48901
3449,15,-1109,3448.12793,22.7848892,-1109.48926
3445,62,-1110,3444.14087,69.7932892,-1110.51172
3439,15,-1092,3438.1355,23.3557072,-1092.50244
3445,62,-1110,3444.13525,70.3469315,-1110.5022
3436,62,-1095,3435.13818,70.3497238,-1095.5072
3422,15,-1082,3421.49634,30.876339,-1082.86389
3439,15,-1092,3438.49634,30.8805447,-1092.86389
3436,62,-1095,3435.49219,77.8854218,-1095.86145
3422,15,-1082,3421.47241,25.8284092,-1082.84949
3436,62,-1095,3435.47754,72.8364639,-1095.85266
3421,62,-1086,3420.47754,72.8342743,-1086.85266
3374,15,-1129,3374.99902,28.8069687,-1129.04297
3374,15,-1109,3374.99902,28.8069687,-1109.04297
3379,62,-1110,3379.99902,75.81073,-1110.04297
3374,15,-1129,3374.99902,28.8069687,-1129.04297
3379,62,-1110,3379.99902,75.81073,-1110.04297
3379,62,-1128,3379.99902,75.81073,-1128.04297
3374,15,-1109,3374.84961,20.4301453,-1109.52734
3384,15,-1092,3384.86157,20.4347897,-1092.50757
3388,62,-1095,3388.85498,67.4301605,-1095.51843
3374,15,-1109,3374.86084,27.6700268,-1109.50879
3388,62,-1095,3388.85498,74.6763992,-1095.51855
3379,62,-1110,3379.84888,74.673996,-1110.5282
3384,15,-1092,3384.47803,31.7792168,-1092.8783
3402,15,-1082,3402.47754,31.7763252,-1082.87854
3403,62,-1086,3403.47754,78.7828445,-1086.87842
3384,15,-1092,3384.50684,25.508091,-1092.86194
3403,62,-1086,3403.50342,72.5032349,-1086.86401
3388,62,-1095,3388.50195,72.5032349,-1095.86487
3439,15,-1147,3438.49121,28.8455715,-1146.13916
3422,15,-1157,3421.47241,28.8431778,-1156.15051
3421,62,-1152,3420.48682,75.8408432,-1151.14172
3439,15,-1147,3438.50977,26.6128807,-1146.12842
3421,62,-1152,3420.53125,73.6210251,-1151.1167
3436,62,-1144,3435.51074,73.618187,-1143.12793
3449,15,-1129,3448.1228,24.5555515,-1128.5199
3439,15,-1147,3438.1228,24.5555515,-1146.5199
3436,62,-1144,3435.11938,71.5601196,-1143.52625
3449,15,-1129,3448.1228,25.2968388,-1128.5199
3436,62,-1144,3435.1228,72.3048172,-1143.5199
3445,62,-1128,3444.12305,72.3048172,-1127.51953
3449,15,-1109,3448.00098,28.4870777,-1109.04297
3449,15,-1129,3448.00098,28.4870777,-1129.04297
3445,62,-1128,3444.00098,75.4809647,-1128.04297
3449,15,-1109,3448.00098,28.4870777,-1109.04297
3445,62,-1128,3444.00098,75.4809647,-1128.04297
3445,62,-1110,3444.00098,75.4809647,-1110.04297
3402,15,-1157,3402.48145,29.0931778,-1156.12354
3384,15,-1147,3384.48022,29.0893898,-1146.12292
3388,62,-1144,3388.4812,76.085434,-1143.12341
3402,15,-1157,3402.46826,28.4084663,-1156.11646
3388,62,-1144,3388.46802,75.4029007,-1143.11633
3403,62,-1152,3403.46484,75.4023056,-1151.11462
3384,15,-1147,3384.86792,23.4054623,-1146.5033
3374,15,-1129,3374.86768,23.4054623,-1128.50293
3379,62,-1128,3379.87158,70.4040298,-1127.50977
3384,15,-1147,3384.86353,27.2834263,-1146.49609
3379,62,-1128,3379.86401,74.2834473,-1127.49658
3388,62,-1144,3388.86084,74.2811203,-1143.49121
3422,15,-1157,3421.95605,23.5445786,-1156.00098
3402,15,-1157,3401.95605,23.5445786,-1156.00098
3403,62,-1152,3402.95605,70.5483398,-1151.00098
3422,15,-1157,3421.95605,23.5445786,-1156.00098
3403,62,-1152,3402.95605,70.5483398,-1151.00098
3421,62,-1152,3420.95605,70.5483398,-1151.00098
