-326,372,-8767,-325.257599,435.329254,-8767.66992
-682,-127,-9167,-681.248901,-63.7031212,-9167.66016
-340,-294,-8763,-339.240417,-230.530594,-8763.65039
94,585,-8461,94.5839844,625.248535,-8461.81152
-326,372,-8767,-325.426697,412.297272,-8767.81934
-340,-294,-8763,-339.42392,-253.344376,-8763.81738
-935,-127,-8661,-935.87146,-60.5310555,-8660.50977
-970,97,-8715,-970.885193,163.436417,-8714.53516
-752,256,-8318,-752.884216,322.224487,-8317.5332
0,143,-6599,0.175805107,220.380371,-6598.01562
521,457,-6700,521.169922,534.89978,-6699.01465
521,250,-6702,521.169922,327.628723,-6701.01465
136,87,-6110,136.638519,88.6397552,-6110.76953
224,420,-6399,224.64502,421.645691,-6399.76416
20,255,-6395,20.6495495,256.64035,-6395.76025
136,87,-6110,136.707138,88.6159286,-6110.70703
20,255,-6395,20.7086315,256.615173,-6395.70557
-82,128,-6377,-81.2938004,129.610321,-6377.70801
136,-297,-6110,136.753677,-240.686386,-6110.65723
-82,128,-6377,-81.2429199,184.378143,-6377.65332
-111,-110,-6405,-110.243767,-53.6219788,-6405.6543
-355,310,-6491,-355.803864,310.682617,-6491.59473
-723,585,-6420,-723.808716,585.683289,-6420.58789
-526,371,-6352,-526.819336,371.6828,-6352.57324
-333,-110,-6411,-333.680725,-101.902557,-6411.73242
-355,310,-6491,-355.664917,318.088135,-6491.74658
-526,371,-6352,-526.680786,379.064728,-6352.73242
-333,-110,-6411,-333.596161,-103.950935,-6411.80273
-526,371,-6352,-526.58667,377.066864,-6352.80957
-589,-286,-6205,-589.586609,-279.991425,-6205.80957
-402,430,-6670,-402.862488,430.517517,-6670.50586
-569,564,-6643,-569.864868,564.520325,-6643.50195
-723,585,-6420,-723.871277,585.519043,-6420.49023
-300,164,-6680,-300.996979,167.07225,-6679.92236
-402,430,-6670,-402.996979,433.063293,-6669.92236
-380,391,-6581,-380.996979,394.064819,-6580.92236
-380,391,-6581,-380.803619,391.991638,-6581.59473
-723,585,-6420,-723.79187,585.997314,-6420.61035
-355,310,-6491,-355.803619,310.991211,-6491.59473
-300,164,-6680,-300.999054,166.718216,-6680.04297
-380,391,-6581,-380.999023,393.729095,-6581.04395
-355,310,-6491,-355.998993,312.731018,-6491.04443
-300,164,-6680,-300.976624,176.688873,-6680.21484
-355,310,-6491,-355.977692,322.707123,-6491.20996
-333,-110,-6411,-333.977692,-97.2787476,-6411.20947
-82,128,-6377,-81.0466156,130.163834,-6376.69824
20,255,-6395,20.948595,257.158081,-6394.68359
0,143,-6599,0.953627527,145.159424,-6598.69922
-111,-110,-6405,-110.065872,-101.02092,-6404.64307
-82,128,-6377,-81.0620193,136.968628,-6376.65332
0,143,-6599,0.937713325,151.95697,-6598.65283
521,457,-6700,521.929565,460.692841,-6699.63135
556,710,-6603,556.922546,713.69281,-6602.61426
811,869,-7120,811.924561,872.702637,-7119.61914
0,143,-6599,0.968961298,143.730164,-6598.75293
224,420,-6399,224.972137,420.735992,-6398.76562
556,710,-6603,556.969727,710.746094,-6602.75586
0,143,-6599,0.410988927,145.654358,-6598.08838
556,710,-6603,556.405029,712.652527,-6602.08594
521,457,-6700,521.396301,459.655975,-6699.08203
-833,479,-6972,-833.65918,480.365234,-6971.24805
-569,564,-6643,-569.644653,565.364807,-6642.23584
-402,430,-6670,-402.655579,431.362976,-6669.24512
-708,226,-7034,-708.628662,227.45311,-7033.22266
-833,479,-6972,-833.628784,480.459045,-6971.22266
-402,430,-6670,-402.620361,431.451569,-6669.21582
-708,226,-7034,-708.698242,230.870987,-7033.28418
-402,430,-6670,-402.691956,434.879303,-6669.27832
-300,164,-6680,-300.687927,168.870026,-6679.27441
-829,248,-7479,-829.969482,250.265427,-7478.75488
-833,479,-6972,-833.970825,481.273712,-6971.76025
-708,226,-7034,-708.970459,228.274338,-7033.75879
-1039,-73,-2420,-1039.94019,-61.0276947,-2420.34058
-1200,-42,-1983,-1200.94116,-29.9547501,-1983.33789
-1025,-200,-2440,-1025.94153,-188.001648,-2440.33691
-1248,-200,-333,-1248.91113,-183.411728,-332.587891
-1283,214,-372,-1283.90991,230.56514,-371.585205
-1211,173,-227,-1211.8894,189.537521,-226.542892
371,173,2475,371.981018,181.161438,2475.19385
489,147,1833,489.980774,155.087509,1833.19507
422,-408,1826,422.980682,-399.906464,1826.19531
371,173,2475,371.979736,180.646835,2475.2002
422,-408,1826,422.977692,-400.293182,1826.20996
313,-257,2466,313.977753,-249.340469,2466.20972
205,-200,3105,205.980728,-194.106552,3105.19531
253,200,3116,253.980789,205.881744,3116.19507
371,173,2475,371.980835,178.858826,2475.19482
205,-200,3105,205.98291,-193.14444,3105.18408
371,173,2475,371.982819,179.914139,2475.18457
313,-257,2466,313.982788,-250.098907,2466.18457
422,-408,1826,422.517609,-395.933411,1826.85559
489,147,1833,489.524811,159.085144,1833.8512
903,106,1574,903.5224,118.054199,1574.85266
-169,-200,3028,-169.26886,-196.049667,3027.03687
-783,106,3138,-783.261719,109.924606,3137.03491
-816,-200,3198,-816.261719,-196.095413,3197.03491
-737,141,-621,-737.042969,145.959381,-621.999023
-787,-200,-573,-787.042969,-195.041702,-573.999023
-225,-200,-577,-225.042267,-195.045227,-577.999084
-737,141,-621,-737.042969,147.201736,-621.999023
-225,-200,-577,-225.042267,-193.818542,-577.999084
-180,106,-619,-180.042267,112.192421,-619.999084
-919,145,-1895,-918.6875,155.223511,-1895.94983
-1053,-10,-1921,-1052.67603,0.203678533,-1921.94604
-1019,-29,-1907,-1018.67603,-18.795742,-1907.94604
-919,145,-1895,-918.706055,202.163071,-1895.95581
-1286,106,-2005,-1285.72266,163.02092,-2005.96069
-1144,-11,-1960,-1143.71582,46.0573158,-1960.95874
-919,145,-1895,-918.596375,151.768753,-1895.91492
-1144,-11,-1960,-1143.60254,-4.21923065,-1960.9176
-1053,-10,-1921,-1052.60254,-3.22685909,-1921.9176
-1175,132,-141,-1175.68567,139.111847,-141.727905
-1307,106,-10,-1307.68469,113.120399,-10.7288113
-1254,-200,21,-1254.68787,-192.857025,20.2741642
-1286,106,-2005,-1286.65137,119.279381,-2005.75867
-1791,-178,-1555,-1791.64453,-164.73082,-1555.76453
-1250,-200,-2004,-1250.63281,-186.673553,-2004.77429
542,-200,-729,541.798523,-186.437012,-729.979492
-180,106,-619,-180.200531,119.470894,-619.979675
-225,-200,-577,-225.200424,-186.494308,-577.979675
-1120,147,-1219,-1119.02039,151.900681,-1218.79919
-1055,146,-1538,-1054.02136,150.901199,-1537.79443
-1139,-178,-1545,-1138.02136,-173.086472,-1544.79443
-1120,147,-1219,-1119.01746,150.768967,-1218.81409
-1139,-178,-1545,-1138.01746,-174.225464,-1544.81409
-1196,-162,-1212,-1195.01746,-158.222778,-1211.81409
-1015,147,-915,-1014.06799,151.828857,-915.362427
-1196,-162,-1212,-1195.06799,-157.179611,-1212.36243
-1082,-200,-894,-1081.06824,-195.181534,-894.363037
-1015,147,-915,-1014.05353,152.321915,-915.322632
-1120,147,-1219,-1119.05383,152.311981,-1219.32361
-1196,-162,-1212,-1195.05347,-156.69075,-1212.32251
-787,-200,-573,-786.282654,-194.663132,-573.696716
-737,141,-621,-736.283203,146.318192,-621.697266
-1015,147,-915,-1014.28333,152.314636,-915.697388
-787,-200,-573,-786.265259,-192.298264,-573.678345
-1015,147,-915,-1014.26538,154.665894,-915.678467
-1082,-200,-894,-1081.26599,-192.34079,-894.679138
-1139,-178,-1545,-1138.11572,-173.404694,-1544.53308
-1055,146,-1538,-1054.11572,150.599045,-1537.53308
-960,-200,-1898,-959.115845,-195.388046,-1897.53284
-1055,146,-1538,-1054.06311,151.353836,-1537.65039
-919,145,-1895,-918.063354,150.315109,-1894.64978
-960,-200,-1898,-959.06311,-194.673294,-1897.65039
-1377,-122,2821,-1377.83325,-118.976921,2821.55273
-1454,134,2871,-1454.8335,137.022491,2871.55249
-948,-200,3391,-948.833252,-196.997864,3391.55273
-816,-200,3198,-815.339844,-197.726059,3197.24902
-783,106,3138,-782.34668,108.270607,3137.24292
-1191,106,2780,-1190.33997,108.284332,2779.24878
-816,-200,3198,-815.339172,-193.395279,3197.24951
-1191,106,2780,-1190.34082,112.578003,2779.24805
-1248,-122,2799,-1247.33997,-115.418907,2798.24878
-1254,-200,21,-1254.8866,-192.996277,20.5374584
-1307,106,-10,-1307.87793,112.984444,-10.4787874
-1466,106,288,-1466.88623,112.968918,287.536774
-1254,-200,21,-1254.91467,-196.992035,20.5958061
-1466,106,288,-1466.91663,108.984581,287.600281
-1412,-121,320,-1412.91675,-118.016449,319.600555
-1478,106,628,-1478.99512,116.758301,628.097656
-1454,106,853,-1454.995,116.759201,853.099182
-1401,-253,884,-1401.995,-242.237915,884.09906
-1478,106,628,-1478.99915,111.861954,628.039062
-1401,-253,884,-1401.99915,-247.137756,884.040222
-1425,-151,659,-1425.99927,-145.126862,659.035889
-1466,106,288,-1466.99902,110.448219,287.955841
-1478,106,628,-1478.99902,110.448219,627.955872
-1425,-151,659,-1425.99902,-146.548523,658.955872
-1466,106,288,-1466.99805,109.793968,287.937561
-1425,-151,659,-1425.99902,-147.184265,658.955872
-1412,-121,320,-1412.99792,-117.205368,319.936584
-1248,-122,2799,-1247.12329,-119.892296,2798.51904
-1191,106,2780,-1190.12732,108.122627,2779.51172
-1247,206,2623,-1246.12305,208.130753,2622.51953
-1248,-122,2799,-1247.05945,-116.656204,2798.6604
-1247,206,2623,-1246.05371,211.354492,2622.67676
-1297,-86,2639,-1296.06348,-80.6517868,2638.64941
-1303,181,2465,-1302.01843,190.747818,2464.80908
-1336,177,2298,-1335.01746,186.745209,2297.81421
-1371,-206,2390,-1370.02136,-196.288559,2389.79443
-1303,181,2465,-1302.00574,189.49678,2464.89307
-1371,-206,2390,-1370.00488,-197.483871,2389.90137
-1346,-124,2514,-1345.00488,-115.492706,2513.90137
-1578,177,2338,-1578.98425,180.932281,2338.17651
-1550,206,2520,-1550.98425,209.93634,2520.17627
-1485,-124,2529,-1485.9823,-120.040428,2529.18701
-1578,177,2338,-1578.95862,189.652527,2338.28418
-1485,-124,2529,-1485.95874,-111.372452,2529.28418
-1515,-206,2402,-1515.95862,-193.374512,2402.28418
-1502,195,2696,-1502.98816,199.32196,2696.15332
-1454,134,2871,-1454.98914,138.327637,2871.14624
-1377,-122,2821,-1377.98816,-117.668465,2821.15308
-1502,195,2696,-1502.97046,199.425278,2696.24121
-1377,-122,2821,-1377.9646,-117.551994,2821.26367
-1431,-86,2658,-1431.97046,-81.5608139,2658.24121
-1297,-86,2639,-1296.05347,-78.9420547,2638.67749
-1247,206,2623,-1246.04871,213.061462,2622.69189
-1303,181,2465,-1302.04883,188.068085,2464.69141
-1297,-86,2639,-1296.05347,-81.8538513,2638.67749
-1303,181,2465,-1302.05371,185.152969,2464.67676
-1346,-124,2514,-1345.05347,-119.869171,2513.67749
-1485,-124,2529,-1485.97046,-121.15036,2529.24097
-1550,206,2520,-1550.97034,208.87471,2520.24121
-1502,195,2696,-1502.97046,197.883148,2696.24121
-1485,-124,2529,-1485.88733,-121.852257,2529.46094
-1502,195,2696,-1502.88635,197.15065,2696.46289
-1431,-86,2658,-1431.88721,-83.8458786,2658.46094
-1336,177,2298,-1335.0116,191.84256,2297.84839
-1368,106,2131,-1367.0144,120.843994,2130.83105
-1396,-243,2140,-1395.01245,-228.184341,2139.84277
-1336,177,2298,-1335.00391,187.517639,2297.91187
-1396,-243,2140,-1395.00488,-232.459595,2139.90137
-1371,-206,2390,-1370.00391,-195.454361,2389.91187
-1357,117,1962,-1356.09436,126.793159,1962.42395
-1269,197,1787,-1268.09558,206.804901,1787.42664
-1283,-145,1743,-1282.0946,-135.164398,1743.42456
-1357,117,1962,-1356.07422,131.659744,1962.37793
-1283,-145,1743,-1282.07397,-130.343903,1743.37744
-1379,-221,1969,-1378.07385,-206.297363,1969.37708
-1368,106,2131,-1367.00195,120.41304,2131.06152
-1357,117,1962,-1356.00195,131.404541,1962.06091
-1379,-221,1969,-1378.00195,-206.643723,1969.06128
-1368,106,2131,-1367.00488,125.363686,2131.09839
-1379,-221,1969,-1378.00488,-201.602676,1969.09827
-1396,-243,2140,-1395.00476,-223.576767,2140.09668
-1594,106,1976,-1594.99805,110.293076,1975.93762
-1606,106,2155,-1606.99707,110.280197,2154.92358
-1545,-243,2149,-1545.99805,-238.74472,2148.93774
-1594,106,1976,-1594.99707,111.932701,1975.92358
-1545,-243,2149,-1545.99695,-237.049957,2148.92285
-1535,-221,1979,-1535.99707,-215.048904,1978.92358
-1593,176,1792,-1593.99707,183.533554,1791.92358
-1594,106,1976,-1594.99805,113.545982,1975.93762
-1535,-221,1979,-1535.99695,-213.450897,1978.92285
-1593,176,1792,-1593.9989,179.236084,1791.95508
-1535,-221,1979,-1535.99902,-217.770096,1978.95593
-1536,-145,1755,-1536.99902,-141.780365,1754.95593
-1606,106,2155,-1606.9823,114.347412,2155.18701
-1578,177,2338,-1578.9823,185.342117,2338.18726
-1515,-206,2402,-1515.9823,-197.677719,2402.18701
-1606,106,2155,-1606.99109,110.717918,2155.13232
-1515,-206,2402,-1515.99109,-201.286682,2402.13257
-1545,-243,2149,-1545.99011,-238.302856,2149.1394
-1469,189,1532,-1469.90515,197.002106,1531.57495
-1593,176,1792,-1593.90491,183.960266,1791.57446
-1536,-145,1755,-1536.90503,-137.039169,1754.57471
-1469,189,1532,-1469.84985,197.204178,1531.47302
-1536,-145,1755,-1536.85828,-136.763672,1754.48682
-1414,-145,1554,-1414.85205,-136.777481,1553.47656
-1283,-145,1743,-1282.0946,-132.002029,1743.42456
-1269,197,1787,-1268.08984,209.963287,1787.41418
-1117,189,1455,-1116.09485,201.966888,1455.42505
-1305,-318,1353,-1305.94897,-311.284576,1352.68469
-1359,106,1256,-1359.94995,112.718521,1255.68762
-1469,189,1532,-1469.95117,195.718704,1531.69141
-1305,-318,1353,-1305.93689,-313.265717,1352.65039
-1469,189,1532,-1469.93652,193.756012,1531.64941
-1414,-145,1554,-1414.93616,-140.256851,1553.64844
-1454,106,853,-1454.92749,117.232925,853.37384
-1363,106,1071,-1363.92053,117.194092,1071.3905
-1310,-363,1102,-1310.92786,-351.781097,1102.37292
-1454,106,853,-1454.94006,116.073616,853.340759
-1310,-363,1102,-1310.94043,-352.973297,1102.33997
-1401,-253,884,-1401.94702,-242.942551,884.320984
-1363,106,1071,-1363.99902,111.728249,1071.04272
-1359,106,1256,-1359.99915,111.725227,1256.03845
-1305,-318,1353,-1305.99902,-312.326141,1353.0426
-1363,106,1071,-1363.99902,118.107758,1071.04321
-1305,-318,1353,-1305.99902,-305.947235,1353.04395
-1310,-363,1102,-1310.99902,-350.929169,1102.04224
-1106,106,1281,-1105.0116,137.794418,1280.84827
-1142,-363,1106,-1141.0116,-330.825775,1105.84827
-1106,-318,1346,-1105.0116,-286.005066,1345.84827
736,-509,-7188,736.733948,-507.61676,-7187.3208
920,-600,-7484,920.734375,-598.621643,-7483.32129
573,-754,-7260,573.733887,-752.613647,-7259.3208
522,-509,-6704,522.910156,-507.575439,-6703.58594
736,-509,-7188,736.910217,-507.577515,-7187.58594
573,-754,-7260,573.90979,-752.584717,-7259.58496
1,-400,-6603,1.04382777,-399.015472,-6602.00098
522,-509,-6704,522.027954,-508.001434,-6703.00049
72,-768,-6885,72.0416641,-767.007446,-6884.00098
-299,-400,-6683,-299.269867,-399.104095,-6682.03711
1,-400,-6603,0.744454026,-399.096222,-6602.0332
72,-768,-6885,71.7232361,-767.106262,-6884.03906
-299,-400,-6683,-299.247223,-398.842438,-6682.03125
72,-768,-6885,71.7198715,-766.85321,-6884.04004
-227,-768,-6965,-227.262695,-766.851624,-6964.03516
-708,-444,-7034,-708.61853,-443.094604,-7033.21436
-299,-400,-6683,-299.631348,-399.097198,-6682.22461
-227,-768,-6965,-227.608582,-767.107544,-6964.20654
-708,-444,-7034,-708.714905,-443.42688,-7033.30078
-227,-768,-6965,-227.711975,-767.419373,-6964.29785
-446,-768,-7184,-446.712006,-767.419373,-7183.29785
-708,-444,-7034,-708.964539,-443.078186,-7033.73633
-446,-768,-7184,-446.963531,-767.086182,-7183.73242
-527,-768,-7480,-527.964539,-767.090149,-7479.73633
-384,-474,-8235,-384.258728,-473.452515,-8235.96582
-231,-768,-7981,-231.279221,-767.453125,-7981.95996
69,-768,-8061,68.7165451,-767.456604,-8061.95898
-709,-549,-7929,-709.976379,-545.829163,-7928.78418
-625,-509,-7489,-625.97467,-505.820343,-7488.77637
-527,-768,-7480,-527.978516,-764.812805,-7479.79395
-625,-509,-7489,-625.992126,-505.549896,-7489.12451
-708,-444,-7034,-708.994019,-440.541565,-7034.1084
-527,-768,-7480,-527.992249,-764.555725,-7480.12402
-299,-400,-6683,-299.516602,-399.180634,-6682.14404
-333,-110,-6411,-333.514343,-109.174553,-6410.14258
-259,-150,-6409,-259.50238,-149.175568,-6408.13574
1,-400,-6603,0.955816984,-398.852264,-6602.00098
-259,-150,-6409,-259.042267,-148.854141,-6408.00098
-185,-150,-6407,-185.042267,-148.854141,-6406.00098
-111,-110,-6405,-110.74469,-108.794861,-6404.0332
1,-400,-6603,1.2586993,-398.792206,-6602.03418
-185,-150,-6407,-184.75972,-148.794144,-6406.0293
-95,-869,-7272,-95.5442505,-862.230042,-7272.83887
-182,-559,-7276,-182.521652,-552.25708,-7276.85303
-344,-513,-7185,-344.539612,-506.277649,-7185.8418
-95,-869,-7272,-95.4043274,-847.743713,-7272.91455
-344,-513,-7185,-344.410858,-491.78241,-7185.91162
-344,-869,-7161,-344.410858,-847.743713,-7161.91162
98,-236,-7072,98.3941574,-229.22403,-7072.91895
415,-230,-6927,415.389709,-223.238388,-6927.9209
391,-119,-6960,391.398682,-112.237114,-6960.91699
98,-236,-7072,98.4452057,-234.036926,-7072.89502
391,-119,-6960,391.451202,-117.044785,-6960.89209
-250,-265,-7245,-249.538727,-263.030975,-7245.88721
-196,-336,-7206,-195.55484,-326.113464,-7206.89502
98,-236,-7072,98.4472046,-226.08812,-7072.89404
-250,-265,-7245,-249.560913,-255.118408,-7245.89844
-344,-513,-7185,-343.751984,-510.443726,-7185.96875
-196,-336,-7206,-195.752228,-333.456573,-7206.96875
-250,-265,-7245,-249.748184,-262.458252,-7245.96777
-344,-513,-7185,-343.748199,-510.290344,-7185.96777
-250,-265,-7245,-249.744461,-262.291016,-7245.9668
-377,-316,-7263,-376.733643,-313.29245,-7263.96387
-344,-513,-7185,-343.542755,-508.391357,-7185.88916
-377,-316,-7263,-376.538727,-311.389496,-7263.88721
-504,-472,-7281,-503.536774,-467.384735,-7281.88623
-344,-869,-7161,-343.511536,-846.739502,-7161.87256
-344,-513,-7185,-343.496429,-490.668488,-7185.86377
-504,-472,-7281,-503.511536,-449.699677,-7281.87256
-344,-869,-7161,-343.494446,-852.692871,-7161.86279
-504,-472,-7281,-503.511536,-455.626648,-7281.87256
-525,-869,-7269,-524.511719,-852.674438,-7269.87256
-92,-869,-7483,-92.9949722,-863.307922,-7483.1001
-171,-531,-7458,-171.995972,-525.324341,-7458.08936
-182,-559,-7276,-182.994919,-553.328979,-7276.10059
-92,-869,-7483,-92.999054,-866.197327,-7483.04346
-182,-559,-7276,-182.999054,-556.169739,-7276.04346
-95,-869,-7272,-95.9990692,-866.185547,-7272.04297
-504,-472,-7281,-503.001862,-471.13266,-7281.06055
-377,-316,-7263,-376.001862,-315.129822,-7263.06055
-369,-296,-7403,-368.001862,-295.131165,-7403.06055
-504,-472,-7281,-503.000885,-471.219391,-7281.04199
-369,-296,-7403,-368.000885,-295.214142,-7403.04199
-501,-457,-7467,-500.000885,-456.219788,-7467.04199
-525,-869,-7269,-524.000854,-849.085205,-7268.95898
-504,-472,-7281,-503.000793,-452.079285,-7280.96045
-501,-457,-7467,-500.000885,-437.068665,-7466.95801
-525,-869,-7269,-524.000916,-845.910706,-7268.95752
-501,-457,-7467,-500.000885,-433.978027,-7466.95801
-521,-869,-7479,-520.000916,-845.873352,-7478.95752
-338,-483,-7557,-338.653564,-465.037964,-7556.24316
-170,-284,-7396,-170.663605,-266.065704,-7395.25195
-116,-355,-7357,-116.660187,-337.05545,-7356.24902
-338,-483,-7557,-338.639435,-475.498688,-7556.23145
-116,-355,-7357,-116.644104,-347.502594,-7356.23535
-163,-434,-7405,-163.65477,-426.508972,-7404.24463
-338,-483,-7557,-338.595154,-479.122498,-7556.19678
-163,-434,-7405,-163.605164,-430.126007,-7404.2041
-171,-531,-7458,-171.584045,-527.125061,-7457.18848
-337,-869,-7582,-337.522247,-855.706055,-7581.14746
-338,-483,-7557,-338.528595,-469.799927,-7556.15137
-171,-531,-7458,-171.541779,-517.824341,-7457.15967
-337,-869,-7582,-337.375488,-861.742249,-7581.07324
-171,-531,-7458,-171.390717,-523.723694,-7457.07959
-92,-869,-7483,-92.4031601,-861.729553,-7482.08496
-369,-296,-7403,-368.978821,-295.124146,-7402.00049
-170,-284,-7396,-169.976807,-283.125092,-7395.00049
-338,-483,-7557,-337.993927,-482.12677,-7556.00049
-501,-457,-7467,-500.614868,-455.530457,-7466.07715
-369,-296,-7403,-368.629211,-294.531311,-7402.07129
-338,-483,-7557,-337.617218,-481.530975,-7556.07617
-521,-869,-7479,-520.535156,-849.537964,-7478.11475
-501,-457,-7467,-500.527649,-437.520477,-7466.11865
-338,-483,-7557,-337.54718,-463.534729,-7556.1084
-521,-869,-7479,-520.509766,-858.168518,-7478.12842
-338,-483,-7557,-337.527649,-472.277618,-7556.11865
-337,-869,-7582,-336.525726,-858.195068,-7581.11963
-462,-200,-4532,-462.493683,-194.174759,-4532.86963
-486,106,-4582,-486.487366,111.815544,-4582.87305
-833,106,-4388,-833.480469,111.834747,-4388.87695
-462,-200,-4532,-462.508545,-194.125748,-4532.86084
-833,106,-4388,-833.501953,111.864555,-4388.86475
-795,-200,-4346,-795.501953,-194.131256,-4346.86475
-833,106,-4388,-833.863647,111.862427,-4388.50391
-1016,106,-4068,-1016.87628,111.871544,-4068.48145
-964,-219,-4034,-964.876343,-213.125366,-4034.48145
-833,106,-4388,-833.884766,109.630478,-4388.46582
-964,-219,-4034,-964.87854,-215.363678,-4034.47754
-795,-200,-4346,-795.873047,-196.345688,-4346.4873
-1016,106,-4068,-1016.91101,110.915413,-4067.58765
-902,166,-3804,-902.905151,170.941681,-3803.57495
-825,-280,-3775,-825.910767,-275.080444,-3774.58716
-1016,106,-4068,-1016.88397,116.338631,-4067.53247
-825,-280,-3775,-825.885864,-269.73175,-3774.53613
-964,-219,-4034,-964.884583,-208.692215,-4033.53369
-902,166,-3804,-902.998962,169.661179,-3804.04419
-910,165,-3467,-910.999023,168.668121,-3467.04297
-818,-280,-3447,-818.999023,-276.312897,-3447.0437
-902,166,-3804,-902.999084,171.04686,-3803.95728
-818,-280,-3447,-818.999146,-274.954346,-3446.95874
-825,-280,-3775,-825.999084,-274.947479,-3774.95728
-818,-280,-3447,-818.70636,-274.524384,-3447.70776
-910,165,-3467,-910.702393,170.43483,-3467.71167
-1321,163,-3066,-1321.70837,168.43454,-3066.70581
-818,-280,-3447,-818.697266,-273.125275,-3447.7168
-1321,163,-3066,-1321.71582,169.827362,-3066.69824
-1223,-200,-3067,-1223.71582,-193.177933,-3067.69824
-1321,163,-3066,-1321.99902,166.734909,-3065.95605
-1301,161,-2710,-1301.99902,164.714935,-2709.95605
-1201,-200,-2721,-1201.99902,-196.285919,-2720.95605
-1321,163,-3066,-1321.99805,165.109131,-3065.93774
-1201,-200,-2721,-1201.99817,-197.859131,-2720.9397
-1223,-200,-3067,-1223.99805,-197.875778,-3066.93774
-1301,161,-2710,-1301.8186,164.918152,-2709.42578
-1107,151,-2442,-1107.82141,154.926102,-2441.42969
-1025,-200,-2440,-1025.81921,-196.047226,-2439.42651
-1301,161,-2710,-1301.84473,165.074844,-2709.46484
-1025,-200,-2440,-1025.84473,-195.94838,-2439.46484
-1201,-200,-2721,-1201.849,-195.937347,-2720.47168
-740,-200,-2556,-739.302002,-196.490448,-2556.71606
-634,144,-2599,-633.302734,147.517395,-2599.7168
-892,165,-2865,-891.302002,168.517593,-2865.71606
-740,-200,-2556,-739.217834,-194.593018,-2556.62305
-892,165,-2865,-891.221741,170.395538,-2865.62793
-920,-200,-2782,-919.217834,-194.595169,-2782.62305
-892,165,-2865,-891.000977,177.157059,-2865.04297
-892,165,-3137,-891.000977,177.157059,-3137.04297
-932,-200,-3093,-931.000977,-187.795395,-3093.04297
-892,165,-2865,-891.000977,175.882751,-2865.04297
-932,-200,-3093,-931.000977,-189.089233,-3093.04395
-920,-200,-2782,-919.000977,-189.111465,-2782.04297
-892,165,-3137,-891.415039,170.062302,-3136.18896
-551,167,-3393,-550.412109,172.087097,-3392.19116
-613,-280,-3424,-612.412354,-274.941864,-3423.19092
-613,-280,-3424,-612.004822,-271.340393,-3423.9021
-551,167,-3393,-550.005005,175.702225,-3392.90039
-514,224,-3692,-513.004822,232.713272,-3691.9021
-613,-280,-3424,-612.017456,-268.028015,-3423.81421
-514,224,-3692,-513.015442,235.989304,-3691.82495
-561,-280,-3732,-560.015442,-268.023346,-3731.82495
-514,224,-3692,-513.154968,242.43811,-3692.53467
-709,-219,-3981,-708.14679,-200.600525,-3981.52148
-561,-280,-3732,-560.14978,-261.590759,-3732.52637
-686,166,-3942,-685.248657,183.370499,-3941.34009
-504,164,-4150,-503.256714,181.39679,-4149.33105
-507,-200,-4193,-506.255829,-182.624161,-4192.33203
-686,166,-3942,-685.282288,175.674713,-3941.30371
-507,-200,-4193,-506.275696,-190.309753,-4192.31055
-709,-219,-3981,-708.268555,-209.303726,-3980.31812
-504,164,-4150,-503.798553,170.438141,-4149.02051
-225,-200,-4250,-224.829468,-193.555984,-4249.01465
-507,-200,-4193,-506.818542,-193.593674,-4192.0166
-398,-344,-5411,-398.998993,-336.756073,-5411.04443
-460,106,-5427,-460.998962,113.29319,-5427.04443
-467,106,-5216,-467.999054,113.300285,-5216.04346
-398,-344,-5411,-398.999115,-335.481689,-5410.95801
-467,106,-5216,-467.999023,114.489777,-5215.95605
-414,-221,-5192,-414.999115,-212.499283,-5191.95801
-467,106,-5216,-467.998993,110.191505,-5216.04443
-473,106,-5005,-473.998993,110.192856,-5005.04443
-430,-133,-4972,-430.999054,-128.819107,-4972.04297
-467,106,-5216,-467.999054,114.57692,-5216.04297
-430,-133,-4972,-430.999023,-124.420914,-4972.04395
-414,-221,-5192,-414.999054,-212.423935,-5192.04297
-473,106,-5005,-473.998962,112.322571,-5005.04443
-486,106,-4582,-486.999023,112.332115,-4582.04395
-462,-200,-4532,-462.998993,-193.638,-4532.04443
-473,106,-5005,-473.995026,110.444939,-5005.09961
-462,-200,-4532,-462.995026,-195.544754,-4532.09961
-430,-133,-4972,-430.995026,-128.567413,-4972.09961
-428,106,-5927,-428.997925,115.374779,-5927.06348
-460,106,-5427,-460.997925,115.335098,-5427.06348
-398,-344,-5411,-398.997925,-334.629089,-5411.06348
-428,106,-5927,-428.996918,110.322662,-5927.07764
-398,-344,-5411,-398.996887,-339.652924,-5411.07812
-366,-270,-5911,-366.996124,-265.694611,-5911.08789
-132,-344,-5349,-131.000885,-337.685974,-5348.95801
-70,106,-5348,-69.0000992,112.295807,-5347.98633
-59,106,-5876,-58.0001106,112.308212,-5875.98535
-132,-344,-5349,-131.000885,-340.1427,-5349.04199
-59,106,-5876,-58.0000839,109.905106,-5876.0127
-122,-270,-5877,-121.000084,-266.112823,-5877.0127
-15,-200,-4323,-14.0230312,-194.22702,-4323.21338
-43,137,-4836,-42.0209503,142.770096,-4836.20361
-105,-133,-4837,-104.021873,-127.218048,-4837.20801
-43,137,-4836,-42.0010109,139.781906,-4836.04492
-56,122,-5092,-55.0010109,124.775055,-5092.04492
-118,-221,-5093,-117.00106,-218.239548,-5093.0459
-43,137,-4836,-42.000103,139.634415,-4835.98584
-118,-221,-5093,-117.000114,-218.359177,-5092.98535
-105,-133,-4837,-104.000114,-130.358246,-4836.98535
-56,122,-5092,-55.0010338,130.214554,-5092.04541
-70,106,-5348,-69.0010147,114.194321,-5348.04492
-132,-344,-5349,-131.000885,-335.846039,-5349.04199
-56,122,-5092,-55.0010109,127.063042,-5091.95508
-132,-344,-5349,-131.000885,-338.979034,-5348.95801
-118,-221,-5093,-117.001015,-215.966125,-5092.95508
-792,-33,-2535,-791.511719,-28.5591698,-2534.12744
-832,-14,-2510,-831.518555,-9.55719471,-2509.12354
-634,144,-2599,-633.520508,148.447189,-2598.12256
-1039,-73,-2420,-1039.7887,-69.5914993,-2419.38525
-1025,-200,-2440,-1025.79175,-196.582199,-2439.38916
-1107,151,-2442,-1107.79431,154.391159,-2441.39258
-403,106,-6300,-403.997925,109.370667,-6300.06348
-428,106,-5927,-428.997925,109.38398,-5927.06348
-366,-270,-5911,-366.997925,-266.612671,-5911.06348
-403,106,-6300,-403.986694,109.308975,-6300.16211
-366,-270,-5911,-366.985779,-266.655457,-5911.16797
-341,-118,-6300,-341.985779,-114.67585,-6300.16797
-333,-110,-6411,-333.997925,-107.107117,-6411.06348
-395,106,-6427,-395.997955,108.897652,-6427.06348
-403,106,-6300,-403.997925,108.895905,-6300.06299
-333,-110,-6411,-333.994904,-105.148048,-6411.1001
-403,106,-6300,-403.995972,110.836403,-6300.08936
-341,-118,-6300,-341.996124,-113.152397,-6300.08789
-59,106,-5876,-58.0000877,108.713287,-5875.98682
-51,106,-6300,-50.0000877,108.711487,-6299.98682
-113,-114,-6300,-112.000114,-111.277908,-6299.98535
-59,106,-5876,-58.0010109,110.435966,-5876.04492
-113,-114,-6300,-112.001015,-109.565178,-6300.04492
-122,-270,-5877,-121.001015,-265.562927,-5877.04492
-51,106,-6300,-50.0000877,110.419891,-6299.98682
-49,106,-6403,-48.0000839,110.424591,-6402.9873
-111,-110,-6405,-110.000084,-105.572517,-6404.9873
-51,106,-6300,-50.0000839,108.767632,-6299.9873
-111,-110,-6405,-110.000084,-107.223602,-6404.9873
-113,-114,-6300,-112.000061,-111.224892,-6299.98926
-230,-588,-6816,-230.990829,-585.689514,-6816.13477
-235,-570,-6839,-235.990829,-567.689026,-6839.13477
-271,-516,-6764,-271.990845,-513.687866,-6764.13477
-235,-570,-6839,-235.981689,-566.840454,-6839.19043
-272,-496,-6797,-272.981689,-492.840118,-6797.19043
-271,-516,-6764,-271.981689,-512.839172,-6764.19043
-186,-618,-6860,-186.918015,-616.499084,-6860.39648
-191,-604,-6876,-191.926071,-602.499084,-6876.37695
-235,-570,-6839,-235.928085,-568.499329,-6839.37207
-186,-618,-6860,-186.922592,-617.322876,-6860.38574
-235,-570,-6839,-235.920029,-569.322327,-6839.3916
-230,-588,-6816,-230.917923,-587.322449,-6816.39648
-235,-570,-6839,-234.829468,-569.064026,-6838.01465
-191,-604,-6876,-190.829468,-603.063416,-6875.01465
-177,-643,-6912,-176.841171,-642.063904,-6911.0127
-235,-570,-6839,-234.860992,-568.532349,-6838.00977
-177,-643,-6912,-176.853943,-641.530823,-6911.01074
-263,-588,-6850,-262.835236,-586.530945,-6849.01367
-310,-511,-6804,-309.968781,-509.895996,-6803.00049
-272,-496,-6797,-271.964722,-494.897644,-6796.00098
-235,-570,-6839,-234.968765,-568.895264,-6838.00049
-310,-511,-6804,-310.042267,-509.284607,-6803.00098
-235,-570,-6839,-235.042267,-568.286865,-6838.00098
-263,-588,-6850,-263.042267,-586.286743,-6849.00098
-177,-643,-6912,-177.999069,-639.828247,-6912.04297
-191,-604,-6876,-191.999054,-600.825745,-6876.04297
-186,-618,-6860,-186.999069,-614.825684,-6860.04297
31,-515,-6714,31.0335388,-512.868652,-6713.00098
2,-497,-6703,1.97695136,-494.868378,-6702.00049
77,-438,-6668,77.0091476,-435.868927,-6667.00049
2,-497,-6703,1.95581698,-494.574829,-6702.00098
39,-423,-6660,38.9558182,-420.57486,-6659.00098
77,-438,-6668,76.9558182,-435.573792,-6667.00098
31,-515,-6714,30.8239155,-513.97583,-6713.01562
-87,-590,-6799,-87.1640472,-588.975342,-6798.01367
2,-497,-6703,1.81854069,-495.975891,-6702.0166
-87,-590,-6799,-87.1064911,-588.384888,-6798.00586
-41,-531,-6739,-41.0865021,-529.384888,-6738.00391
2,-497,-6703,1.88327336,-495.385223,-6702.00684
-2,-514,-6680,-1.07698572,-513.070374,-6680.38477
2,-497,-6703,2.917521,-496.070526,-6703.39746
-46,-545,-6723,-45.087986,-544.070251,-6723.41016
2,-497,-6703,2.92249537,-495.87265,-6703.38574
-41,-531,-6739,-40.0786247,-529.871704,-6739.38867
-46,-545,-6723,-45.0786247,-543.871948,-6723.38867
-46,-545,-6723,-45.0188751,-543.009827,-6723.19336
-41,-531,-6739,-40.0208473,-529.009033,-6739.20312
-87,-590,-6799,-86.0199509,-588.009888,-6799.19873
38,-443,-6628,38.9788933,-441.568756,-6628.2041
39,-423,-6660,39.9776993,-421.569366,-6660.20996
2,-497,-6703,2.97573662,-495.568848,-6703.21875
38,-443,-6628,38.9870872,-441.59903,-6628.16016
2,-497,-6703,2.98690128,-495.598877,-6703.16113
-2,-514,-6680,-1.01182353,-512.599854,-6680.15332
-86,15,-6699,-86.0425262,42.6653671,-6698.00098
-89,-10,-6700,-89.0425262,17.6823692,-6699.00098
-181,0,-6700,-181.044128,27.717638,-6699.00098
-181,0,-6700,-181.262665,42.146862,-6699.03516
-337,-13,-6737,-337.227509,29.1287403,-6736.02637
-184,26,-6700,-184.250732,68.1645889,-6699.03223
-239,-24,-6755,-239.123367,-16.1339149,-6754.00781
-234,12,-6748,-234.13089,19.8663864,-6747.00879
-211,-3,-6748,-211.138184,4.86369467,-6747.00977
-239,-24,-6755,-239.1698,-19.4523926,-6754.01465
-273,-15,-6759,-273.180695,-10.45504,-6758.0166
-234,12,-6748,-234.180237,16.5487003,-6747.0166
-272,-174,-6793,-272.042267,-171.40889,-6792.00098
-297,-174,-6793,-297.042267,-171.40889,-6792.00098
-261,-47,-6768,-261.042267,-44.4138756,-6767.00098
-297,-174,-6793,-297.042267,-170.931778,-6792.00098
-293,-42,-6767,-293.042267,-38.9364395,-6766.00098
-261,-47,-6768,-261.042267,-43.9361305,-6767.00098
-293,-43,-6738,-292.000885,-42.3997726,-6738.04199
-273,-15,-6759,-272.000885,-14.4001894,-6759.04199
-293,-42,-6767,-292.000885,-41.3997765,-6767.04199
-228,-25,-6770,-228.835281,-24.4550228,-6770.54932
-238,-7,-6782,-238.831375,-6.45499945,-6782.55566
-239,-24,-6755,-239.833328,-23.454958,-6755.55273
-237,-41,-6786,-237.848328,-18.0884247,-6785.4707
-246,-23,-6798,-246.851303,-0.0889721438,-6797.47559
-228,-25,-6770,-228.848282,-2.08891129,-6769.4707
-246,-23,-6798,-246.848236,-17.3364391,-6797.4707
-238,-7,-6782,-238.851379,-1.33692765,-6781.47559
-228,-25,-6770,-228.848206,-19.334198,-6769.4707
-2,-16,-6685,-2.23172808,-6.3387084,-6684.02734
18,-131,-6696,17.7985191,-121.344269,-6695.02051
-26,-39,-6693,-26.2188625,-29.3375282,-6692.02441
-2,-16,-6685,-2.18562794,-7.47115469,-6684.01758
46,-116,-6689,45.7985191,-107.476944,-6688.02051
18,-131,-6696,17.8133259,-122.47821,-6695.01758
-11,-15,-6652,-11.9678469,-11.9144039,-6652.25146
42,-124,-6659,41.0305099,-120.912033,-6659.24512
-2,-16,-6685,-2.97182703,-12.9150372,-6685.23535
42,-124,-6659,41.0315056,-122.342941,-6659.24902
46,-116,-6689,45.0278549,-114.343483,-6689.23438
-2,-16,-6685,-2.97096014,-14.345356,-6685.23877
-100,25,-6698,-99.0965652,32.7129822,-6697.57129
-92,58,-6703,-91.0875473,65.7137299,-6702.59082
-88,19,-6727,-87.0915451,26.7135544,-6726.58203
-92,58,-6703,-91.081749,62.3939209,-6702.604
-81,51,-6732,-80.081543,55.3952217,-6731.60449
-88,19,-6727,-87.081749,23.3962002,-6726.604
-293,-42,-6767,-292.255829,-40.8776398,-6766.33203
-273,-15,-6759,-272.256256,-13.8772936,-6758.33154
-246,-23,-6798,-245.263809,-21.8778648,-6797.32324
-293,-43,-6738,-292.000885,-10.2894945,-6738.04199
-293,-42,-6767,-292.000885,-9.30438709,-6767.04199
-297,-181,-6768,-296.000885,-148.348969,-6768.04199
-297,-181,-6768,-296.000885,-158.17955,-6768.04199
-293,-42,-6767,-292.000885,-19.236927,-6767.04199
-297,-174,-6793,-296.000885,-151.19252,-6793.04199
-100,25,-6698,-99.5957718,37.0694084,-6698.91455
-35,-38,-6660,-34.5957718,-25.9328194,-6660.91455
-11,-15,-6652,-10.5944271,-2.92937112,-6652.91406
-100,25,-6698,-99.6391373,28.4642715,-6698.93262
-11,-15,-6652,-10.6434517,-11.5334234,-6652.93408
-92,58,-6703,-91.6366196,61.4639397,-6703.93164
-741,-16,-7087,-740.562927,-15.3169432,-7087.89941
-567,165,-7190,-566.55896,165.677261,-7190.89746
-602,164,-7207,-601.571045,164.677917,-7207.90332
117,65,3008,117.261337,66.21138,3007.03491
-155,3,2956,-154.751221,4.21741295,2955.03149
115,33,3020,115.250313,34.2102814,3019.03198
253,127,3044,253.398819,131.200531,3043.08301
117,65,3008,117.39344,69.1937561,3007.08081
115,33,3020,115.393234,37.1926041,3019.08057
253,129,2998,252.891907,135.190384,2998.99414
240,37,2979,239.891907,43.18927,2979.99414
105,30,2963,104.883278,36.1950378,2963.99316
422,-24,2224,421.650055,-10.4109097,2224.93677
411,-74,2215,410.648773,-60.4041634,2215.93628
142,-35,2121,141.648758,-21.3805485,2121.93628
140,-30,2183,140.333633,-24.4939842,2182.05737
416,-60,2285,416.322601,-54.5120697,2284.05347
412,-20,2276,412.319305,-14.512599,2275.05249
140,-30,2183,140.316803,-4.67573404,2182.05151
412,-20,2276,412.323181,5.29420614,2275.05371
138,8,2180,138.319702,33.3188553,2179.05249
2,3,2131,2.33646131,24.9030972,2130.05835
140,-30,2183,140.323105,-8.12577057,2182.05371
138,8,2180,138.341644,29.8828468,2179.0603
-60,-116,2474,-59.6617355,-108.410286,2473.05908
354,-109,2627,354.349609,-101.429352,2626.06323
350,-69,2618,350.341583,-61.4319801,2617.0603
-60,-116,2474,-59.678833,-80.2215195,2473.05298
350,-69,2618,350.319366,-33.3148193,2617.05249
-60,-89,2473,-59.678833,-53.2267189,2472.05298
360,-73,2566,359.656677,-64.8583221,2566.93921
350,-124,2554,349.664795,-115.86071,2554.94214
-53,-116,2413,-53.3414803,-107.827805,2413.9397
517,-712,1545,517.931763,-703.183167,1544.63696
548,40,1505,548.929749,48.9567299,1504.63184
526,40,1449,526.931335,48.9472084,1448.63586
517,-712,1545,517.925476,-700.946594,1544.62122
526,40,1449,526.925476,51.1361389,1448.62122
475,-712,1442,475.928192,-700.917725,1441.62793
627,-712,1560,627.115295,-699.968201,1559.00671
608,40,1513,608.138306,52.1423836,1512.00964
548,40,1505,548.130859,52.1465569,1504.00867
627,-712,1560,627.130859,-696.656616,1559.00867
548,40,1505,548.131226,55.4316788,1504.00867
517,-712,1545,517.131287,-696.667114,1544.00867
695,-712,1472,694.204163,-688.803955,1471.39453
644,40,1466,643.210144,63.1314049,1465.38672
608,40,1513,607.204163,63.1168251,1512.39453
695,-712,1472,694.204712,-697.342163,1471.3938
608,40,1513,607.207703,54.6895065,1512.38989
627,-712,1560,626.204346,-697.32959,1559.39429
653,-712,1370,652.068665,-687.459717,1370.36414
622,40,1410,621.067993,64.6802063,1410.36243
644,40,1466,643.068054,64.6706848,1466.36255
653,-712,1370,652.073792,-688.840637,1370.37695
644,40,1466,643.073792,63.1005325,1466.37695
695,-712,1472,694.072388,-688.831421,1472.37354
543,-712,1355,542.860352,-697.80658,1355.99011
562,40,1402,561.860596,54.3019447,1402.99023
622,40,1410,621.867188,54.3082008,1410.99109
543,-712,1355,542.853516,-686.426086,1355.98914
622,40,1410,621.853821,65.6643143,1410.98926
653,-712,1370,652.867188,-686.434448,1370.99109
475,-712,1442,475.789948,-694.801025,1442.61316
526,40,1449,526.784485,57.2767754,1449.62012
562,40,1402,562.78833,57.2685509,1402.61523
475,-712,1442,475.786774,-701.622559,1442.61719
562,40,1402,562.780579,50.4654732,1402.625
543,-712,1355,543.788208,-701.603699,1355.61523
246,-758,1136,246.786789,-725.383728,1136.61719
272,-146,1140,272.787476,-113.192978,1140.61633
309,-146,1092,309.787292,-113.191353,1092.61658
246,-758,1136,246.786804,-736.392029,1136.61719
309,-146,1092,309.788239,-124.186134,1092.61536
299,-758,1068,299.786743,-736.40033,1068.61719
299,-758,1068,298.852997,-743.174988,1068.98914
309,-146,1092,308.846954,-131.296249,1092.98816
368,-146,1101,367.847382,-131.296249,1101.98828
299,-758,1068,298.852997,-744.993469,1068.98914
368,-146,1101,367.852997,-132.888809,1101.98914
384,-758,1080,383.852997,-744.977295,1080.98914
384,-758,1080,383.081146,-740.531738,1080.39453
368,-146,1101,367.079041,-128.399185,1101.38965
391,-146,1156,390.081177,-128.393463,1156.39465
384,-758,1080,383.069855,-739.665161,1080.36719
391,-146,1156,390.069244,-127.444618,1156.3656
417,-758,1160,416.069672,-739.651855,1160.3667
417,-758,1160,416.202942,-736.860657,1159.39612
391,-146,1156,390.20285,-124.671516,1155.39624
354,-146,1204,353.202759,-124.671516,1203.39636
417,-758,1160,416.21167,-739.012939,1159.38477
354,-146,1204,353.208649,-126.80703,1203.38867
364,-758,1228,363.202667,-739.022827,1227.39648
364,-758,1228,364.14505,-724.923218,1227.01062
354,-146,1204,354.145142,-113.042809,1203.01062
295,-146,1195,295.14505,-113.046173,1194.01062
364,-758,1228,364.130951,-742.859375,1227.00867
295,-146,1195,295.131317,-130.632523,1194.00867
278,-758,1216,278.131165,-742.859375,1215.00867
278,-758,1216,278.920441,-733.592712,1215.60913
295,-146,1195,295.920441,-121.816399,1194.60913
272,-146,1140,272.920441,-121.817574,1139.60913
278,-758,1216,278.928192,-739.638306,1215.62793
272,-146,1140,272.928497,-127.577377,1139.62866
246,-758,1136,246.928253,-739.65155,1135.62805
713,-827,971,713.776611,-820.112,971.629822
756,-399,977,756.780457,-392.136261,977.625
793,-399,930,793.780518,-392.136261,930.625
713,-827,971,713.784424,-811.998352,971.620056
793,-399,930,793.78833,-384.067352,930.615234
776,-827,889,776.78833,-812.006592,889.615234
776,-827,889,775.86731,-811.735107,889.99115
793,-399,930,792.860352,-383.761871,930.990173
852,-399,938,851.86731,-383.759827,938.99115
776,-827,889,775.86731,-815.515869,889.99115
852,-399,938,851.860352,-387.550812,938.990173
879,-827,903,878.86731,-815.530212,903.99115
879,-827,903,878.073914,-821.754211,903.377258
852,-399,938,851.074341,-393.688446,938.378357
875,-399,994,874.074036,-393.697723,994.377563
879,-827,903,878.07196,-811.450806,903.372437
875,-399,994,874.074402,-383.398956,994.378479
919,-827,1000,918.073792,-811.438843,1000.37695
919,-827,1000,918.211182,-812.005371,999.385376
875,-399,994,874.210144,-383.960876,993.386719
838,-399,1041,837.210144,-383.963623,1040.38672
919,-827,1000,918.207153,-815.668152,999.390625
838,-399,1041,837.210144,-387.630951,1040.38672
855,-827,1082,854.205627,-815.672241,1081.39258
855,-827,1082,855.131348,-812.280945,1081.00867
838,-399,1041,838.138428,-384.306305,1040.00964
779,-399,1033,779.131348,-384.304932,1032.00867
855,-827,1082,855.131042,-820.460938,1081.00867
779,-399,1033,779.131104,-392.495911,1032.00867
752,-827,1068,752.131104,-820.475342,1067.00867
752,-827,1068,752.925781,-811.606445,1067.62195
779,-399,1033,779.925415,-383.541077,1032.62109
756,-399,977,756.925598,-383.549988,976.621521
752,-827,1068,752.929565,-819.485779,1067.63135
756,-399,977,756.927979,-391.5065,976.62738
713,-827,971,713.926025,-819.500732,970.622559
770,39,9,770.782532,40.16259,9.62260914
818,90,16,818.777222,91.1607437,16.6292229
800,39,-29,800.780945,40.1626892,-28.3754005
796,-41,-40,796.792297,-35.151577,-39.3898849
759,-41,8,759.792419,-35.1484146,8.60995483
770,39,9,770.794312,44.8454552,9.60750771
796,-41,-40,796.780579,-29.3841743,-39.3749428
770,39,9,770.783447,50.622776,9.62145615
800,39,-29,800.780518,50.623764,-28.3748932
800,39,-29,799.87207,39.6401367,-28.0082169
818,90,16,817.879883,90.6382751,16.9927559
848,39,-23,847.873657,39.6392899,-22.0080147
855,-41,-32,854.85791,-34.0905495,-31.0101471
796,-41,-40,795.858337,-34.0938759,-39.0100861
800,39,-29,799.87207,45.9125938,-28.0082169
855,-41,-32,854.87207,-31.1339645,-31.0082169
800,39,-29,799.87207,48.8581963,-28.0082169
848,39,-23,847.87207,48.8597031,-22.0082169
848,39,-23,847.066711,40.1762199,-22.640873
818,90,16,817.066345,91.1767731,16.3581505
866,39,23,865.06604,40.1764107,23.3572826
878,-41,24,877.07489,-32.4748917,24.379591
855,-41,-32,854.074829,-32.4788704,-31.620451
848,39,-23,847.075073,47.5216713,-22.6198559
878,-41,24,877.067932,-34.3768005,24.3622513
848,39,-23,847.06604,45.6184807,-22.6426239
866,39,23,865.066284,45.6221275,23.3579445
866,39,23,865.206238,40.187233,22.3917732
818,90,16,817.202698,91.1866302,15.3964205
837,39,61,836.199524,40.1877098,60.4006386
841,-41,71,840.217957,-34.0890884,70.3767776
878,-41,24,877.210083,-34.0969276,23.3867874
866,39,23,865.217957,45.9084702,22.3767776
841,-41,71,840.206238,-34.2286224,70.391777
866,39,23,865.199463,45.7700005,22.4007187
837,39,61,836.199524,45.7747879,60.4006386
837,39,61,837.134583,40.3419189,60.0090981
818,90,16,818.13385,91.3413391,15.0089989
788,39,54,788.134338,40.3415756,53.0090675
781,-41,63,781.133057,-30.166193,62.0088921
841,-41,71,841.133118,-30.1672745,70.0089035
837,39,61,837.132812,49.8369331,60.0088615
781,-41,63,781.134521,-34.8931313,62.0090904
837,39,61,837.13385,45.1088066,60.0089989
788,39,54,788.134583,45.1070976,53.0090981
788,39,54,788.92926,39.7139816,53.6306534
818,90,16,818.928406,90.7128601,15.6284323
770,39,9,770.923584,39.7143631,8.6166048
759,-41,8,759.925659,-28.7439365,7.62164164
781,-41,63,781.929382,-28.7384377,62.6308823
788,39,54,788.92926,51.2601204,53.6306534
759,-41,8,759.925659,-28.7439365,7.62164164
788,39,54,788.92926,51.2601204,53.6306534
770,39,9,770.928589,51.2556229,8.62889004
309,-146,1092,309.786926,-145.029724,1092.61694
272,-146,1140,272.792816,-145.030289,1140.60938
331,-84,1148,331.789886,-83.0313339,1148.61316
368,-146,1101,367.852997,-144.819473,1101.98914
309,-146,1092,308.852997,-144.818329,1092.98914
331,-84,1148,330.852997,-82.8183212,1148.98914
391,-146,1156,390.081177,-144.381866,1156.39465
368,-146,1101,367.081146,-144.380722,1101.39453
331,-84,1148,330.081329,-82.3808899,1148.39502
354,-146,1204,353.202667,-145.217499,1203.39648
391,-146,1156,390.20285,-145.2173,1155.39624
331,-84,1148,330.202759,-83.2173004,1147.39636
295,-146,1195,295.145111,-144.937988,1194.01062
354,-146,1204,354.145203,-144.938461,1203.01062
331,-84,1148,331.146118,-82.9397888,1147.01074
272,-146,1140,272.920288,-145.308289,1139.60876
295,-146,1195,295.920807,-145.30687,1194.60999
331,-84,1148,331.920227,-83.3078613,1147.60864
562,40,1402,562.784424,41.5311737,1402.62012
526,40,1449,526.788269,41.5316238,1449.61523
585,120,1457,585.788269,121.529633,1457.61523
622,40,1410,621.867188,40.6838875,1410.99109
562,40,1402,561.860352,40.6847878,1402.99011
585,120,1457,584.860596,120.683022,1457.99023
644,40,1466,643.067993,41.6602707,1466.36243
622,40,1410,621.068054,41.661396,1410.36255
585,120,1457,584.067993,121.663116,1457.36243
608,40,1513,607.207214,41.7438889,1512.3905
644,40,1466,643.204163,41.7425499,1465.39453
585,120,1457,584.207153,121.74234,1456.39062
548,40,1505,548.12207,41.8872032,1504.00757
608,40,1513,608.115723,41.8865356,1512.00684
585,120,1457,585.123779,121.887871,1456.00769
526,40,1449,526.931335,42.3772011,1448.63586
548,40,1505,548.931335,42.3776474,1504.63586
585,120,1457,585.931519,122.376106,1456.63635
332,-229,1696,331.119293,-227.024582,1696.47363
205,-170,1506,204.119614,-168.019791,1506.47424
135,-57,1462,134.119476,-55.0212479,1462.474
332,-229,1696,331.102875,-226.242126,1696.44177
135,-57,1462,134.10228,-54.2338219,1462.44055
342,-172,1768,341.102875,-169.246597,1768.44177
205,-170,1506,204.172546,-166.398315,1506.56152
141,-170,1411,140.172958,-166.403259,1411.56213
135,-57,1462,134.172546,-53.4019814,1462.56152
342,-172,1768,342.754486,-169.939789,1767.34375
135,-57,1462,135.754517,-54.9370232,1461.34375
178,-181,1586,178.754501,-178.940353,1585.34375
342,-172,1768,342.754944,-169.253616,1767.34424
178,-181,1586,178.754532,-178.254532,1585.34375
286,-229,1746,286.754852,-226.251953,1745.34412
135,-57,1462,135.845444,-54.4161835,1461.46594
125,-186,1505,125.840378,-183.42099,1504.45801
178,-181,1586,178.845352,-178.417282,1585.46582
402,-304,1797,401.081177,-302.352692,1797.39465
332,-229,1696,331.081177,-227.350128,1696.39465
342,-172,1768,341.081299,-170.351379,1768.3949
402,-304,1797,401.039185,-300.469025,1797.2771
342,-172,1768,341.03952,-168.471649,1768.27832
407,-265,1865,406.041199,-261.471252,1865.28406
407,-265,1865,407.644562,-263.459503,1864.23547
342,-172,1768,342.645447,-170.452423,1767.23621
286,-229,1746,286.644562,-227.451157,1745.23547
407,-265,1865,407.624481,-263.978577,1864.21899
286,-229,1746,286.619385,-227.98024,1745.21497
356,-304,1847,356.630798,-302.977814,1846.22412
423,-265,1889,423.835266,-261.150604,1888.4502
407,-265,1865,407.835236,-261.14975,1864.4502
418,-368,1937,418.835205,-364.148315,1936.4502
407,-265,1865,407.62619,-262.58017,1864.22034
356,-304,1847,356.630615,-301.582275,1846.224
418,-368,1937,418.630493,-365.582886,1936.22388
1123,-258,530,1122.82397,-254.279739,530.984375
926,-187,525,925.823242,-183.28183,525.984253
963,-109,563,962.824951,-105.27845,563.984558
1123,-258,530,1122.79297,-256.573822,530.978333
963,-109,563,962.775574,-107.567177,563.974487
1167,-214,560,1166.77612,-212.572098,560.974609
1167,-214,560,1166.5957,-212.096497,559.085388
963,-109,563,962.595703,-107.091629,562.085388
949,-163,613,948.595825,-161.091415,612.085327
1167,-214,560,1166.57227,-213.13858,559.09613
949,-163,613,948.57428,-162.135956,612.095154
1141,-240,598,1140.57507,-239.138245,597.094788
926,-187,525,926.239258,-184.67244,525.970947
707,-269,546,707.239258,-266.667542,546.970947
732,-169,582,732.243774,-166.664627,582.969788
926,-187,525,926.222717,-186.11261,525.974854
732,-169,582,732.222656,-168.108673,582.974854
963,-109,563,963.239258,-108.11026,563.970947
963,-109,563,963.098633,-106.986954,562.004883
732,-169,582,732.097717,-166.984802,581.004822
731,-246,634,731.097778,-243.98671,633.004822
963,-109,563,963.262817,-108.001038,562.035156
731,-246,634,731.270081,-244.999603,633.03717
949,-163,613,949.269226,-162.001785,612.036926
493,-336,251,493.553925,-330.78363,251.832565
380,-162,382,380.553925,-156.78598,382.83255
447,-105,354,447.556946,-99.7899246,354.830536
493,-336,251,493.4935,-332.349731,251.869736
447,-105,354,447.49353,-101.350998,354.86972
557,-297,228,557.48645,-293.351929,228.873703
585,-583,143,585.444031,-576.556519,143.896011
493,-336,251,493.454224,-329.575409,251.890884
557,-297,228,557.442444,-290.574188,228.89679
585,-583,143,585.370117,-577.741333,143.92897
557,-297,228,557.370117,-291.752899,228.92894
647,-562,124,647.35791,-556.747681,124.933754
380,-162,382,380.693909,-158.505447,382.720032
147,-71,650,147.680511,-67.5112457,650.732727
172,24,671,172.680588,27.4849129,671.732666
380,-162,382,380.665741,-159.642502,382.746155
172,24,671,172.663696,26.3585091,671.747986
447,-105,354,447.66571,-102.641373,354.746185
557,-297,228,556.072998,-294.950623,227.624954
447,-105,354,446.076111,-102.956253,353.61734
440,-162,413,439.076111,-159.953949,412.61734
557,-297,228,556.053345,-293.619476,227.677765
440,-162,413,439.053009,-158.626266,412.678741
553,-336,282,552.053406,-332.621857,281.677582
647,-562,124,646.031921,-557.337097,123.749359
557,-297,228,556.030151,-292.33847,227.756302
553,-336,282,552.029907,-331.342896,281.757294
647,-562,124,646.011597,-559.256592,123.848152
553,-336,282,552.01062,-333.256439,281.854675
646,-583,174,645.01062,-580.253906,173.85466
447,-105,354,446.173553,-101.94342,353.437012
172,24,671,171.17659,27.0504036,670.432556
207,-71,681,206.17366,-67.9526825,680.436829
447,-105,354,446.167419,-102.880707,353.446106
207,-71,681,206.172546,-68.8635864,680.438477
440,-162,413,439.171448,-159.877686,412.440094
620,-172,991,620.757385,-170.385483,990.347046
385,-42,643,385.759796,-40.3821564,642.349854
366,-138,674,366.759583,-136.381393,673.349609
620,-172,991,620.751343,-170.928024,990.340088
366,-138,674,366.754791,-136.942642,673.344055
565,-229,969,565.751282,-227.927704,968.340027
730,-420,1154,730.488281,-414.205261,1153.12732
685,-265,1088,685.48938,-259.203888,1087.12793
634,-304,1069,634.50238,-298.204376,1068.13538
730,-420,1154,730.424011,-417.226898,1153.09436
634,-304,1069,634.424011,-301.230225,1068.09436
683,-441,1139,683.424561,-438.227814,1138.0946
685,-265,1088,685.65863,-261.92041,1087.24756
620,-172,991,620.658447,-168.92334,990.247375
565,-229,969,565.658203,-225.923523,968.247192
685,-265,1088,685.629822,-263.0802,1087.22327
565,-229,969,565.63324,-227.086365,968.226074
634,-304,1069,634.632812,-302.082062,1068.22571
610,-229,919,609.122498,-225.950562,919.479553
412,-138,624,411.127319,-134.96286,624.488281
385,-42,643,384.119904,-38.9644699,643.474792
610,-229,919,609.113586,-225.838867,919.462891
385,-42,643,384.102844,-38.835186,643.441711
620,-172,991,619.113586,-168.837006,991.462891
729,-441,1089,728.021362,-436.907532,1089.20557
680,-304,1019,679.021301,-299.904633,1019.20526
685,-265,1088,684.021301,-260.906464,1088.2052
729,-441,1089,728.004822,-437.108093,1089.09766
685,-265,1088,684.003906,-261.113983,1088.08765
730,-420,1154,729.003845,-416.11087,1154.08752
680,-304,1019,679.078857,-301.125885,1019.38922
610,-229,919,609.078674,-226.131256,919.388733
620,-172,991,619.078857,-169.131271,991.389221
680,-304,1019,679.041016,-302.512329,1019.28345
620,-172,991,619.041016,-170.513077,991.283386
685,-265,1088,684.040771,-263.50946,1088.28259
490,-424,936,489.563965,-422.499725,936.899902
371,-349,907,370.564056,-347.50824,907.899963
426,-292,954,425.567993,-290.508026,954.901855
490,-424,936,489.484406,-421.408508,936.856812
426,-292,954,425.476349,-289.406006,954.851868
540,-385,983,539.4729,-382.411133,983.849792
573,-561,955,572.412476,-558.320618,955.809204
490,-424,936,489.423218,-421.319122,936.816895
540,-385,983,539.41333,-382.32373,983.809814
573,-561,955,572.320557,-558.422058,955.733704
540,-385,983,539.32074,-382.425659,983.733887
617,-541,1003,616.320557,-538.422546,1003.7337
371,-349,907,370.664795,-346.328064,907.942139
197,-303,863,196.664673,-300.327332,863.942078
113,-192,876,112.665123,-189.325531,876.942261
371,-349,907,370.623596,-347.21582,907.926453
113,-192,876,112.63073,-190.214417,876.929321
426,-292,954,425.623444,-290.220123,954.926392
197,-303,863,196.747482,-299.193573,863.96759
110,-303,841,109.74469,-299.195496,841.966858
113,-192,876,112.745384,-188.199829,876.967041
540,-385,983,539.955872,-380.879608,982.000977
426,-292,954,425.957245,-287.882538,953.000916
370,-349,975,369.955841,-344.881073,974.000977
540,-385,983,539.955078,-382.275269,982.001038
370,-349,975,369.936584,-346.26947,974.002014
489,-424,1004,488.936584,-421.274445,1003.00201
617,-541,1003,616.775391,-536.395691,1002.02557
540,-385,983,539.771667,-380.389771,982.026428
489,-424,1004,488.771637,-419.392853,1003.02643
617,-541,1003,616.703125,-537.679993,1002.0451
489,-424,1004,488.706024,-420.680756,1003.04419
572,-561,1023,571.707642,-557.680176,1022.0437
426,-292,954,426.108704,-289.185181,953.005981
113,-192,876,113.116249,-189.202454,875.006836
198,-304,932,198.108322,-301.193207,931.00592
426,-292,954,426.106781,-290.352631,953.005737
198,-304,932,198.106781,-302.347229,931.005737
370,-349,975,370.107574,-347.350464,974.005859
113,-192,876,113.250313,-189.723282,875.03186
112,-304,910,112.251778,-301.726959,909.032227
198,-304,932,198.252747,-301.728882,931.032471
660,-109,599,659.759277,-107.655373,598.029419
82,71,673,81.7555847,72.3389587,672.030334
108,-62,716,107.763702,-60.6644554,715.02832
660,-109,599,659.755615,-107.703865,598.030334
108,-62,716,107.744461,-60.7040291,715.033203
598,-188,654,597.755371,-186.701874,653.030396
796,-215,582,795.609497,-212.261139,581.079407
660,-109,599,659.609802,-106.265129,598.079285
598,-188,654,597.609375,-185.265457,653.079468
796,-215,582,795.587891,-214.013596,581.088867
598,-188,654,597.586975,-187.012436,653.089294
741,-269,634,740.595825,-268.014221,633.085327
931,-478,565,930.441467,-474.111786,564.170532
796,-215,582,795.441467,-211.118454,581.170532
741,-269,634,740.44165,-265.118439,633.17041
931,-478,565,930.384766,-473.340546,564.21167
741,-269,634,740.365234,-264.346497,633.227356
884,-507,614,883.384827,-502.341705,613.211609
565,-188,566,565.042358,-185.582275,566.999084
75,-62,628,75.0423813,-59.5904846,628.999084
82,71,673,82.0424271,73.4052658,673.999084
565,-188,566,564.955872,-185.570435,566.999023
82,71,673,81.9558182,73.4230194,673.999023
660,-109,599,659.955872,-106.566406,599.999023
707,-269,546,706.937561,-267.123932,546.998047
565,-188,566,564.937561,-186.120804,566.998047
660,-109,599,659.937561,-107.124802,599.998047
707,-269,546,706.82428,-267.266907,546.984436
660,-109,599,659.823242,-107.26104,599.984253
796,-215,582,795.824646,-213.268463,582.984497
850,-507,526,849.754883,-502.910919,526.969482
707,-269,546,706.755615,-264.901855,546.969666
796,-215,582,795.754883,-210.902557,582.969482
850,-507,526,849.636169,-501.914062,526.931458
796,-215,582,795.635864,-209.91568,582.931335
931,-478,565,930.635864,-472.917786,565.931335
1115,-626,566,1114.63574,-621.306702,565.068726
1052,-681,608,1051.64844,-676.307495,607.063843
1094,-724,606,1093.64893,-719.308105,605.06366
1115,-626,566,1114.63574,-621.184265,565.068726
1094,-724,606,1093.63135,-719.188049,605.070435
1136,-768,604,1135.63574,-763.189819,603.068726
1115,-626,566,1115.04199,-624.088135,565.000916
1054,-626,565,1054.03906,-624.087952,564.000793
1052,-681,608,1052.04248,-679.086426,607.000916
1054,-626,565,1053.4259,-623.174622,564.181213
931,-478,565,930.441467,-475.182159,564.170532
884,-507,614,883.425781,-504.183228,613.181335
1054,-626,565,1053.36584,-624.571289,564.226807
884,-507,614,883.366577,-505.573669,613.226196
1052,-681,608,1051.36584,-679.571533,607.226807
1052,-681,608,1052.92566,-676.062378,607.621643
1022,-679,533,1022.92578,-674.057739,532.621948
1022,-765,569,1022.92566,-760.065308,568.621643
1107,-765,536,1106.75513,-761.29541,536.969543
1022,-679,533,1021.76025,-675.293274,533.970825
1115,-626,566,1114.7605,-622.297302,566.970886
1022,-679,533,1021.95587,-678.275879,533.999023
1054,-626,565,1053.95593,-625.276001,565.999023
1115,-626,566,1114.95593,-625.276611,566.999023
1022,-679,533,1021.64862,-674.055359,533.936218
850,-507,526,849.648438,-502.057922,526.936157
931,-478,565,930.649414,-473.061829,565.936523
1022,-679,533,1021.60938,-677.075562,533.920532
931,-478,565,930.609497,-476.079987,565.920593
1054,-626,565,1053.6095,-624.076355,565.920593
-1372,-118,-767,-1371.90076,-115.018181,-767.995056
-1345,-72,-780,-1344.90039,-69.0182648,-780.994995
-1362,-51,-789,-1361.90076,-48.0183372,-789.995056
-1372,-118,-767,-1372.07532,-113.290535,-767.997131
-1362,-51,-789,-1362.08728,-46.2928886,-789.996155
-1399,-111,-767,-1399.07568,-106.290245,-767.997131
-1345,-72,-780,-1345.2439,-69.425705,-780.969788
-1282,-36,-818,-1282.24414,-33.4248962,-818.969727
-1289,-12,-831,-1289.24341,-9.4240799,-831.96991
-1345,-72,-780,-1345.24365,-70.8229446,-780.969849
-1289,-12,-831,-1289.24341,-10.8239527,-831.96991
-1362,-51,-789,-1362.2395,-49.8228188,-789.970886
-1399,-111,-767,-1398.11609,-107.104149,-766.532349
-1362,-51,-789,-1361.11609,-47.1049423,-788.532349
-1361,-72,-808,-1360.11572,-68.1042175,-807.533081
-1399,-111,-767,-1398.15649,-108.219757,-766.462891
-1361,-72,-808,-1360.15662,-69.2176895,-807.462708
-1386,-118,-791,-1385.15503,-115.219421,-790.46521
-1362,-51,-789,-1361.28418,-49.5540695,-788.301758
-1289,-12,-831,-1288.28296,-10.5547829,-830.302979
-1297,-38,-845,-1296.28235,-36.5544662,-844.30365
-1362,-51,-789,-1361.28235,-49.9783058,-788.30365
-1297,-38,-845,-1296.2854,-36.9805527,-844.300476
-1361,-72,-808,-1360.28613,-70.9786758,-807.299744
-1159,129,-863,-1158.16541,132.421509,-863.550842
-1127,376,-918,-1126.16541,379.431702,-918.550842
-1192,143,-920,-1191.16553,146.421356,-920.551025
-1271,66,-837,-1270.26477,68.0270233,-836.322205
-1167,143,-897,-1166.255,145.024261,-896.332947
-1180,101,-913,-1179.25549,103.023575,-912.332397
-1271,66,-837,-1270.28333,68.1537247,-836.302612
-1180,101,-913,-1179.28284,103.157616,-912.303101
-1259,31,-868,-1258.28284,33.1551514,-867.303101
-1321,-68,-808,-1320.16931,-64.5847626,-807.443298
-1271,66,-837,-1270.16541,69.4066849,-836.449158
-1259,31,-868,-1258.16541,34.4077492,-867.449158
-1321,-68,-808,-1320.16931,-61.3165855,-807.443298
-1259,31,-868,-1258.16931,37.6817284,-867.443298
-1300,-81,-844,-1299.16931,-74.3181839,-843.443298
-1238,31,-832,-1238.1377,33.7285995,-832.990417
-1160,101,-877,-1160.13086,103.728813,-877.991394
-1167,143,-897,-1167.13086,145.729187,-897.991394
-1238,31,-832,-1238.26917,33.9682045,-832.963074
-1167,143,-897,-1167.27625,145.96579,-897.96106
-1271,66,-837,-1271.276,68.9687347,-837.961121
-1280,-81,-808,-1280.06055,-78.4380569,-808.998108
-1238,31,-832,-1238.04321,33.5694427,-832.999023
-1271,66,-837,-1271.06128,68.5715866,-837.998108
-1280,-81,-808,-1280.0752,-74.9536209,-808.997131
-1271,66,-837,-1271.06128,72.0563812,-837.998108
-1321,-68,-808,-1321.0752,-61.9556274,-808.997131
-1158,-187,-1013,-1157.12256,-175.93895,-1012.52032
-1120,-88,-1055,-1119.12732,-76.9396896,-1054.51172
-1139,-187,-1048,-1138.12256,-175.934387,-1047.52039
-1158,-97,-1013,-1157.09521,-92.5452042,-1012.57416
-1158,-19,-979,-1157.0946,-14.5492487,-978.575439
-1138,16,-1006,-1137.09436,20.4495182,-1005.57599
-1158,-97,-1013,-1157.24719,-90.0614243,-1012.3418
-1138,16,-1006,-1137.24719,22.9370766,-1005.3418
-1120,-88,-1055,-1119.24805,-81.0668335,-1054.34082
-1158,-19,-979,-1157.13513,-17.4983387,-978.498047
-1180,26,-912,-1179.13831,27.5029411,-911.492615
-1159,83,-911,-1158.13513,84.5003204,-910.498047
-1158,-19,-979,-1157.07385,-14.9198732,-978.622864
-1159,83,-911,-1158.07397,87.0725861,-910.622559
-1138,16,-1006,-1137.07434,20.0807533,-1005.62164
-1124,-186,-1010,-1124.0752,-160.418304,-1010.99713
-1107,-99,-1016,-1107.06055,-73.4026947,-1016.99811
-1158,-97,-1013,-1158.0752,-71.3984604,-1013.99713
-1138,16,-1006,-1138.99902,19.6067753,-1005.95605
-1159,83,-911,-1159.99915,86.6028824,-910.958679
-1138,26,-912,-1138.99902,29.6045303,-911.956055
-1138,16,-1006,-1138.99805,18.4917164,-1005.93756
-1138,26,-912,-1138.99902,28.4904022,-911.955872
-1117,-19,-979,-1117.99805,-16.5074043,-978.937561
-1109,-38,-824,-1108.32153,-36.8228951,-824.734619
-1149,11,-895,-1148.32031,12.1783066,-895.733459
-1159,-31,-876,-1158.32031,-29.8216572,-876.733459
-1109,-38,-824,-1108.34009,-36.4883881,-824.751343
-1159,-31,-876,-1158.34717,-29.4893913,-876.757446
-1143,-64,-820,-1142.34668,-62.4892616,-820.75708
-1068,-202,-801,-1068.04297,-197.375793,-801.999023
-1109,-38,-824,-1109.04407,-33.3760376,-824.999023
-1143,-64,-820,-1143.04297,-59.378273,-820.999023
-1068,-202,-801,-1068.04297,-194.23082,-801.999023
-1143,-64,-820,-1143.04297,-56.222496,-820.999023
-1110,-202,-801,-1110.04297,-194.23082,-801.999023
-1122,-64,-856,-1122.995,-61.0105515,-855.900391
-1138,-31,-912,-1138.995,-28.0123997,-911.900391
-1149,11,-895,-1149.995,13.9873705,-894.900391
-1122,-64,-856,-1122.90393,-54.6012077,-855.572327
-1149,11,-895,-1149.9054,20.3945446,-894.575439
-1109,-38,-824,-1109.90479,-28.5987339,-823.574219
-1077,-72,-1609,-1077.94812,-70.5056305,-1608.68213
-1123,-31,-1681,-1123.94727,-29.5056992,-1680.67957
-1143,11,-1676,-1143.94617,12.49545,-1675.67639
-1077,-72,-1609,-1077.98438,-71.2684479,-1608.82397
-1143,11,-1676,-1143.9823,11.7332335,-1675.81274
-1087,-47,-1576,-1087.98425,-46.2672768,-1575.82324
-1110,-187,-1553,-1109.4292,-180.732758,-1553.82104
-1087,-47,-1576,-1086.42603,-40.7342873,-1576.81885
-1148,-64,-1614,-1147.42603,-57.7388306,-1614.81885
-1110,-187,-1553,-1109.30005,-178.987793,-1553.71411
-1148,-64,-1614,-1147.3009,-55.9819946,-1614.71497
-1139,-187,-1582,-1138.30188,-178.987793,-1582.71594
-1087,-47,-1576,-1086.26562,-44.3238716,-1576.67871
-1143,11,-1676,-1142.2655,13.6780901,-1676.67859
-1163,-31,-1670,-1162.26501,-28.3216724,-1670.67798
-1087,-47,-1576,-1086.30176,-46.0877609,-1576.71582
-1163,-31,-1670,-1162.30176,-30.0895271,-1670.71582
-1148,-64,-1614,-1147.30176,-63.0884285,-1614.71582
-1307,53,-1560,-1306.03003,54.4752464,-1559.75684
-1263,62,-1713,-1262.03003,63.4781952,-1712.75684
-1329,19,-1582,-1328.03003,20.4761848,-1581.75684
-1370,-68,-1452,-1369.00391,-66.563179,-1452.08691
-1307,53,-1560,-1306.00293,54.4390526,-1560.07605
-1329,19,-1582,-1328.00391,20.4379349,-1582.08716
-1370,-68,-1452,-1369.00574,-66.3547668,-1451.89307
-1329,19,-1582,-1328.00488,20.6522045,-1581.90137
-1370,-81,-1495,-1369.00488,-79.3534775,-1494.90137
-1278,19,-1553,-1278.85193,22.1204796,-1553.52344
-1216,62,-1686,-1216.849,65.1154022,-1686.5282
-1218,100,-1713,-1218.849,103.11393,-1713.52832
-1278,19,-1553,-1278.75122,20.4991741,-1553.66003
-1218,100,-1713,-1218.75098,101.499298,-1713.66016
-1307,53,-1560,-1307.7511,54.5003357,-1560.66016
-1333,-81,-1474,-1333.37769,-80.0440063,-1474.9259
-1278,19,-1553,-1278.39062,19.9561234,-1553.92053
-1307,53,-1560,-1307.37732,53.957077,-1560.92603
-1333,-81,-1474,-1333.61353,-77.1094666,-1474.78967
-1307,53,-1560,-1307.61328,56.8881187,-1560.78979
-1370,-68,-1452,-1370.61865,-64.1096954,-1452.78564
-1371,-129,-1763,-1370.08167,-125.664246,-1763.39575
-1349,-90,-1750,-1348.08496,-86.6647568,-1750.4032
-1350,-73,-1769,-1349.08191,-69.6637573,-1769.39636
-1371,-129,-1763,-1370.18005,-126.882843,-1763.57239
-1350,-73,-1769,-1349.18018,-70.885788,-1769.57251
-1387,-123,-1790,-1386.18054,-120.882851,-1790.57312
-1349,-90,-1750,-1348.29407,-88.7639771,-1750.70825
-1287,-68,-1709,-1286.28345,-66.7635651,-1709.69751
-1276,-39,-1726,-1275.29114,-37.7632065,-1726.70532
-1349,-90,-1750,-1348.2655,-88.7683792,-1750.67859
-1276,-39,-1726,-1275.26526,-37.7683754,-1726.67834
-1350,-73,-1769,-1349.26575,-71.7683792,-1769.67883
-1387,-123,-1790,-1386.95874,-121.076279,-1789.00085
-1350,-73,-1769,-1349.95874,-71.0768967,-1768.00085
-1333,-90,-1777,-1332.95703,-88.0774384,-1776.00098
-1387,-123,-1790,-1387.06213,-119.411797,-1789.00195
-1333,-90,-1777,-1333.06055,-86.4122772,-1776.00195
-1355,-129,-1790,-1355.06091,-125.413521,-1789.00195
-1350,-73,-1769,-1350.24316,-70.8117371,-1768.03003
-1276,-39,-1726,-1276.24414,-36.8117294,-1725.03027
-1266,-68,-1745,-1266.24316,-65.8120956,-1744.03003
-1350,-73,-1769,-1350.24316,-70.9504471,-1768.03003
-1266,-68,-1745,-1266.24316,-65.9494705,-1744.03003
-1333,-90,-1777,-1333.24023,-87.9499817,-1776.0293
-1172,129,-1661,-1171.02136,132.136856,-1660.79443
-1111,376,-1677,-1110.02515,379.151886,-1676.77722
-1155,143,-1724,-1154.02319,146.141388,-1723.78589
-1078,51,-1755,-1078.80591,52.52845,-1755.5918
-1138,83,-1695,-1138.79138,84.5274734,-1695.61121
-1123,26,-1681,-1123.79126,27.5284863,-1681.61133
-1078,51,-1755,-1078.81873,55.7633667,-1755.5741
-1123,26,-1681,-1123.8186,30.7572765,-1681.57422
-1082,-19,-1722,-1082.8186,-14.2386932,-1722.57422
-1046,-185,-1726,-1045.33997,-169.48941,-1726.75122
-1028,-100,-1716,-1027.33984,-84.5052643,-1716.7511
-1069,-97,-1752,-1068.34009,-81.4932938,-1752.75134
-1111,-19,-1751,-1110.50977,-17.1365223,-1750.12842
-1152,26,-1710,-1151.52051,27.8667278,-1709.12256
-1138,83,-1695,-1137.50977,84.8688736,-1694.12842
-1111,-19,-1751,-1110.36523,-15.5834026,-1750.22742
-1138,83,-1695,-1137.3656,86.4176788,-1694.22705
-1078,51,-1755,-1077.36658,54.4171753,-1754.2262
-1069,-187,-1752,-1068.75879,-178.359482,-1751.02954
-1007,-90,-1751,-1006.75879,-81.3545914,-1750.02954
-1028,-187,-1762,-1027.77563,-178.361023,-1761.02551
-1266,-81,-1703,-1265.23657,-65.0350113,-1703.64587
-1250,31,-1695,-1249.24146,46.9605904,-1695.65161
-1270,66,-1722,-1269.23547,81.9556274,-1722.64453
-1266,-81,-1703,-1265.31958,-61.6561279,-1703.73279
-1270,66,-1722,-1269.3197,85.3413849,-1722.73291
-1296,-68,-1732,-1295.32117,-48.6497345,-1732.73425
-1250,31,-1695,-1249.37537,33.7615776,-1695.78088
-1163,101,-1671,-1162.37537,103.763092,-1671.78088
-1154,143,-1691,-1153.38477,145.763702,-1691.78833
-1250,31,-1695,-1249.50977,32.4879379,-1695.87158
-1154,143,-1691,-1153.50977,144.488556,-1691.87158
-1270,66,-1722,-1269.51062,67.4893875,-1722.87207
-1296,-68,-1732,-1295.73633,-60.549263,-1731.0354
-1270,66,-1722,-1269.73718,73.4338074,-1721.03516
-1240,31,-1735,-1239.73633,38.4343834,-1734.0354
-1296,-68,-1732,-1295.75928,-55.8384399,-1731.02942
-1240,31,-1735,-1239.75879,43.1552582,-1734.02954
-1256,-81,-1743,-1255.77148,-68.8413239,-1742.02649
-1270,66,-1722,-1269.93945,67.7204819,-1721.00195
-1154,143,-1691,-1153.93958,144.719711,-1690.00183
-1152,101,-1712,-1151.93958,102.719482,-1711.00183
-1270,66,-1722,-1269.95703,67.9949951,-1721.00098
-1152,101,-1712,-1151.95996,102.995941,-1711.00085
-1240,31,-1735,-1239.95874,32.9944191,-1734.00085
-1708,66,-1182,-1707.81274,67.3968735,-1182.9823
-1812,143,-1242,-1811.81274,144.400833,-1242.9823
-1820,101,-1222,-1819.81274,102.400345,-1222.9823
-1708,66,-1182,-1707.76074,67.5769348,-1182.97095
-1820,101,-1222,-1819.75879,102.571541,-1222.97046
-1741,31,-1177,-1740.75879,32.5776405,-1177.97046
-1658,-68,-1153,-1657.95593,-62.4309692,-1153.99902
-1708,66,-1182,-1707.95605,71.5773697,-1182.99902
-1741,31,-1177,-1740.95605,36.5741348,-1177.99902
-1658,-68,-1153,-1657.92358,-61.6466713,-1153.99707
-1741,31,-1177,-1740.92358,37.3406754,-1177.99707
-1690,-81,-1153,-1689.92358,-74.6483383,-1153.99707
-1720,31,-1213,-1720.77747,33.9104805,-1212.37109
-1799,101,-1258,-1799.78833,103.908203,-1257.38477
-1812,143,-1242,-1812.78857,145.906784,-1241.38513
-1720,31,-1213,-1720.70044,33.9162025,-1212.28638
-1812,143,-1242,-1812.6969,145.921326,-1241.28284
-1708,66,-1182,-1708.6969,68.9174805,-1181.28284
-1674,-81,-1181,-1674.84412,-73.2090988,-1180.46387
-1720,31,-1213,-1720.84497,38.7998581,-1212.46521
-1708,66,-1182,-1708.84436,73.800415,-1181.46423
-1674,-81,-1181,-1674.83032,-75.2831802,-1180.44275
-1708,66,-1182,-1708.82959,71.7229156,-1181.44165
-1658,-68,-1153,-1658.83008,-62.2842369,-1152.44238
-1898,-187,-1178,-1898.04297,-50.1295242,-1178.99902
-1940,-84,-1178,-1940.04297,53.0126266,-1178.99902
-1936,-187,-1177,-1936.04297,-50.1181297,-1177.99902
-1898,-97,-1178,-1897.92358,-91.5392761,-1178.99707
-1869,-19,-1195,-1868.92358,-13.5411472,-1195.99707
-1924,16,-1208,-1923.92358,21.4582958,-1208.99707
-1898,-97,-1178,-1898.09778,-93.5404434,-1178.99512
-1924,16,-1208,-1924.08752,19.4613476,-1208.99609
-1940,-84,-1178,-1940.09863,-80.5418472,-1178.99512
-1869,-19,-1195,-1869.23926,-16.1704903,-1195.97095
-1819,26,-1224,-1819.24316,28.8296146,-1224.96997
-1829,83,-1242,-1829.23926,85.8278732,-1242.97095
-1869,-19,-1195,-1869.04309,-16.5989361,-1195.99902
-1829,83,-1242,-1829.04407,85.401123,-1242.99902
-1924,16,-1208,-1924.04297,18.3999214,-1208.9989
-1919,-187,-1214,-1919.84265,-131.444458,-1213.46155
-1922,-97,-1215,-1922.84412,-41.4388466,-1214.46387
-1898,-97,-1178,-1898.84412,-41.461132,-1177.46387
-1924,16,-1208,-1923.44751,20.0550079,-1207.1665
-1829,83,-1242,-1828.44165,87.0546341,-1241.17041
-1840,26,-1260,-1839.44751,30.052063,-1259.1665
-1924,16,-1208,-1923.44446,18.0263882,-1207.16858
-1840,26,-1260,-1839.44446,28.0249119,-1259.16858
-1912,-19,-1239,-1911.4259,-16.9733906,-1238.18127
-1555,-129,-1148,-1555.83154,-126.345375,-1147.44458
-1581,-90,-1157,-1581.83154,-87.3439178,-1156.44458
-1579,-73,-1141,-1579.83179,-70.3441238,-1140.44495
-1555,-129,-1148,-1555.64453,-126.63427,-1147.23547
-1579,-73,-1141,-1579.64502,-70.6365051,-1140.23584
-1537,-123,-1130,-1537.64465,-120.633751,-1129.2356
-1581,-90,-1157,-1581.47961,-88.8830643,-1156.12256
-1669,-68,-1187,-1669.47961,-66.882164,-1186.12256
-1676,-39,-1167,-1676.47961,-37.8824768,-1166.12256
-1581,-90,-1157,-1581.5022,-88.3510742,-1156.13525
-1676,-39,-1167,-1676.50195,-37.3491402,-1166.13513
-1579,-73,-1141,-1579.50195,-71.3515396,-1140.13513
-1537,-123,-1130,-1537.3623,-121.358971,-1130.93201
-1579,-73,-1141,-1579.3623,-71.3591385,-1141.93201
-1589,-90,-1128,-1589.3623,-88.359436,-1128.93201
-1537,-123,-1130,-1537.20544,-119.327271,-1130.97864
-1589,-90,-1128,-1589.22266,-86.329567,-1128.97485
-1562,-129,-1123,-1562.20544,-125.328728,-1123.97864
-1579,-73,-1141,-1578.95593,-72.3072968,-1141.99902
-1676,-39,-1167,-1675.95593,-38.3088722,-1167.99902
-1680,-68,-1147,-1679.95874,-67.309166,-1147.99915
-1579,-73,-1141,-1578.95605,-72.4692841,-1141.99902
-1680,-68,-1147,-1679.95874,-67.4705276,-1147.99915
-1589,-90,-1128,-1588.95605,-89.4697571,-1128.99902
-1787,129,-1266,-1787.8833,135.763107,-1266.46875
-1835,376,-1238,-1835.88318,382.782288,-1238.46875
-1820,143,-1209,-1820.87195,149.767441,-1209.4895
-1851,129,-1266,-1851.04297,133.763458,-1265.00098
-1835,376,-1238,-1835.04297,380.749146,-1237.00098
-1787,129,-1266,-1787.04297,133.763458,-1265.00098
-1758,-38,-1344,-1758.92053,-34.5542374,-1344.39062
-1819,11,-1259,-1819.91455,14.4460573,-1259.4043
-1798,-31,-1260,-1798.91492,-27.5535564,-1260.40356
-1758,-187,-1387,-1758.85205,-182.342026,-1386.47656
-1758,-38,-1344,-1758.85242,-33.3453407,-1343.47717
-1737,-64,-1317,-1737.849,-59.3453712,-1316.47168
-1758,-187,-1387,-1758.86389,-182.41214,-1386.49634
-1737,-64,-1317,-1737.86438,-59.4150047,-1316.49719
-1737,-187,-1351,-1737.86438,-182.416565,-1350.49719
-1779,-64,-1317,-1778.41895,-61.6416168,-1316.18616
-1840,-31,-1260,-1839.4259,-28.6475315,-1259.18127
-1819,11,-1259,-1818.42578,13.3511868,-1258.1814
-1779,-64,-1317,-1778.20422,-41.8353004,-1316.39453
-1819,11,-1259,-1818.1925,33.1818657,-1258.41016
-1758,-38,-1344,-1757.20422,-15.828311,-1343.39453
-1779,-187,-1351,-1778.15649,-182.030258,-1350.46289
-1779,-64,-1317,-1778.15466,-59.0297432,-1316.46582
-1758,-38,-1344,-1757.15466,-33.033947,-1343.46582
-1779,-187,-1351,-1778.13513,-183.135864,-1350.49805
-1758,-38,-1344,-1757.13123,-34.1300278,-1343.50488
-1758,-187,-1387,-1757.14978,-183.140961,-1386.47363
-741,-186,-2692,-741.996033,-184.412613,-2692.08862
-919,48,-2570,-919.997009,49.5893936,-2570.0769
-917,41,-2536,-917.996094,42.5898705,-2536.08813
-741,-186,-2692,-741.991211,-184.222321,-2691.86792
-917,41,-2536,-917.991211,42.7803001,-2535.86792
-737,-184,-2649,-737.991333,-182.221771,-2648.86865
-919,48,-2570,-919.996033,49.509388,-2570.08887
-930,58,-2521,-930.997009,59.5102654,-2521.0769
-917,41,-2536,-917.997009,42.5099754,-2536.07642
-1036,87,-2489,-1036.53711,88.1182938,-2489.84351
-1129,48,-2389,-1129.53442,49.1166954,-2389.84521
-1012,65,-2480,-1012.53436,66.1184235,-2480.84521
-1050,64,-2506,-1049.12305,65.4909821,-2505.51953
-1129,48,-2389,-1128.12732,49.4916534,-2388.51172
-1036,87,-2489,-1035.12256,88.491333,-2488.52051
-980,56,-2554,-979.509766,57.1643524,-2553.12842
-1050,64,-2506,-1049.51855,65.1642838,-2505.12354
-1036,87,-2489,-1035.51904,88.1642532,-2488.12329
-967,39,-2570,-966.956055,39.4254189,-2569.00098
-980,56,-2554,-979.956055,56.4259911,-2553.00098
-957,77,-2536,-956.957031,77.4262619,-2535.00098
-967,39,-2570,-966.829468,40.1733284,-2569.01465
-957,77,-2536,-956.835266,78.1730652,-2535.01367
-919,48,-2570,-918.829468,49.1726036,-2569.01465
-787,-185,-2682,-786.924805,-182.974609,-2681.00293
-967,39,-2570,-966.923523,41.028389,-2569.00293
-919,48,-2570,-918.911743,50.0301132,-2569.00391
-787,-185,-2682,-786.802734,-181.010284,-2681.01978
-919,48,-2570,-918.802734,51.9753838,-2569.01978
-741,-186,-2692,-740.798523,-182.008148,-2691.02051
-1109,-38,-824,-1109.86389,-34.2621689,-823.496338
-1068,-202,-801,-1068.86389,-198.255051,-800.496338
-1089,-202,-837,-1089.8678,-198.258865,-836.503113
-1109,-38,-824,-1109.8833,-34.0729866,-823.53125
-1089,-202,-837,-1089.8833,-198.07692,-836.53125
-1122,-64,-856,-1122.87646,-60.0747452,-855.518555
-1138,16,-1006,-1137.95593,17.745306,-1005.00098
-1075,-13,-1022,-1074.95605,-11.2535915,-1021.00098
-1120,-88,-1055,-1119.95593,-86.2515182,-1054.00098
-1117,-19,-979,-1117.6521,-18.3595333,-979.758118
-1054,-48,-995,-1054.64453,-47.3597832,-995.764465
-1075,-13,-1022,-1075.65137,-12.36059,-1022.75854
-1117,-19,-979,-1117.6521,-18.3595333,-979.758118
-1075,-13,-1022,-1075.65137,-12.36059,-1022.75854
-1138,16,-1006,-1138.65137,16.6396599,-1006.75873
-1078,51,-1755,-1078.46765,58.5052757,-1754.11609
-1001,23,-1721,-1001.46753,30.5061283,-1720.11609
-967,-62,-1719,-967.466858,-54.4922447,-1718.11572
-1078,51,-1755,-1078.52637,53.5617523,-1754.14978
-967,-62,-1719,-967.526367,-59.4476471,-1718.14978
-1007,-90,-1751,-1007.52661,-87.4489136,-1750.1499
-1082,-19,-1722,-1081.73682,-16.5815353,-1722.96472
-1005,-47,-1687,-1004.74023,-44.5832062,-1687.96558
-1001,23,-1721,-1000.73676,25.4178829,-1721.96472
-1082,-19,-1722,-1081.75977,-16.8782406,-1722.9707
-1001,23,-1721,-1000.75488,25.1180401,-1721.96948
-1078,51,-1755,-1077.75879,53.1189079,-1755.97034
-1033,-89,-3089,-1033.09851,-87.1205826,-3089.99512
-878,-63,-3112,-878.097656,-61.1173515,-3112.99512
-1101,-58,-3091,-1101.11523,-56.1217537,-3091.99316
-878,-63,-3112,-878.107117,-59.8678627,-3112.99414
-883,-13,-3126,-883.097778,-9.8671875,-3126.99512
-1101,-58,-3091,-1101.09802,-54.8801193,-3091.99512
-1101,-58,-3091,-1100.70605,-57.4194832,-3090.04419
-844,-51,-3166,-843.691345,-50.4189301,-3165.04883
-1066,-89,-3132,-1065.70996,-88.4193039,-3131.04321
-1101,-58,-3091,-1100.69141,-57.3047485,-3090.04883
-883,-13,-3126,-882.706055,-12.3067598,-3125.04419
-844,-51,-3166,-843.706055,-50.3085823,-3165.04419
-1278,-183,-3061,-1277.47363,-181.071533,-3060.1499
-1101,-58,-3091,-1100.45801,-56.0794258,-3090.15967
-1224,-192,-3102,-1223.46387,-190.07312,-3101.15601
-1101,-58,-3091,-1100.47742,-56.7319794,-3090.14746
-1066,-89,-3132,-1065.49622,-87.7318573,-3131.13623
-1224,-192,-3102,-1223.48633,-190.735657,-3101.14209
-1202,-209,-3034,-1201.83533,-206.487442,-3034.98633
-1101,-58,-3091,-1100.82397,-55.4953003,-3091.98438
-1278,-183,-3061,-1277.83093,-180.486725,-3061.9856
-1202,-209,-3034,-1202.12354,-204.471359,-3034.99219
-1033,-89,-3089,-1033.09851,-84.4775543,-3089.99512
-1101,-58,-3091,-1101.12341,-53.4775505,-3091.99219
-599,-9,-4109,-598.793884,-7.50391293,-4109.97852
-506,7,-4099,-505.789276,8.49469757,-4099.97754
-494,58,-4130,-493.798523,59.4957924,-4130.97949
-599,-9,-4109,-598.740845,-7.5363555,-4109.96582
-494,58,-4130,-493.755829,59.4624557,-4130.96973
-699,15,-4152,-698.759766,16.4629116,-4152.9707
-699,15,-4152,-698.955872,15.732131,-4151.00098
-494,58,-4130,-493.958679,58.7330246,-4129.00098
-481,16,-4163,-480.957672,16.7323017,-4162.00098
-699,15,-4152,-698.956055,16.7989597,-4151.00098
-481,16,-4163,-480.958679,17.7975655,-4162.00098
-629,-9,-4179,-628.957031,-7.20066023,-4178.00098
-742,-9,-3623,-741.959961,-8.19889164,-3623.99902
-493,86,-3690,-492.955841,86.8062744,-3690.99902
-799,59,-3684,-798.958984,59.7999802,-3684.99878
-799,59,-3684,-798.958008,61.822113,-3683.00098
-493,86,-3690,-492.961761,88.8412857,-3689.00073
-679,-9,-3701,-678.955872,-6.16781187,-3700.00098
-931,-57,-3670,-930.648438,-55.5065689,-3670.93604
-742,-9,-3623,-741.649414,-7.51325989,-3623.93652
-799,59,-3684,-798.648804,60.4896317,-3684.93628
-931,-57,-3670,-930.59613,-56.1809349,-3670.91479
-799,59,-3684,-798.586914,59.8230591,-3684.91064
-911,23,-3712,-910.574707,23.8205147,-3712.90503
-911,23,-3712,-911.123596,24.5051041,-3711.00781
-799,59,-3684,-799.1073,60.5088692,-3683.00586
-679,-9,-3701,-679.115906,-7.4860158,-3700.00684
-911,23,-3712,-911.115234,24.6831093,-3711.00684
-679,-9,-3701,-679.131653,-7.323596,-3700.00879
-868,-57,-3747,-868.098572,-55.3215828,-3746.00488
-993,-233,-4184,-992.660034,-229.137344,-4183.05957
-874,-78,-4171,-873.65918,-74.1354141,-4170.06006
-811,-84,-4197,-810.649414,-80.1315308,-4196.06348
-993,-233,-4184,-992.691345,-229.735504,-4183.04883
-811,-84,-4197,-810.679565,-80.7438126,-4196.05273
-938,-254,-4210,-937.688354,-250.736786,-4209.0498
-874,-78,-4171,-873.823975,-76.9643326,-4170.01562
-699,15,-4152,-698.808289,16.0322037,-4151.01855
-629,-9,-4179,-628.823975,-7.96907663,-4178.01562
-874,-78,-4171,-873.706848,-76.4596863,-4170.04395
-629,-9,-4179,-628.703674,-7.45866537,-4178.04492
-811,-84,-4197,-810.713318,-82.4592361,-4196.04199
-909,-254,-4139,-908.586914,-248.668213,-4139.91064
-781,-84,-4127,-780.603394,-78.6581802,-4127.91797
-874,-78,-4171,-873.594482,-72.6603928,-4171.91406
-909,-254,-4139,-908.586914,-248.928467,-4139.91064
-874,-78,-4171,-873.586914,-72.9308014,-4171.91064
-993,-233,-4184,-992.575195,-227.923294,-4184.90527
-781,-84,-4127,-780.716553,-81.6036606,-4127.95898
-599,-9,-4109,-598.716553,-6.60671902,-4109.95898
-699,15,-4152,-698.703674,17.3947849,-4152.95508
-781,-84,-4127,-780.59668,-82.1526413,-4127.91504
-699,15,-4152,-698.603394,16.8530655,-4152.91797
-874,-78,-4171,-873.614868,-76.1548233,-4171.92285
-70,-19,-492,-69.8047028,-17.00214,-491.019257
-292,189,-362,-291.820709,191.005295,-361.016205
-201,246,-356,-200.820709,248.008865,-355.016205
-70,-19,-492,-70.0607758,-17.8469696,-491.001862
-201,246,-356,-201.061401,247.151566,-355.001892
10,1,-477,9.93802071,2.15235448,-476.001923
-292,189,-362,-291.025177,198.724838,-361.777039
-338,155,-181,-337.024872,164.732895,-180.778366
-327,222,-187,-326.024963,231.7258,-186.777969
10,1,-477,9.30318928,5.71745396,-477.717255
-201,246,-356,-201.721054,250.698212,-356.692841
-242,189,-294,-242.721115,193.700073,-294.69281
10,1,-477,9.20636845,3.11391139,-477.608398
-242,189,-294,-242.78746,191.114975,-294.616364
-20,-19,-423,-20.7914219,-16.8860931,-423.611267
-201,246,-356,-201.774612,248.742493,-356.632416
-327,222,-187,-327.774628,224.736343,-187.632416
-284,154,-192,-284.774628,156.734329,-192.632401
-937,156,143,-936.708069,159.147125,142.043564
-762,173,188,-761.708313,176.140686,187.043488
-781,239,151,-780.708008,242.139191,150.043594
-1098,1,129,-1097.19946,2.91685057,129.599243
-1002,212,141,-1001.19946,213.914505,141.599243
-984,156,78,-983.193542,157.916214,78.5912094
-1098,1,129,-1097.15112,1.98326528,129.52858
-984,156,78,-983.156555,156.989395,78.5372086
-1073,-19,72,-1072.15662,-18.0183563,72.5372696
-1002,212,141,-1002.04199,214.146988,141.999115
-781,239,151,-781.041992,241.148788,151.9991
-766,185,134,-766.041992,187.148117,134.999115
-1094,126,-194,-1094.51758,127.92379,-193.144379
-717,149,41,-717.512695,150.927658,41.8585472
-703,86,24,-703.513,87.9276276,24.858387
-1273,-1,-160,-1272.46582,0.348825037,-159.154633
-1094,126,-194,-1093.46704,127.343063,-193.15387
-1052,72,-255,-1051.46582,73.3406906,-254.154633
-1273,-1,-160,-1272.39062,0.757448018,-159.207123
-1052,72,-255,-1051.39062,73.7544327,-254.207123
-1221,-27,-225,-1220.39148,-25.2438297,-224.206467
-1025,72,-168,-1024.35596,74.6111755,-168.764984
-745,85,63,-744.350769,87.6177216,62.2394104
-717,149,41,-716.345764,151.618256,40.2437096
-1191,-25,-139,-1190.93738,-23.269001,-139.998032
-1025,72,-168,-1024.93665,73.7272491,-168.997986
-1094,126,-194,-1093.93762,127.730522,-194.998047
-1191,-25,-139,-1190.88086,-22.1281204,-139.992874
-1094,126,-194,-1093.88098,128.874725,-194.992889
-1273,-1,-160,-1272.88086,1.8743006,-160.992874
-707,72,-451,-706.020386,72.450058,-450.799133
-649,126,-497,-648.020386,126.449142,-496.799133
-681,64,-616,-680.021301,64.4466171,-615.794739
-707,72,-451,-706.020325,73.8775024,-451.200531
-602,119,-50,-601.020386,120.888039,-50.2007141
-558,205,-37,-557.020325,206.891281,-37.2005234
-616,68,-615,-616.999023,73.0661774,-615.04303
-618,72,-430,-618.999084,77.0483093,-430.042267
-602,-45,-502,-602.999084,-39.9516144,-502.042633
-616,68,-615,-616.999084,69.9061737,-614.957275
-649,126,-497,-649.999207,127.904533,-496.960693
-618,72,-430,-618.999329,73.9024887,-429.963379
-649,126,-497,-649.959839,127.780586,-496.719452
-558,205,-37,-558.963623,206.769974,-36.7327385
-513,119,-29,-513.963684,120.76828,-28.7329559
-649,126,-497,-649.960144,132.802383,-496.72052
-513,119,-29,-513.961914,125.824677,-28.7266483
-618,72,-430,-618.960144,78.8028412,-429.72052
154,-240,6240,153.215118,-216.847473,6239.38037
148,-35,6239,147.222916,-11.9189711,6238.37061
-130,-35,6578,-130.784439,-11.8145857,6577.37988
60,-280,6153,59.3087959,-204.974884,6153.72266
148,-35,6239,147.315491,40.089344,6239.729
154,-240,6240,153.313431,-164.885529,6240.72705
-7,76,6188,-6.2475872,164.317261,6187.34131
-65,-65,6124,-64.2549591,23.2409973,6123.33301
-30,-101,6165,-29.2544994,-12.7768612,6164.3335
449,-4,4964,448.748199,38.594017,4963.03223
463,-43,4962,462.759735,-0.399248481,4961.0293
547,-12,4941,546.755859,30.6238365,4940.03027
616,10,4917,615.901306,31.5088253,4917.99512
546,-13,4911,545.901306,8.49676132,4911.99512
542,23,4912,541.923523,44.5126839,4912.99707
546,-13,4911,546.13092,105.686913,4911.99121
441,-4,4927,441.145905,114.745796,4927.98926
542,23,4912,542.152283,141.652008,4912.98828
546,-13,4911,546.145508,13.0278654,4911.98926
455,-43,4924,455.138977,-17.0115929,4924.99023
441,-4,4927,441.138977,21.9643364,4927.99023
572,22,4994,571.65918,37.1573601,4993.06006
516,45,5011,515.65918,60.1629753,5010.06006
509,12,5017,508.649414,27.158268,5016.06348
645,-29,4975,644.660034,-19.3091698,4974.05957
572,22,4994,571.660034,31.6799698,4993.05957
509,12,5017,508.665466,21.6744251,5016.05762
509,12,5017,509.887909,14.7435904,5016.54004
501,45,4981,501.88681,47.7445869,4980.53809
493,12,4986,493.88324,14.7426996,4985.53125
509,12,5017,509.893402,14.3966675,5016.55078
516,45,5011,516.89093,47.3961258,5010.5459
501,45,4981,501.893768,47.3975258,4980.55176
527,19,5001,526.847412,160.585709,5000.01172
424,21,5016,423.835236,162.733292,5015.01367
433,-13,5015,432.847382,128.747742,5014.01172
297,-43,4949,296.763702,-27.9562511,4949.97168
369,8,4969,368.780396,23.0502357,4969.97559
435,-13,4981,434.780396,2.04283309,4981.97559
369,8,4969,368.780396,16.714674,4969.97559
426,21,4982,425.780396,29.7176018,4982.97559
435,-13,4981,434.776093,-4.27914572,4981.97461
234,-13,4964,234.769073,56.3274994,4963.36084
292,-43,5035,292.758698,26.4354076,5034.34863
301,-4,5045,301.759949,65.4465637,5044.3501
202,10,4901,202.882919,68.9786377,4900.53076
234,-13,4964,234.880569,45.9138718,4963.52637
236,23,4966,236.88092,81.938446,4965.52686
258,-12,4947,257.153412,75.8905411,4947.53223
222,-11,4891,221.150955,76.8547974,4891.52832
221,11,4890,220.158997,98.854126,4890.54102
329,-4,5019,328.286072,76.4957809,5019.7002
320,-43,5009,319.286072,37.5384789,5009.7002
258,-12,4947,257.286072,68.5413055,4947.7002
297,-43,4949,296.730133,108.960182,4949.96289
285,-13,4946,284.730133,138.915466,4946.96289
369,8,4969,368.726654,159.995117,4969.96191
