-75,114,1920,-75.5833893,128.868317,1920.81213
-92,0,1899,-92.5952911,14.8857737,1899.80347
-240,114,1800,-240.599182,128.918228,1800.80054
75,114,1920,75.5798569,128.868317,1920.8147
240,114,1800,240.575165,128.918228,1800.81799
92,0,1899,92.5796967,14.8857737,1899.81482
-90,0,1800,-90.0427094,8.18668365,1799.00098
-107,67,1796,-107.042526,75.1889343,1795.00098
-129,73,1796,-129.042267,81.1897049,1795.00098
-90,0,1800,-90.0425262,12.597496,1799.00098
-129,73,1796,-129.042267,85.5880203,1795.00098
-119,0,1800,-119.042526,12.597496,1799.00098
-90,0,1770,-90.9990692,4.90039635,1769.95691
-107,67,1774,-107.999069,71.8984146,1773.95691
-107,67,1796,-107.999069,71.8984146,1795.95691
-90,0,1770,-90.9990692,4.90039635,1769.95691
-107,67,1796,-107.999069,71.8984146,1795.95691
-90,0,1800,-90.9990692,4.90039635,1799.95691
-119,0,1770,-119.042526,13.4410505,1770.99902
-129,73,1774,-129.042267,86.4377441,1774.99902
-107,67,1774,-107.042526,80.4357834,1774.99902
-119,0,1770,-119.042526,14.5003262,1770.99902
-107,67,1774,-107.042526,81.4926529,1774.99902
-90,0,1770,-90.0425262,14.5003262,1770.99902
-129,73,1796,-128.000885,74.3532944,1795.95801
-98,129,1792,-97.0000839,130.353973,1791.98706
-98,129,1778,-97.0000839,130.353973,1777.98706
-129,73,1796,-128.000885,74.3532944,1795.95801
-98,129,1778,-97.0000839,130.353973,1777.98706
-129,73,1774,-128.000885,74.3532944,1773.95801
-107,67,1796,-107.042526,85.8146667,1795.00098
-86,126,1792,-86.0425262,144.806976,1791.00098
-98,129,1792,-98.0441666,147.808853,1791.00098
-107,67,1796,-107.042526,89.3161545,1795.00098
-98,129,1792,-98.0425262,151.327072,1791.00098
-129,73,1796,-129.042267,95.3130112,1795.00098
-129,73,1774,-129.042267,85.2020798,1774.99902
-98,129,1778,-98.043808,141.194534,1778.99902
-86,126,1778,-86.0441666,138.194626,1778.99902
-129,73,1774,-129.042267,89.8141861,1774.99902
-86,126,1778,-86.0425262,142.812073,1778.99902
-107,67,1774,-107.042526,83.817337,1774.99902
-86,126,1792,-86.0432663,147.719025,1791.00098
-45,157,1789,-45.0425262,178.710831,1788.00098
-50,159,1789,-50.0425262,180.711731,1788.00098
-86,126,1792,-86.0425262,145.198654,1791.00098
-50,159,1789,-50.0429955,178.195068,1788.00098
-98,129,1792,-98.0425262,148.201126,1791.00098
-98,129,1778,-98.0425262,141.048859,1778.99902
-50,159,1781,-50.043644,171.055969,1781.99902
-45,157,1781,-45.0425262,169.05603,1781.99902
-98,129,1778,-98.0425262,148.685699,1778.99902
-45,157,1781,-45.0425262,176.691574,1781.99902
-86,126,1778,-86.0425262,145.685791,1778.99902
-108,142,1689,-108.043221,166.288315,1689.99902
-55,175,1692,-55.0425262,199.305908,1692.99902
-49,173,1692,-49.0434685,197.308029,1692.99902
-108,142,1689,-108.042526,165.793976,1689.99902
-49,173,1692,-49.0425262,196.778397,1692.99902
-94,138,1689,-94.0425262,161.792145,1689.99902
-94,138,1704,-94.0429993,154.555939,1703.00098
-49,173,1701,-49.0425262,189.557938,1700.00098
-55,175,1701,-55.0425262,191.557877,1700.00098
-94,138,1704,-94.0425262,148.811935,1703.00098
-55,175,1701,-55.0425262,185.805908,1700.00098
-108,142,1704,-108.042526,152.80986,1703.00098
-142,80,1684,-142.042267,91.9989471,1684.99902
-108,142,1689,-108.042793,153.987396,1689.99902
-94,138,1689,-94.0425262,149.987518,1689.99902
-142,80,1684,-142.042267,93.7944946,1684.99902
-94,138,1689,-94.0425262,151.783905,1689.99902
-118,73,1684,-118.042526,86.7955856,1684.99902
-118,73,1709,-118.042564,83.1619339,1708.00098
-94,138,1704,-94.0432892,148.162582,1703.00098
-108,142,1704,-108.042854,152.16423,1703.00098
-118,73,1709,-118.042526,84.6611481,1708.00098
-108,142,1704,-108.042526,153.664322,1703.00098
-142,80,1709,-142.04393,91.666214,1708.00098
-142,80,1709,-141.000885,81.8739853,1708.95801
-108,142,1704,-107.000084,143.878235,1703.98706
-108,142,1689,-107.000084,143.878235,1688.98706
-142,80,1709,-141.000885,81.8739853,1708.95801
-108,142,1689,-107.000084,143.878235,1688.98706
-142,80,1684,-141.000885,81.8739853,1683.95801
-131,0,1680,-131.042282,10.079505,1680.99902
-142,80,1684,-142.043976,90.0934982,1684.99902
-118,73,1684,-118.042526,83.091362,1684.99902
-131,0,1680,-131.042267,27.1425076,1680.99902
-118,73,1684,-118.042526,100.133034,1684.99902
-99,0,1680,-99.0425262,27.1425076,1680.99902
-99,0,1680,-99.9990692,3.08233047,1679.95691
-118,73,1684,-118.999069,76.0871582,1683.95691
-118,73,1709,-118.999069,76.0871582,1708.95691
-99,0,1680,-99.9990692,3.08233047,1679.95691
-118,73,1709,-118.999069,76.0871582,1708.95691
-99,0,1713,-99.9990692,3.08233047,1712.95691
-99,0,1713,-99.0425262,16.0407677,1712.00098
-118,73,1709,-118.042526,89.0555573,1708.00098
-142,80,1709,-142.042267,96.0610199,1708.00098
-99,0,1713,-99.0425262,22.8574924,1712.00098
-142,80,1709,-142.042267,102.872169,1708.00098
-131,0,1713,-131.042267,22.8574924,1712.00098
-109,0,1620,-109.042526,13.5394735,1619.00098
-130,73,1616,-130.042267,86.5212936,1615.00098
-156,80,1616,-156.042267,93.5185013,1615.00098
-109,0,1620,-109.042526,20.5274906,1619.00098
-156,80,1616,-156.042267,100.542168,1615.00098
-144,0,1620,-144.042267,20.5274906,1619.00098
-109,0,1587,-109.999069,2.57597828,1586.95691
-130,73,1591,-130.999069,75.5740814,1590.95691
-130,73,1616,-130.999069,75.5740814,1615.95691
-109,0,1587,-109.999069,2.57597828,1586.95691
-130,73,1616,-130.999069,75.5740814,1615.95691
-109,0,1620,-109.999069,2.57597828,1619.95691
-144,0,1587,-144.043549,13.2711496,1587.99902
-156,80,1591,-156.043167,93.261673,1591.99902
-130,73,1591,-130.042267,86.2612991,1591.99902
-144,0,1587,-144.042267,11.4084644,1587.99902
-130,73,1591,-130.042267,84.3989868,1591.99902
-109,0,1587,-109.042526,11.4084644,1587.99902
-156,80,1616,-155.000885,81.7630539,1615.95801
-119,142,1611,-118.000084,143.762314,1610.98706
-119,142,1596,-118.000084,143.762314,1595.98706
-156,80,1616,-155.000885,81.7630539,1615.95801
-119,142,1596,-118.000084,143.762314,1595.98706
-156,80,1591,-155.000885,81.7630539,1590.95801
-130,73,1616,-130.042267,79.9588242,1615.00098
-104,138,1611,-104.042526,144.949799,1610.00098
-119,142,1611,-119.04258,148.951447,1610.00098
-130,73,1616,-130.042267,80.2811279,1615.00098
-119,142,1611,-119.043823,149.279465,1610.00098
-156,80,1616,-156.042267,87.2751846,1615.00098
-156,80,1591,-156.042267,97.3374023,1591.99902
-119,142,1596,-119.04258,159.339035,1596.99902
-104,138,1596,-104.042526,155.340912,1596.99902
-156,80,1591,-156.042267,98.5538177,1591.99902
-104,138,1596,-104.042526,156.546753,1596.99902
-130,73,1591,-130.042267,91.5566711,1591.99902
-104,138,1611,-104.042526,148.110001,1610.00098
-54,173,1608,-54.0425262,183.096375,1607.00098
-61,175,1608,-61.0425262,185.097305,1607.00098
-104,138,1611,-104.042526,161.9832,1610.00098
-61,175,1608,-61.0425262,198.980087,1607.00098
-119,142,1611,-119.042526,165.985046,1610.00098
-119,142,1596,-119.044159,163.649368,1596.99902
-61,175,1599,-61.0425262,196.663025,1599.99902
-54,173,1599,-54.0425262,194.664093,1599.99902
-119,142,1596,-119.042526,156.554825,1596.99902
-54,173,1599,-54.0427208,187.558807,1599.99902
-104,138,1596,-104.042526,152.556915,1596.99902
104,138,1596,104.042534,158.614944,1596.99902
54,173,1599,54.040535,193.601318,1599.99915
61,175,1599,61.0420837,195.60025,1599.99902
104,138,1596,104.037575,152.961731,1596.99927
61,175,1599,61.0388832,189.95665,1599.99915
119,142,1596,119.037109,156.963593,1596.99927
119,142,1611,119.037079,153.082748,1610.00073
61,175,1608,61.0423851,186.09639,1607.00098
54,173,1608,54.0408325,184.099487,1607.00085
119,142,1611,119.038887,165.555527,1610.00085
54,173,1608,54.042717,196.557541,1607.00098
104,138,1611,104.037498,161.559601,1610.00073
130,73,1591,130.03894,91.1908798,1591.99915
104,138,1596,104.039726,156.181854,1596.99915
119,142,1596,119.042572,160.181732,1596.99902
130,73,1591,130.041321,91.5163574,1591.99915
119,142,1596,119.037277,160.516449,1596.99927
156,80,1591,156.037796,98.5139465,1591.99927
156,80,1616,156.038162,87.531189,1615.00073
119,142,1611,119.04258,149.527542,1610.00098
104,138,1611,104.039734,145.531189,1610.00085
156,80,1616,156.037781,87.3171539,1615.00073
104,138,1611,104.039383,145.308334,1610.00085
130,73,1616,130.041321,80.3164902,1615.00085
156,80,1591,155.000931,81.7629623,1590.95691
119,142,1596,118.000931,143.760895,1595.95691
119,142,1611,118.000931,143.760895,1610.95691
156,80,1591,155.000931,81.7629623,1590.95691
119,142,1611,118.000931,143.760895,1610.95691
156,80,1616,155.000931,81.7629623,1615.95691
109,0,1587,109.040642,12.392828,1587.99915
130,73,1591,130.041321,85.3725891,1591.99915
156,80,1591,156.037292,92.3739166,1591.99927
109,0,1587,108.955818,20.2683296,1587.99902
156,80,1591,155.955826,100.283005,1591.99902
144,0,1587,143.955826,20.2683296,1587.99902
109,0,1620,109.999916,2.57890344,1619.98706
130,73,1616,130.999115,75.5742493,1615.95801
130,73,1591,130.999115,75.5742493,1590.95801
109,0,1620,109.999916,2.57890344,1619.98706
130,73,1591,130.999115,75.5742493,1590.95801
109,0,1587,109.999916,2.57890344,1586.98706
144,0,1620,144.034836,26.6900959,1619.00061
156,80,1616,156.043167,106.675926,1615.00098
130,73,1616,130.039612,99.6778946,1615.00085
144,0,1620,143.955826,25.953474,1619.00098
130,73,1616,129.955826,98.9440002,1615.00098
109,0,1620,108.955818,25.953474,1619.00098
131,0,1713,131.041321,9.51144695,1712.00085
142,80,1709,142.035904,89.5277863,1708.00073
118,73,1709,118.036636,82.5279999,1708.00073
131,0,1713,130.955826,10.2194319,1712.00098
118,73,1709,117.955818,83.2099533,1708.00098
99,0,1713,98.9558182,10.2194319,1712.00098
99,0,1713,99.9999161,3.08557153,1712.98706
118,73,1709,118.999916,76.0904312,1708.98706
118,73,1684,118.999916,76.0904312,1683.98706
99,0,1713,99.9999161,3.08557153,1712.98706
118,73,1684,118.999916,76.0904312,1683.98706
99,0,1680,99.9999161,3.08557153,1679.98706
99,0,1680,99.0393829,8.94454384,1680.99915
118,73,1684,118.042328,81.9572678,1684.99902
142,80,1684,142.041321,88.9627304,1684.99915
99,0,1680,98.9558182,17.9383278,1680.99902
142,80,1684,141.955826,97.9530029,1684.99902
131,0,1680,130.955826,17.9383278,1680.99902
142,80,1684,141.000931,81.8738937,1683.95691
108,142,1689,107.000931,143.876694,1688.95691
108,142,1704,107.000931,143.876694,1703.95691
142,80,1684,141.000931,81.8738937,1683.95691
108,142,1704,107.000931,143.876694,1703.95691
142,80,1709,141.000931,81.8738937,1708.95691
142,80,1709,142.038666,90.6369858,1708.00085
108,142,1704,108.042778,152.623688,1703.00098
94,138,1704,94.0401382,148.625565,1703.00085
142,80,1709,142.040985,90.9329071,1708.00085
94,138,1704,94.0424576,148.920563,1703.00098
118,73,1709,118.041725,83.9322357,1708.00098
118,73,1684,118.042549,86.0202408,1684.99902
94,138,1689,94.0432816,151.020905,1689.99902
108,142,1689,108.04287,155.022537,1689.99902
118,73,1684,118.038635,86.0308228,1684.99915
108,142,1689,108.041954,155.032242,1689.99902
142,80,1684,142.037888,93.0358963,1684.99927
108,142,1704,108.043221,159.978592,1703.00098
55,175,1701,55.040184,192.998245,1700.00085
49,173,1701,49.0372696,191.000366,1700.00073
108,142,1704,108.041069,152.128052,1703.00085
49,173,1701,49.0394592,183.112473,1700.00085
94,138,1704,94.0414963,148.124268,1703.00098
94,138,1689,94.0429993,159.053253,1689.99902
49,173,1692,49.041317,194.057281,1692.99915
55,175,1692,55.0411377,196.05722,1692.99915
94,138,1689,94.0418091,146.482285,1689.99902
55,175,1692,55.0395622,183.47821,1692.99915
108,142,1689,108.040428,150.480194,1689.99915
86,126,1778,86.0432663,143.280304,1778.99902
45,157,1781,45.0396881,174.274033,1781.99915
50,159,1781,50.0395393,176.274948,1781.99915
86,126,1778,86.041893,136.948685,1778.99902
50,159,1781,50.0429955,169.945114,1781.99902
98,129,1778,98.0415268,139.951172,1778.99902
98,129,1792,98.0421906,151.34343,1791.00098
50,159,1789,50.0386314,181.352539,1788.00085
45,157,1789,45.0400352,179.354614,1788.00085
98,129,1792,98.0407867,149.010605,1791.00085
45,157,1789,45.039032,177.016479,1788.00085
86,126,1792,86.041153,146.010696,1791.00085
107,67,1774,107.041924,80.9916382,1774.99902
86,126,1778,86.0366669,139.987869,1778.99927
98,129,1778,98.0363083,142.987778,1778.99927
107,67,1774,107.03743,82.7180252,1774.99927
98,129,1778,98.0404129,144.728958,1778.99915
129,73,1774,129.041275,88.7148895,1774.99915
129,73,1796,129.037003,91.7321014,1795.00073
98,129,1792,98.0360031,147.722595,1791.00073
86,126,1792,86.036377,144.722687,1791.00073
129,73,1796,129.037811,94.6769714,1795.00073
86,126,1792,86.0409241,147.672882,1791.00085
107,67,1796,107.042107,88.6761703,1795.00098
129,73,1774,128.000931,74.3531952,1773.95691
98,129,1778,97.0009308,130.352448,1777.95691
98,129,1792,97.0009308,130.352448,1791.95691
129,73,1774,128.000931,74.3531952,1773.95691
98,129,1792,97.0009308,130.352448,1791.95691
129,73,1796,128.000931,74.3531952,1795.95691
90,0,1770,90.0427094,10.6167479,1770.99902
107,67,1774,107.042198,77.6189957,1774.99902
129,73,1774,129.041321,83.6197662,1774.99915
90,0,1770,89.9558182,24.6819019,1770.99902
129,73,1774,128.955826,97.6724243,1774.99902
119,0,1770,118.955818,24.6819019,1770.99902
90,0,1800,90.9999161,4.9037466,1799.98706
107,67,1796,107.999916,71.9017639,1795.98706
107,67,1774,107.999916,71.9017639,1773.98706
90,0,1800,90.9999161,4.9037466,1799.98706
107,67,1774,107.999916,71.9017639,1773.98706
90,0,1770,90.9999161,4.9037466,1769.98706
119,0,1800,119.03968,17.1444817,1799.00085
129,73,1796,129.039368,90.1411743,1795.00085
107,67,1796,107.040039,84.1392136,1795.00085
119,0,1800,118.955818,19.8539772,1799.00098
107,67,1796,106.955818,86.8462982,1795.00098
90,0,1800,89.9558182,19.8539772,1799.00098
1273,-600,46,1272.75977,-573.059265,46.9706917
1117,-600,7,1116.76392,-573.026733,7.97172499
1134,-262,24,1133.76038,-234.942322,24.9708538
1273,-600,46,1272.75977,-564.017029,46.9707069
1134,-262,24,1133.76123,-225.990524,24.9710732
1251,-261,53,1250.7616,-225.005127,53.9711647
1146,-261,88,1146.98132,-238.460815,87.8076401
1134,-262,24,1134.98132,-239.448624,23.8076344
1117,-600,7,1117.98242,-577.496033,6.81332588
1146,-261,88,1146.98523,-235.950394,87.8287659
1117,-600,7,1117.98425,-574.908264,6.82323456
1132,-600,93,1132.9823,-574.911072,92.8126907
1210,-260,135,1210.5929,-234.952484,134.194733
1146,-261,88,1146.58826,-235.93396,87.19133
1132,-600,93,1132.59497,-574.955505,92.1962585
1210,-260,135,1210.59277,-243.154449,134.194641
1132,-600,93,1132.58105,-583.124268,92.186142
1218,-600,155,1218.58313,-583.163879,154.187622
1218,-600,155,1217.10022,-573.447327,154.56366
1273,-600,46,1272.11182,-573.414673,45.5405121
1251,-261,53,1250.10864,-234.462692,52.5466995
1218,-600,155,1217.10242,-584.38501,154.559158
1251,-261,53,1250.10974,-245.368881,52.544548
1210,-260,135,1209.09924,-244.364395,134.565689
1110,-612,540,1109.68457,-594.691345,539.051086
1095,-366,525,1094.67651,-348.715546,524.053772
1023,-366,549,1022.67688,-348.714752,548.05365
1110,-612,540,1109.68457,-594.691345,539.051086
1023,-366,549,1022.67688,-348.714752,548.05365
1020,-612,570,1019.68457,-594.691345,569.051086
1140,-612,450,1139.05066,-600.240417,449.68576
1119,-366,453,1118.05237,-354.265381,452.680664
1095,-366,525,1094.04858,-354.265381,524.692139
1140,-612,450,1139.05066,-600.240417,449.68576
1095,-366,525,1094.04858,-354.265381,524.692139
1110,-612,540,1109.04858,-600.242004,539.692139
1050,-612,360,1049.29492,-592.170837,360.709106
1047,-366,381,1046.29602,-346.157501,381.710205
1119,-366,453,1118.29626,-346.157501,453.710449
1050,-612,360,1049.29492,-592.170837,360.709106
1119,-366,453,1118.29626,-346.157501,453.710449
1140,-612,450,1139.29602,-592.170837,450.710205
960,-612,390,960.304199,-603.879211,390.952606
975,-366,405,975.302734,-357.903351,405.953064
1047,-366,381,1047.30273,-357.903351,381.953064
960,-612,390,960.304199,-603.879211,390.952606
1047,-366,381,1047.30273,-357.903351,381.953064
1050,-612,360,1050.30457,-603.879211,360.952484
930,-612,480,930.945923,-598.327759,480.32431
951,-366,477,951.946411,-352.351166,477.322937
975,-366,405,975.945923,-352.352753,405.324219
930,-612,480,930.945923,-598.327759,480.32431
975,-366,405,975.945923,-352.352753,405.324219
960,-612,390,960.945984,-598.327759,390.324158
1020,-612,570,1020.6991,-603.850281,569.284973
1023,-366,549,1023.69965,-357.836517,548.285522
951,-366,477,951.700195,-357.836517,476.286072
1020,-612,570,1020.6991,-603.850281,569.284973
951,-366,477,951.700195,-357.836517,476.286072
930,-612,480,930.700195,-603.849854,479.286072
1020,-206,570,1019.67578,-205.463531,569.054077
1110,-206,540,1109.68457,-205.46196,539.051086
1035,-86,465,1034.67395,-85.464241,464.054657
1110,-206,540,1109.04883,-205.13855,539.691345
1140,-206,450,1139.05237,-205.140137,449.680664
1035,-86,465,1034.05237,-85.1408463,464.680664
1140,-206,450,1139.2959,-205.342697,450.710083
1050,-206,360,1049.2959,-205.342697,360.710052
1035,-86,465,1034.29626,-85.3426743,465.710449
1050,-206,360,1050.30334,-204.539581,360.952881
960,-206,390,960.302734,-204.538208,390.953003
1035,-86,465,1035.30334,-84.5403976,465.952881
960,-206,390,960.946106,-204.86142,390.323853
930,-206,480,930.945923,-204.862885,480.32431
1035,-86,465,1035.94629,-84.8636017,465.323303
930,-206,480,930.701294,-205.034271,479.28714
1020,-206,570,1020.6991,-205.034332,569.284973
1035,-86,465,1035.7002,-85.0342941,464.286072
1076,-366,506,1076.94214,-355.052887,506.335144
1086,-246,516,1086.94604,-235.043808,516.323975
1106,-246,458,1106.94617,-235.03685,458.323639
1076,-366,506,1076.94592,-356.088257,506.324188
1106,-246,458,1106.94604,-236.107864,458.323944
1092,-366,459,1092.94617,-356.091675,459.323669
1029,-366,522,1029.32117,-353.861389,522.947021
1028,-246,536,1028.32227,-233.871323,536.946594
1086,-246,516,1086.32227,-233.877029,516.946594
1029,-366,522,1029.31067,-359.655884,522.9505
1086,-246,516,1086.31348,-239.668823,516.949524
1076,-366,506,1076.3031,-359.658203,506.952942
978,-366,471,977.296082,-353.429749,471.710266
964,-246,472,963.295044,-233.429962,472.709198
1028,-246,536,1027.29004,-233.429962,536.704224
978,-366,471,977.296082,-353.429749,471.710266
1028,-246,536,1027.29004,-233.429962,536.704224
1029,-366,522,1028.28516,-353.43045,522.69928
994,-366,424,993.052368,-360.081696,423.680664
984,-246,414,983.051758,-240.072617,413.682465
964,-246,472,963.053406,-240.065674,471.677582
994,-366,424,993.050781,-358.420288,423.685394
964,-246,472,963.052368,-238.441025,471.680664
978,-366,471,977.053345,-358.423706,470.677765
1092,-366,459,1092.70081,-353.672729,458.286652
1106,-246,458,1106.70056,-233.672928,457.286438
1042,-246,394,1042.70129,-233.672577,393.28714
1092,-366,459,1092.70081,-353.672729,458.286652
1042,-246,394,1042.70129,-233.672577,393.28714
1041,-366,408,1041.70081,-353.672729,407.286652
-780,240,360,-780.041992,243.824005,360.999115
-870,120,340,-870.041992,123.82785,340.999115
-990,120,340,-990.041992,123.82785,340.999115
-780,240,360,-780.041992,243.824005,360.999115
-990,120,340,-990.041992,123.82785,340.999115
-1080,240,360,-1080.04199,243.824005,360.999115
560,-480,-390,560.775513,-471.076355,-390.631317
611,-120,-421,611.775269,-111.071159,-421.631622
540,0,-540,540.772644,8.92894459,-540.634766
720,-120,60,720.999084,-114.999107,59.957222
720,-120,-240,720.999084,-114.999107,-240.042267
669,-480,-209,669.999084,-475.006409,-209.042267
720,-120,-240,720.856873,-111.455452,-240.515518
653,-480,-236,653.856873,-471.445953,-236.515518
669,-480,-209,669.857178,-471.445953,-209.515015
591,-480,-339,591.851868,-471.278778,-339.523621
611,-120,-421,611.851929,-111.26326,-421.523651
560,-480,-390,560.851929,-471.273529,-390.52356
591,-480,-339,591.856812,-472.145142,-339.515564
653,-480,-236,653.857117,-472.152985,-236.515121
720,-120,-240,720.852966,-112.142265,-240.521957
591,-480,-339,591.856873,-472.336639,-339.515503
720,-120,-240,720.851929,-112.364494,-240.52359
611,-120,-421,611.852051,-112.371239,-421.523438
-600,600,-207,-600.779541,628.300842,-207.626297
-660,600,-133,-660.779541,628.328125,-133.626343
-662,590,-130,-662.779602,618.3302,-130.626266
-720,720,-60,-720.780457,809.433167,-60.6251488
-697,749,-89,-697.780457,838.509216,-89.6251373
-710,762,-73,-710.780457,851.497803,-73.625145
-720,720,-60,-720.780457,791.2229,-60.6251945
-678,678,-111,-678.780579,749.158325,-111.625053
-697,749,-89,-697.780579,820.167908,-89.6250458
-207,600,-540,-207.749344,603.329407,-540.662109
-207,720,-600,-207.749374,723.329407,-600.662109
-365,780,-450,-365.759399,783.324097,-450.650543
-207,600,-540,-207.97261,609.319824,-540.232422
-177,600,-660,-177.97261,609.312195,-660.232422
-207,720,-600,-207.972595,729.304504,-600.232422
-207,1200,-600,-207.434021,1206.96716,-600.900879
-387,960,-472,-387.432037,966.971069,-472.901855
-365,780,-450,-365.429993,786.973145,-450.902771
-553,1200,-285,-553.700256,1215.70691,-285.713867
-600,600,-207,-600.702209,615.464355,-207.71196
-450,780,-365,-450.693085,795.585205,-365.720856
-450,780,-365,-450.933105,789.362488,-365.359467
-472,960,-387,-472.933075,969.360107,-387.359467
-553,1200,-285,-553.926392,1209.34851,-285.376526
-678,773,-112,-678.792297,857.040955,-112.61013
-647,664,-149,-647.792358,747.933594,-149.610046
-553,1200,-285,-553.792236,1284.27649,-285.610199
-647,664,-149,-647.792236,697.032959,-149.610199
-600,600,-207,-600.792236,633.044739,-207.610184
-553,1200,-285,-553.788391,1233.03308,-285.615173
-207,1200,-600,-207.513596,1204.89355,-600.858032
-453,1200,-453,-453.507568,1204.88892,-453.861603
-398,1020,-461,-398.517609,1024.90686,-461.85556
-453,1200,-453,-453.721039,1206.15576,-453.69281
-461,1020,-398,-461.721069,1026.14343,-398.692841
-398,1020,-461,-398.721191,1026.14343,-461.692719
-553,1200,-285,-553.856812,1207.90381,-285.515564
-461,1020,-398,-461.860443,1027.90625,-398.509521
-453,1200,-453,-453.860413,1207.90173,-453.509521
139,1440,-660,138.95723,1441.36035,-660.999084
139,1320,-570,138.95723,1321.3573,-570.999084
240,1440,-660,239.95723,1441.36035,-660.999084
240,1800,-720,239.95723,1807.6615,-720.999084
139,1440,-660,138.95723,1447.67285,-660.999084
240,1440,-660,239.95723,1447.67285,-660.999084
240,1800,-720,239.95723,1807.6615,-720.999084
139,1800,-720,138.95723,1807.6615,-720.999084
139,1440,-660,138.95723,1447.67285,-660.999084
409,1760,-619,409.479584,1764.48694,-619.877441
240,1800,-720,240.49411,1804.4823,-720.869385
240,1440,-660,240.486526,1444.495,-660.873657
-149,1431,-689,-149.042267,1440.37964,-689.999084
-60,1800,-720,-60.0425262,1809.39575,-720.999084
-139,1800,-720,-139.042267,1809.39575,-720.999084
-149,1431,-689,-148.675797,1439.01819,-689.945984
-60,1440,-660,-59.6791916,1448.01807,-660.947144
-60,1800,-720,-59.6791916,1808.02991,-720.947144
-139,1800,-720,-139.042267,1809.39575,-720.999084
-240,1800,-720,-240.042267,1809.39575,-720.999084
-149,1431,-689,-149.042267,1440.37964,-689.999084
139,1800,-720,138.95723,1807.6615,-720.999084
60,1800,-720,59.957222,1807.6615,-720.999084
139,1440,-660,138.95723,1447.67285,-660.999084
60,1800,-720,59.957222,1807.6615,-720.999084
60,1440,-660,59.957222,1447.67285,-660.999084
139,1440,-660,138.95723,1447.67285,-660.999084
-600,1200,240,-600.859802,1205.4873,240.510605
-720,1800,240,-720.859924,1805.44409,240.510406
-540,1800,540,-540.855042,1805.45496,540.518555
60,1800,-720,59.957222,1807.6615,-720.999084
-60,1800,-720,-60.0425262,1807.6615,-720.999084
-60,1440,-660,-60.0425262,1447.67285,-660.999084
60,1800,-720,59.957222,1807.6615,-720.999084
-60,1440,-660,-60.0425262,1447.67285,-660.999084
60,1440,-660,59.957222,1447.67285,-660.999084
-600,1200,240,-600.427734,1209.07178,240.9039
-696,1200,195,-696.427734,1209.08362,195.903885
-624,1320,240,-624.427734,1329.05469,240.9039
-720,1320,60,-720.985168,1341.25732,60.1713295
-720,1800,240,-720.983215,1821.28552,240.182266
-696,1320,195,-696.985229,1341.25732,195.171234
-720,1800,240,-720.532227,1810.65466,240.846542
-624,1320,240,-624.532288,1330.65479,240.846558
-696,1320,195,-696.532288,1330.65479,195.846558
-714,1415,-440,-714.733948,1472.68958,-440.679199
-449,1493,-719,-449.726227,1550.8241,-719.687439
-585,1800,-585,-585.71582,1858.03333,-585.698242
69,1380,-498,68.3688202,1389.71399,-498.775635
148,1320,-558,147.367706,1329.70984,-558.774719
198,1380,-603,197.368225,1389.73218,-603.775146
-103,1440,220,-102.000092,1444.70496,219.986481
-103,1440,720,-102.000084,1444.7052,719.987061
-90,1560,720,-89.0000839,1564.7074,719.987061
-90,1480,220,-89.00103,1484.72668,220.045349
-103,1440,220,-102.001038,1444.72546,220.045441
-90,1560,720,-89.0010147,1564.70679,720.044922
90,1560,720,89.0009308,1564.69946,719.956909
103,1440,720,102.000931,1444.69727,719.956909
103,1440,220,102.000938,1444.69727,219.956696
90,1560,720,89.0009308,1564.70679,720.042969
103,1440,220,102.0009,1444.72534,220.042374
90,1480,220,89.0009842,1484.72668,220.044205
-382,-120,-636,-381.187683,-39.990139,-635.416809
-447,-465,-551,-446.187561,-384.657806,-550.416992
-488,-465,-492,-487.180511,-384.610291,-491.42691
-135,2105,-613,-134.07103,2107.49463,-613.370117
-95,2197,-632,-94.0726089,2199.49634,-632.374084
-180,2100,-720,-179.07103,2102.49585,-720.370117
-95,2197,-632,-94.0985718,2200.31299,-632.432922
-127,2227,-720,-126.100311,2230.31372,-720.436523
-180,2100,-720,-179.106094,2103.31787,-720.448242
95,2197,-632,94.0985718,2200.31299,-632.432922
180,2100,-720,179.102219,2103.31787,-720.44043
127,2227,-720,126.098427,2230.31348,-720.432617
95,2197,-632,94.0645752,2199.49609,-632.353516
135,2105,-613,134.069092,2107.49463,-613.365234
180,2100,-720,179.069092,2102.49585,-720.365234
135,2105,-613,135.106903,2107.05518,-613.994263
76,2105,-620,76.1155014,2107.05469,-620.993286
67,2040,-600,67.115509,2042.05261,-600.993286
135,2105,-613,134.95723,2111.45459,-613.999084
67,2040,-600,66.957222,2046.45264,-600.999084
110,2040,-600,109.957222,2046.45264,-600.999084
95,2197,-632,94.9006882,2203.14185,-632.995056
65,2168,-626,64.9005051,2174.14038,-626.994995
76,2105,-620,75.9005051,2111.13306,-620.994995
95,2197,-632,95.115387,2205.14258,-632.993286
76,2105,-620,76.1163864,2113.14526,-620.993164
135,2105,-613,135.106781,2113.14966,-613.994263
0,2235,-640,-0.043009311,2241.85205,-640.999023
0,2193,-631,-0.043009311,2199.85547,-631.999023
65,2168,-626,64.957222,2174.85791,-626.999084
0,2235,-640,0.0303021092,2237.74292,-640.999512
65,2168,-626,64.9980164,2170.73999,-626.999939
95,2197,-632,94.9971085,2199.74243,-632.999939
-95,2197,-632,-94.9633636,2201.42334,-632.999329
-65,2168,-626,-64.9650726,2172.42236,-626.99939
0,2193,-631,0.0163929425,2197.42651,-631.999817
-95,2197,-632,-94.9753036,2203.9519,-632.999695
0,2193,-631,0.0208326988,2199.94971,-631.999756
0,2235,-640,0.0208327007,2241.94824,-640.999756
-135,2105,-613,-135.115112,2113.03638,-613.993347
-76,2105,-620,-76.1154861,2113.03638,-620.993286
-65,2168,-626,-65.1162033,2176.0437,-626.993225
-135,2105,-613,-135.042267,2111.30737,-613.999084
-65,2168,-626,-65.0425262,2174.302,-626.999084
-95,2197,-632,-95.0425262,2203.30127,-632.999084
-67,2040,-600,-67.1236725,2042.05261,-600.99231
-76,2105,-620,-76.1236725,2107.05444,-620.99231
-135,2105,-613,-135.122833,2107.05518,-613.992371
-67,2040,-600,-67.0425262,2046.45264,-600.999084
-135,2105,-613,-135.042267,2111.45459,-613.999084
-110,2040,-600,-110.042526,2046.45264,-600.999084
76,2105,-620,76.9210663,2244.54272,-619.610596
121,2100,-727,121.92057,2239.59473,-726.609436
67,2040,-600,67.9205475,2179.61133,-599.609375
-76,2105,-620,-76.9200821,2244.54077,-619.608276
-67,2040,-600,-67.9197693,2179.61133,-599.607544
-121,2100,-727,-121.920105,2239.59473,-726.608337
138,2162,-696,137.536774,2163.15991,-695.11377
126,2180,-688,125.537926,2181.16016,-687.113159
197,2193,-642,196.536774,2194.16064,-641.11377
114,2175,-648,114.151367,2177.05469,-648.988464
121,2155,-639,121.151367,2157.05396,-639.988403
197,2193,-642,197.145218,2195.05273,-642.98938
-197,2193,-642,-197.152344,2195.05298,-642.988281
-121,2155,-639,-121.157463,2157.05396,-639.987488
-114,2175,-648,-114.157608,2177.05469,-648.987488
-197,2193,-642,-196.540741,2194.16064,-641.111755
-126,2180,-688,-125.547661,2181.1604,-687.108154
-138,2162,-696,-137.540741,2163.15991,-695.111755
-600,600,60,-600.999084,603.399231,59.957222
-613,665,92,-613.999084,668.401306,91.957222
-613,665,135,-613.999084,668.401306,134.95723
-600,600,60,-600.999084,603.399231,59.957222
-613,665,135,-613.999084,668.401306,134.95723
-600,600,110,-600.999084,603.399231,109.957222
-613,665,135,-613.999084,669.650024,134.95723
-613,665,92,-613.999084,669.650024,91.957222
-626,728,65,-626.999084,732.649658,64.957222
-613,665,135,-613.999084,668.393127,134.95723
-626,728,65,-626.999084,731.387756,64.957222
-632,757,95,-632.999084,760.387024,94.957222
-632,757,95,-632.999084,761.825928,94.957222
-626,728,65,-626.999084,732.824707,64.957222
-631,753,0,-631.999023,757.826355,-0.043009311
-632,757,95,-632.999084,762.697388,94.957222
-631,753,0,-631.999023,758.694885,-0.043009311
-640,795,0,-640.999023,800.692993,-0.043009311
-640,795,0,-640.999207,800.601257,0.0397715159
-631,753,0,-631.999146,758.604309,0.0397715159
-626,728,-65,-626.999084,733.606201,-64.957222
-640,795,0,-640.999023,798.566223,-0.043009311
-626,728,-65,-626.999084,731.561829,-65.0425262
-632,757,-95,-632.999084,760.564392,-95.0425262
-632,757,-95,-632.999084,760.883972,-95.0425262
-626,728,-65,-626.999084,731.884399,-65.0425262
-613,665,-92,-613.999084,668.885559,-92.0425262
-632,757,-95,-632.999084,761.05603,-95.0425262
-613,665,-92,-613.999084,669.052185,-92.0425262
-613,665,-135,-613.999084,669.052185,-135.042267
-613,665,-135,-613.999084,668.401306,-135.042267
-613,665,-92,-613.999084,668.401306,-92.0425262
-600,600,-60,-600.999084,603.399231,-60.0425262
-613,665,-135,-613.999084,668.401306,-135.042267
-600,600,-60,-600.999084,603.399231,-60.0425262
-600,600,-110,-600.999084,603.399231,-110.042526
-613,665,92,-612.595703,667.145569,92.9146271
-600,600,60,-599.588867,602.145447,60.9115753
-720,660,137,-719.59668,662.144104,137.915039
-600,600,60,-599.569336,604.759399,60.9025116
-720,600,118,-719.569458,604.754761,118.902565
-720,660,137,-719.555664,664.755615,137.895859
-720,660,-137,-719.558228,664.755737,-137.897125
-720,600,-118,-719.56543,604.754822,-118.900635
-600,600,-60,-599.565552,604.75946,-60.900692
-613,665,-92,-612.595703,667.145569,-92.9146271
-720,660,-137,-719.603577,662.144104,-137.91806
-600,600,-60,-599.595703,602.145508,-60.9146004
-632,757,-95,-632.432922,758.966125,-94.0985718
-720,660,-180,-720.444336,661.971008,-179.104141
-720,787,-127,-720.435364,788.966736,-126.099747
-632,757,-95,-632.369141,758.173279,-94.0706329
-613,665,-135,-613.370117,666.171631,-134.07103
-720,660,-180,-720.370117,661.172729,-179.07103
-613,665,135,-613.365295,668.02417,134.069122
-632,757,95,-632.361389,760.023315,94.0675888
-716,659,178,-716.365234,662.024658,177.069092
-632,757,95,-632.433777,759.922607,94.0989838
-720,787,127,-720.438599,789.927063,126.101318
-716,659,178,-716.441833,661.927429,177.102905
632,1957,95,632.362183,1959.27576,94.067894
613,1865,135,613.365479,1867.27417,134.069183
720,1860,180,720.365234,1862.27527,179.069092
632,1957,95,632.432922,1959.61096,94.0985718
720,1860,180,720.44043,1862.61572,179.102219
720,1987,127,720.432617,1989.61145,126.098427
613,1865,92,612.589478,1868.15088,92.91185
720,1860,137,719.59668,1863.14954,137.915024
600,1800,60,599.588867,1803.15088,60.9115601
720,1860,137,719.555664,1864.70471,137.895859
720,1800,118,719.569336,1804.70374,118.902489
600,1800,60,599.569336,1804.7085,60.9024773
613,1865,135,613.999084,1871.79565,134.95723
613,1865,92,613.999084,1871.79565,91.957222
600,1800,60,600.999084,1806.79358,59.957222
613,1865,135,613.999084,1871.79565,134.95723
600,1800,60,600.999084,1806.79358,59.957222
600,1800,110,600.999084,1806.79358,109.957222
632,1957,95,632.999084,1962.39014,94.957222
626,1928,65,626.999084,1933.3905,64.957222
613,1865,92,613.999084,1870.39172,91.957222
632,1957,95,632.999084,1962.56213,94.957222
613,1865,92,613.999084,1870.55835,91.957222
613,1865,135,613.999084,1870.55835,134.95723
640,1995,0,640.999023,1998.46191,-0.043009311
631,1953,0,631.999023,1956.46521,-0.043009311
626,1928,65,626.999084,1931.46777,64.957222
640,1995,0,640.999512,2001.97363,0.0303021092
626,1928,65,626.999939,1934.97083,64.9980164
632,1957,95,632.999939,1963.97339,94.9971085
632,1957,-95,632.999329,1962.3208,-94.9633636
626,1928,-65,626.99939,1933.31982,-64.9650726
631,1953,0,631.999817,1958.32397,0.0163929425
632,1957,-95,632.999695,1960.56177,-94.9753036
631,1953,0,631.999756,1956.55957,0.0208326988
640,1995,0,640.999756,1998.55798,0.0208327007
-830,-300,-1321,-829.758789,-254.772095,-1321.97046
-838,-600,-1317,-837.758789,-554.618286,-1317.97046
-794,-600,-1306,-793.758789,-554.599426,-1306.97046
-830,-300,-1321,-829.758789,-242.155396,-1321.97046
-794,-600,-1306,-793.758789,-542.111389,-1306.97046
-792,-300,-1312,-791.771484,-242.155396,-1312.97351
-827,-300,-1358,-826.004822,-249.884827,-1357.90198
-834,-600,-1360,-833.004822,-549.996033,-1359.90198
-838,-600,-1317,-837.004822,-550.003723,-1316.90198
-827,-300,-1358,-826.002869,-263.893738,-1357.92432
-838,-600,-1317,-837.003845,-564.028259,-1316.91248
-830,-300,-1321,-829.002869,-263.90332,-1320.92432
-792,-300,-1375,-791.574219,-267.80069,-1374.09521
-794,-600,-1380,-793.572327,-567.825684,-1379.09607
-834,-600,-1360,-833.574402,-567.866638,-1359.09509
-792,-300,-1375,-791.574951,-224.242218,-1374.09485
-834,-600,-1360,-833.574219,-524.504761,-1359.09521
-827,-300,-1358,-826.574219,-224.249756,-1357.09521
-746,-300,-1378,-745.956055,-203.993774,-1377.00098
-740,-600,-1382,-739.958679,-504.207916,-1381.00085
-794,-600,-1380,-793.958679,-504.246735,-1379.00085
-746,-300,-1378,-745.937561,-259.498322,-1377.00195
-794,-600,-1380,-793.937561,-559.539246,-1379.00195
-792,-300,-1375,-791.937561,-259.484009,-1374.00195
-730,-300,-1359,-730.763,-246.998688,-1358.35364
-722,-600,-1361,-722.763,-547.128662,-1360.35364
-740,-600,-1382,-740.762878,-547.128662,-1381.35352
-730,-300,-1359,-730.767944,-246.498871,-1358.3595
-740,-600,-1382,-740.763855,-546.663635,-1381.35461
-746,-300,-1378,-746.762878,-246.483521,-1377.35352
-759,-300,-1341,-759.537659,-223.589508,-1341.84314
-755,-600,-1340,-755.53418,-523.311218,-1340.84534
-722,-600,-1361,-722.53418,-523.311218,-1361.84534
-759,-300,-1341,-759.526917,-171.223862,-1341.84985
-722,-600,-1361,-722.526794,-471.374695,-1361.84998
-730,-300,-1359,-730.534241,-171.194778,-1359.84521
-792,-300,-1312,-792.666992,-253.409409,-1312.745
-794,-600,-1306,-794.658203,-553.743103,-1306.75281
-755,-600,-1340,-755.658203,-553.777405,-1340.75281
-792,-300,-1312,-792.667969,-242.781784,-1312.74414
-755,-600,-1340,-755.658203,-543.140198,-1340.75281
-759,-300,-1341,-759.666992,-242.803406,-1341.745
-938,-300,-948,-937.286133,-226.349136,-947.299744
-938,-600,-954,-937.283325,-526.252075,-953.302612
-992,-600,-898,-991.282532,-526.20813,-897.303467
-938,-300,-948,-937.28418,-197.571579,-947.301758
-992,-600,-898,-991.285156,-497.938995,-897.30072
-985,-300,-900,-984.290039,-197.612289,-899.295776
-903,-300,-911,-903.71582,-253.133575,-910.301758
-897,-600,-912,-897.716064,-553.223511,-911.302002
-938,-600,-954,-938.716003,-553.23822,-953.301941
-903,-300,-911,-903.733582,-220.611038,-910.320435
-938,-600,-954,-938.733459,-520.779663,-953.320312
-938,-300,-948,-938.733765,-220.575485,-947.320618
-938,-300,-873,-938.733459,-236.100327,-873.679626
-938,-600,-868,-938.733459,-536.327698,-868.679688
-897,-600,-912,-897.733459,-536.284729,-912.679688
-938,-300,-873,-938.733948,-218.248245,-873.679199
-897,-600,-912,-897.733398,-518.297913,-912.679688
-903,-300,-911,-903.733459,-218.28746,-911.679688
-985,-300,-900,-984.518799,-214.491669,-900.876587
-992,-600,-898,-991.519653,-514.589294,-898.877075
-938,-600,-868,-937.519653,-514.54657,-868.877075
-985,-300,-900,-984.497314,-227.980362,-900.864441
-938,-600,-868,-937.502991,-528.292542,-868.867737
-938,-300,-873,-937.496338,-227.986694,-873.863892
-1048,-300,-699,-1048.6582,-224.537186,-698.247192
-1042,-600,-700,-1042.65845,-524.606323,-699.247375
-1101,-600,-751,-1101.65845,-524.625854,-750.247375
-1048,-300,-699,-1048.65906,-210.753479,-698.247925
-1101,-600,-751,-1101.65845,-510.525208,-750.247375
-1099,-300,-744,-1099.65845,-210.711517,-743.247375
-1072,-300,-657,-1072.87671,-229.89679,-657.481018
-1069,-600,-651,-1069.87781,-529.980469,-651.479004
-1042,-600,-700,-1042.87646,-529.980469,-700.481384
-1072,-300,-657,-1072.87146,-218.991364,-657.490234
-1042,-600,-700,-1042.87158,-518.819092,-700.490234
-1048,-300,-699,-1048.86768,-218.97583,-699.496948
-1133,-300,-689,-1132.53125,-261.463135,-689.883301
-1140,-600,-688,-1139.53296,-561.556213,-688.884216
-1069,-600,-651,-1068.53235,-561.609558,-651.883911
-1133,-300,-689,-1132.53516,-246.450424,-689.885376
-1069,-600,-651,-1068.53247,-546.420227,-651.883972
-1072,-300,-657,-1071.53235,-246.370987,-657.883911
-1099,-300,-744,-1098.15466,-268.842133,-743.46582
-1101,-600,-751,-1100.14978,-568.873779,-750.473633
-1140,-600,-688,-1139.14978,-568.894226,-687.473633
-1099,-300,-744,-1098.15466,-265.631042,-743.46582
-1140,-600,-688,-1139.14978,-565.520691,-687.473633
-1133,-300,-689,-1132.14978,-265.617554,-688.473633
-790,-300,-1133,-789.282288,-197.403671,-1132.30371
-790,-600,-1139,-789.282288,-497.641205,-1138.30371
-841,-600,-1086,-840.285156,-497.658813,-1085.30078
-790,-300,-1133,-789.291992,-243.298691,-1132.29382
-841,-600,-1086,-840.288147,-543.309937,-1085.29773
-835,-300,-1087,-834.290039,-243.27829,-1086.29578
-758,-300,-1093,-758.772888,-261.085938,-1092.36548
-753,-600,-1093,-753.776978,-560.72937,-1092.37048
-790,-600,-1139,-790.78833,-560.73877,-1138.38477
-758,-300,-1093,-758.784485,-231.298569,-1092.37988
-790,-600,-1139,-790.78833,-531.563232,-1138.38477
-790,-300,-1133,-790.78833,-231.303452,-1132.38477
-795,-300,-1052,-795.751038,-249.182327,-1052.66016
-795,-600,-1046,-795.75177,-548.935181,-1046.65942
-753,-600,-1093,-753.743408,-548.926025,-1093.66882
-795,-300,-1052,-795.743286,-250.708405,-1052.66895
-753,-600,-1093,-753.743225,-550.995544,-1093.66895
-758,-300,-1093,-758.743225,-250.698517,-1093.66895
-835,-300,-1087,-834.339966,-235.598282,-1087.75122
-841,-600,-1086,-840.339966,-535.815674,-1086.75122
-795,-600,-1046,-794.339966,-535.839111,-1046.75122
-835,-300,-1087,-834.339966,-254.754898,-1087.75122
-795,-600,-1046,-794.340942,-554.826904,-1046.75208
-795,-300,-1052,-794.339844,-254.742737,-1052.7511
-685,-300,-1239,-684.247314,-240.628174,-1239.65833
-692,-600,-1241,-691.247375,-540.539551,-1241.65845
-646,-600,-1189,-645.255066,-540.60498,-1189.66711
-685,-300,-1239,-684.247314,-200.932419,-1239.65833
-646,-600,-1189,-645.247375,-500.680237,-1189.65845
-646,-300,-1194,-645.247375,-200.974319,-1194.65845
-636,-300,-1258,-635.653015,-196.004776,-1257.06213
-635,-600,-1262,-634.649109,-496.156891,-1261.0636
-692,-600,-1241,-691.659363,-496.135406,-1240.05981
-636,-300,-1258,-635.648438,-251.075668,-1257.06384
-692,-600,-1241,-691.648438,-551.116516,-1240.06384
-685,-300,-1239,-684.635742,-251.100677,-1238.06873
-616,-300,-1221,-616.868164,-231.121521,-1220.50378
-611,-600,-1220,-611.871582,-531.07428,-1219.50977
-635,-600,-1262,-635.871582,-531.131409,-1261.50977
-616,-300,-1221,-616.876465,-185.658813,-1220.51855
-635,-600,-1262,-635.883301,-485.544403,-1261.53125
-636,-300,-1258,-636.876404,-185.718018,-1257.51855
-646,-300,-1194,-646.667053,-237.987854,-1194.745
-646,-600,-1189,-646.666992,-537.83197,-1189.745
-611,-600,-1220,-611.666992,-537.841797,-1220.745
-646,-300,-1194,-646.677734,-256.135681,-1194.73523
-611,-600,-1220,-611.677734,-556.476318,-1220.73523
-616,-300,-1221,-616.677734,-256.153625,-1221.73523
-521,-300,-1308,-520.127869,-267.278381,-1308.48926
-527,-600,-1309,-526.12793,-567.140381,-1309.48938
-507,-600,-1273,-506.126251,-567.134644,-1273.48633
-521,-300,-1308,-520.122925,-256.601837,-1308.48035
-507,-600,-1273,-506.118896,-556.830078,-1273.4729
-504,-300,-1277,-503.119019,-256.634033,-1277.47314
-479,-300,-1333,-478.490509,-237.258453,-1332.13953
-478,-600,-1338,-477.490509,-537.481201,-1337.13953
-527,-600,-1309,-526.50293,-537.558472,-1308.13232
-479,-300,-1333,-478.495087,-252.999268,-1332.13684
-527,-600,-1309,-526.496765,-552.971497,-1308.13586
-521,-300,-1308,-520.491211,-252.971298,-1307.13916
-453,-300,-1305,-453.726135,-207.367874,-1304.3125
-448,-600,-1306,-448.726166,-507.405243,-1305.3125
-478,-600,-1338,-478.726166,-507.39679,-1337.3125
-453,-300,-1305,-453.735291,-215.586334,-1304.32227
-478,-600,-1338,-478.735413,-515.311707,-1337.32239
-479,-300,-1333,-479.735413,-215.577499,-1332.32239
-470,-300,-1271,-470.89682,-265.44458,-1271.44238
-467,-600,-1267,-467.89682,-565.357239,-1267.44238
-448,-600,-1306,-448.89679,-565.390137,-1306.44238
-470,-300,-1271,-470.89682,-244.437988,-1271.44238
-448,-600,-1306,-448.89682,-544.110657,-1306.44238
-453,-300,-1305,-453.896759,-244.401627,-1305.44238
-504,-300,-1277,-503.852997,-205.540512,-1277.98914
-507,-600,-1273,-506.852997,-505.298523,-1273.98914
-467,-600,-1267,-466.859985,-505.315155,-1267.99011
-504,-300,-1277,-503.817688,-185.045288,-1277.98315
-467,-600,-1267,-466.828766,-485.261322,-1267.98523
-470,-300,-1271,-469.828766,-185.045288,-1271.98523
-1195,-300,-1013,-1194.53235,-226.288528,-1013.88391
-1201,-600,-1010,-1200.54016,-526.343872,-1010.888
-1144,-600,-981,-1143.53223,-526.364258,-981.883789
-1195,-300,-1013,-1194.53235,-270.053619,-1013.88391
-1144,-600,-981,-1143.53198,-569.913879,-981.883667
-1146,-300,-988,-1145.53796,-270.074219,-988.886841
-1199,-300,-1054,-1198.00488,-267.607849,-1054.09827
-1205,-600,-1057,-1204.00391,-567.643494,-1057.0874
-1201,-600,-1010,-1200.00488,-567.637085,-1010.09802
-1199,-300,-1054,-1198.00488,-275.482819,-1054.09863
-1201,-600,-1010,-1200.00488,-575.444397,-1010.09863
-1195,-300,-1013,-1194.00488,-275.488678,-1013.09766
-1157,-300,-1067,-1156.69043,-232.767105,-1066.04919
-1156,-600,-1073,-1155.69067,-532.744385,-1072.04907
-1205,-600,-1057,-1204.69104,-532.730774,-1056.04895
-1157,-300,-1067,-1156.71582,-209.871307,-1066.04126
-1205,-600,-1057,-1204.71582,-509.759583,-1056.04126
-1199,-300,-1054,-1198.70605,-209.902863,-1053.04419
-1103,-300,-1031,-1103.55688,-234.261444,-1030.16943
-1094,-600,-1031,-1094.55688,-534.397461,-1030.16943
-1156,-600,-1073,-1156.55688,-534.397461,-1072.16943
-1103,-300,-1031,-1103.55396,-267.93573,-1030.16748
-1156,-600,-1073,-1156.55688,-567.784668,-1072.16943
-1157,-300,-1067,-1157.55688,-267.906006,-1066.16943
-1146,-300,-988,-1146.71582,-251.998047,-988.698181
-1144,-600,-981,-1144.71582,-551.971619,-981.698242
-1094,-600,-1031,-1094.71484,-551.971619,-1031.69922
-1146,-300,-988,-1146.71582,-251.998047,-988.698181
-1094,-600,-1031,-1094.71484,-551.971619,-1031.69922
-1103,-300,-1031,-1103.71582,-251.998047,-1031.69812
-540,-300,-1118,-539.069885,-244.813782,-1117.63281
-544,-600,-1122,-543.067993,-544.719666,-1121.63757
-566,-600,-1065,-565.067993,-544.719666,-1064.63757
-540,-300,-1118,-539.067993,-260.326508,-1117.63757
-566,-600,-1065,-565.06311,-560.471191,-1064.65039
-559,-300,-1068,-558.06311,-260.366638,-1067.65039
-494,-300,-1115,-494.043243,-260.042236,-1114.00098
-491,-600,-1120,-491.044098,-560.040283,-1119.00098
-544,-600,-1122,-544.043335,-560.083252,-1121.00098
-494,-300,-1115,-494.061401,-193.366653,-1114.00195
-544,-600,-1122,-544.06134,-493.033966,-1121.00195
-540,-300,-1118,-540.061462,-193.396057,-1117.00195
-480,-300,-1079,-480.930145,-225.620316,-1078.63281
-474,-600,-1078,-474.930145,-525.83728,-1077.63281
-491,-600,-1120,-491.930145,-525.819641,-1119.63281
-480,-300,-1079,-480.930145,-243.239105,-1078.63281
-491,-600,-1120,-491.933167,-543.418823,-1119.64062
-494,-300,-1115,-494.93338,-243.258972,-1114.64111
-498,-300,-1055,-498.789734,-240.212708,-1055.61328
-496,-600,-1050,-496.789948,-540.274292,-1050.61316
-474,-600,-1078,-474.789703,-540.258545,-1078.61328
-498,-300,-1055,-498.803802,-265.09021,-1055.59473
-474,-600,-1078,-474.803864,-564.92511,-1078.59473
-480,-300,-1079,-480.803894,-265.07666,-1079.59473
-559,-300,-1068,-558.793274,-200.417999,-1068.97839
-566,-600,-1065,-565.793274,-500.13028,-1065.97839
-496,-600,-1050,-495.797943,-500.109467,-1050.97937
-559,-300,-1068,-558.793274,-205.523376,-1068.97839
-496,-600,-1050,-495.797546,-505.244293,-1050.97925
-498,-300,-1055,-497.797943,-205.527466,-1055.97937
790,540,-230,789.000916,541.768616,-230.042267
780,560,-240,779.000916,561.768555,-240.042267
780,560,-60,779.000916,561.768555,-60.0425262
790,540,-230,789.000916,541.768616,-230.042267
780,560,-60,779.000916,561.768555,-60.0425262
790,540,-70,789.000916,541.768616,-70.0425262
960,560,-60,959.985962,561.757446,-59.0000992
970,540,-70,969.985962,541.757446,-69.0000992
790,540,-70,789.985962,541.757446,-69.0000992
960,560,-60,959.985962,561.757446,-59.0000992
790,540,-70,789.985962,541.757446,-69.0000992
780,560,-60,779.985962,561.757446,-59.0000992
960,560,60,959.000916,561.771851,59.957222
970,540,70,969.000916,541.77179,69.957222
970,540,-70,969.000916,541.77179,-70.0425262
960,560,60,959.000916,561.771851,59.957222
970,540,-70,969.000916,541.77179,-70.0425262
960,560,-60,959.000916,561.771851,-60.0425262
970,540,70,969.95636,541.755737,69.0009537
960,560,60,959.956482,561.755737,59.0009499
900,560,60,899.956482,561.755737,59.0009499
970,540,70,969.95636,541.755737,69.0009537
900,560,60,899.956482,561.755737,59.0009499
910,540,70,909.95636,541.755737,69.0009537
900,560,360,899.000916,561.02533,359.957245
910,540,350,909.000916,541.025391,349.957245
910,540,70,909.000916,541.025391,69.957222
900,560,360,899.000916,561.02533,359.957245
910,540,70,909.000916,541.025391,69.957222
900,560,60,899.000916,561.02533,59.957222
780,560,-240,779.956909,562.495789,-240.999069
790,540,-230,789.956909,542.495789,-230.999069
990,540,-230,989.956909,542.495789,-230.999069
780,560,-240,779.956909,562.495789,-240.999069
990,540,-230,989.956909,542.495789,-230.999069
960,560,-240,959.956909,562.495789,-240.999069
1170,540,-230,1169.95691,542.495789,-230.999069
1140,560,-240,1139.95691,562.495789,-240.999069
1020,560,-240,1019.95691,562.495789,-240.999069
1170,540,-230,1169.95691,542.495789,-230.999069
1020,560,-240,1019.95691,562.495789,-240.999069
990,540,-230,989.956909,542.495789,-230.999069
1320,560,360,1319.95801,561.002991,360.999115
1310,540,350,1309.95801,541.002991,350.999115
910,540,350,909.957947,541.002991,350.999115
1320,560,360,1319.95801,561.002991,360.999115
910,540,350,909.957947,541.002991,350.999115
900,560,360,899.957947,561.002991,360.999115
1320,560,300,1320.99902,562.476379,299.955841
1310,540,290,1310.99902,542.47644,289.955841
1310,540,350,1310.99902,542.47644,349.955841
1320,560,300,1320.99902,562.476379,299.955841
1310,540,350,1310.99902,542.47644,349.955841
1320,560,360,1320.99902,562.476379,359.955841
1440,560,300,1439.95801,561.74939,300.999115
1430,540,290,1429.95801,541.74939,290.999115
1310,540,290,1309.95801,541.74939,290.999115
1440,560,300,1439.95801,561.74939,300.999115
1310,540,290,1309.95801,541.74939,290.999115
1320,560,300,1319.95801,561.74939,300.999115
1440,560,-240,1440.99902,560.983582,-240.042267
1430,540,-230,1430.99902,540.983643,-230.042267
1430,540,290,1430.99902,540.983643,289.955841
1440,560,-240,1440.99902,560.983582,-240.042267
1430,540,290,1430.99902,540.983643,289.955841
1440,560,300,1440.99902,560.983582,299.955841
1430,540,-230,1429.95691,542.495789,-230.999069
1440,560,-240,1439.95691,562.495789,-240.999069
1200,560,-240,1199.95691,562.495789,-240.999069
1430,540,-230,1429.95691,542.495789,-230.999069
1200,560,-240,1199.95691,562.495789,-240.999069
1170,540,-230,1169.95691,542.495789,-230.999069
-1465,1320,325,-1464.43298,1321.68628,325.823639
-1475,1410,399,-1474.41882,1411.68835,399.81369
-1338,1380,282,-1337.43579,1381.68506,282.825623
-1422,1380,198,-1422.82654,1381.45142,197.437134
-1539,1410,335,-1539.82642,1411.45483,334.437073
-1465,1320,325,-1465.82678,1321.45264,324.4375
-1475,1410,399,-1475.70776,1412.06812,399.706421
-1465,1320,325,-1465.70618,1322.06897,325.707916
-1539,1410,335,-1539.70789,1412.06812,335.706299
