52,218,-1532,52.7860489,219.010605,-1532.61816
57,236,-1546,57.7855682,237.010803,-1546.61877
47,236,-1559,47.7865257,237.010803,-1559.61755
52,218,-1532,52.8172379,219.182892,-1532.57617
47,236,-1559,47.8172569,237.182571,-1559.57617
33,218,-1559,33.8172455,219.182205,-1559.57617
90,218,-1532,89.9554749,220.03743,-1532.9989
90,236,-1546,89.9558182,238.037781,-1546.99902
57,236,-1546,56.9558182,238.037781,-1546.99902
90,218,-1532,89.9554749,220.03743,-1532.9989
57,236,-1546,56.9558182,238.037781,-1546.99902
52,218,-1532,51.9554749,220.03743,-1532.9989
33,218,-1559,33.9999046,219.627365,-1559.0127
47,236,-1559,47.9999161,237.627594,-1559.0127
47,236,-1750,47.9999161,237.627594,-1750.0127
33,218,-1559,33.9999046,219.627365,-1559.0127
47,236,-1750,47.9999161,237.627594,-1750.0127
33,218,-1750,33.9999046,219.627365,-1750.0127
-198,225,-1720,-198.599243,228.450562,-1720.80042
-209,248,-1724,-209.599182,251.451584,-1724.80054
-220,248,-1716,-220.587433,251.45253,-1716.8092
-198,225,-1720,-198.599243,228.450562,-1720.80042
-220,248,-1716,-220.587433,251.45253,-1716.8092
-220,225,-1704,-220.587189,228.452133,-1704.80945
-209,248,-1750,-209.999069,249.022385,-1750.04297
-209,248,-1724,-209.999069,249.022385,-1724.04297
-198,225,-1720,-198.999069,226.023376,-1720.04297
-209,248,-1750,-209.999069,249.022385,-1750.04297
-198,225,-1720,-198.999069,226.023376,-1720.04297
-198,225,-1750,-198.999069,226.023376,-1750.04297
-285,225,-1704,-285.042267,226.216217,-1704.99902
-220,225,-1704,-220.042267,226.216217,-1704.99902
-220,248,-1716,-220.042267,249.21611,-1716.99902
-285,225,-1704,-285.042267,226.216217,-1704.99902
-220,248,-1716,-220.042267,249.21611,-1716.99902
-285,248,-1716,-285.042267,249.21611,-1716.99902
-80,-73,-1068,-80.9990692,-71.6742172,-1068.04297
-95,-50,-1063,-95.9990692,-48.6747704,-1063.04297
-95,-50,-1030,-95.9990692,-48.6747704,-1030.04297
-80,-73,-1068,-80.9990692,-71.6742172,-1068.04297
-95,-50,-1030,-95.9990692,-48.6747704,-1030.04297
-80,-73,-1030,-80.9990692,-71.6742172,-1030.04297
-108,-73,-1087,-108.613213,-70.8558197,-1086.21008
-108,-50,-1073,-108.613213,-47.8548393,-1072.21008
-95,-50,-1063,-95.6084518,-47.8549805,-1062.20642
-108,-73,-1087,-108.565361,-71.633316,-1086.17517
-95,-50,-1063,-95.5658798,-48.6324921,-1062.17554
-80,-73,-1068,-80.5653534,-71.633316,-1067.17517
-285,-90,-1075,-285.042267,-88.0419998,-1074.00098
-285,-75,-1064,-285.042267,-73.042099,-1063.00098
-263,-75,-1064,-263.042267,-73.042099,-1063.00098
-285,-90,-1075,-285.042267,-88.0419998,-1074.00098
-263,-75,-1064,-263.042267,-73.042099,-1063.00098
-263,-90,-1075,-263.042267,-88.0419998,-1074.00098
-108,-73,-1087,-107.859726,-71.0498581,-1086.00989
-161,-83,-1087,-160.867722,-81.0506897,-1086.00879
-161,-64,-1073,-160.867722,-62.0505981,-1072.00879
-108,-73,-1087,-107.841164,-71.2666168,-1086.0127
-161,-64,-1073,-160.852997,-62.2687302,-1072.01086
-108,-50,-1073,-107.841164,-48.2672615,-1072.0127
-161,-83,-1087,-161.042267,-81.3951569,-1086.00098
-216,-83,-1087,-216.042267,-81.3951569,-1086.00098
-216,-64,-1073,-216.042267,-62.3949661,-1072.00098
-161,-83,-1087,-161.042267,-81.3951569,-1086.00098
-216,-64,-1073,-216.042267,-62.3949661,-1072.00098
-161,-64,-1073,-161.042267,-62.3949661,-1072.00098
-216,-83,-1087,-215.66478,-81.212738,-1086.05786
-263,-90,-1075,-262.665131,-88.2115021,-1074.05774
-263,-75,-1064,-262.656677,-73.2116928,-1063.06079
-216,-83,-1087,-215.66478,-82.0363159,-1086.05786
-263,-75,-1064,-262.664795,-74.0358047,-1063.05786
-216,-64,-1073,-215.66478,-63.0361977,-1072.05786
53,-73,-1411,53.362999,-72.1255722,-1410.06824
57,-50,-1397,57.3573647,-49.126049,-1396.06604
90,-50,-1410,90.3574371,-49.1265068,-1409.06616
90,-50,-1356,90.387085,-49.2976036,-1356.922
57,-50,-1370,57.3874474,-49.2978287,-1370.92188
52,-73,-1356,52.3862381,-72.2974625,-1356.92236
52,-73,-1356,52.8173027,-71.5768509,-1356.57617
57,-50,-1370,57.8173218,-48.5767746,-1370.57617
47,-50,-1384,47.810318,-48.5766411,-1384.58594
52,-73,-1356,52.8333321,-70.4021912,-1356.55273
47,-50,-1384,47.8333244,-47.4024887,-1384.55273
33,-73,-1384,33.8254051,-70.4027328,-1384.56445
33,-73,-1384,33.7918472,-70.3407364,-1383.38928
47,-50,-1384,47.7947502,-47.339756,-1383.39307
57,-50,-1397,57.7854691,-47.3400345,-1396.3811
33,-73,-1384,33.8003807,-70.4497604,-1383.40051
57,-50,-1397,57.8002396,-47.4492416,-1396.40039
53,-73,-1411,53.8002815,-70.4490814,-1410.40039
-86,-75,-1427,-86.8294067,-72.9192505,-1427.55859
-100,-54,-1427,-100.829399,-51.9192657,-1427.55859
-108,-54,-1415,-108.829407,-51.9192657,-1415.55859
-86,-75,-1427,-86.7944641,-72.5264664,-1427.6073
-108,-54,-1415,-108.802475,-51.5261421,-1415.59668
-104,-75,-1403,-104.803108,-72.5259171,-1403.59583
-104,-75,-1403,-104.41732,-73.5800934,-1403.90869
-108,-54,-1415,-108.419319,-52.5790672,-1415.90784
-133,-54,-1403,-133.440063,-52.5785942,-1403.89795
-172,-90,-1615,-172.630493,-89.0829544,-1614.22388
-172,-75,-1604,-172.630493,-74.0829773,-1603.22388
-162,-75,-1596,-162.630402,-74.0828552,-1595.22375
-172,-90,-1615,-172.575897,-89.3711853,-1614.1825
-162,-75,-1596,-162.575317,-74.3709641,-1595.18213
-151,-90,-1600,-151.579163,-89.3714142,-1599.18481
-151,-90,-1600,-151.999069,-88.6594162,-1600.04297
-162,-75,-1596,-162.999069,-73.6595154,-1596.04297
-162,-75,-1570,-162.999069,-73.6595154,-1570.04297
-151,-90,-1600,-151.999069,-88.6594162,-1600.04297
-162,-75,-1570,-162.999069,-73.6595154,-1570.04297
-151,-90,-1570,-151.999069,-88.6594162,-1570.04297
-194,-90,-1570,-193.000885,-89.0055923,-1570.04199
-183,-75,-1570,-182.000885,-74.0056839,-1570.04199
-183,-75,-1596,-182.000885,-74.0056839,-1596.04199
-194,-90,-1570,-193.000885,-89.0055923,-1570.04199
-183,-75,-1596,-182.000885,-74.0056839,-1596.04199
-194,-90,-1600,-193.000885,-89.0055923,-1600.04199
-194,-90,-1600,-193.422913,-89.0497055,-1599.18335
-183,-75,-1596,-182.415863,-74.0493164,-1595.18835
-172,-75,-1604,-171.418884,-74.0495453,-1603.18628
-194,-90,-1600,-193.440186,-89.1810303,-1599.17139
-172,-75,-1604,-171.437134,-74.1812515,-1603.17346
-172,-90,-1615,-171.437134,-89.1807938,-1614.17346
-133,-54,-1501,-133.440063,-53.303463,-1500.10205
-108,-54,-1489,-108.415321,-53.3039398,-1488.09033
-104,-75,-1501,-104.421562,-74.3047256,-1500.09326
-104,-75,-1501,-104.829437,-71.941658,-1500.44141
-108,-54,-1489,-108.829399,-50.9418716,-1488.44141
-100,-54,-1477,-100.829399,-50.9415855,-1476.44141
-104,-75,-1501,-104.802475,-72.9735184,-1500.40332
-100,-54,-1477,-100.794472,-51.9744186,-1476.3927
-86,-75,-1477,-86.8031082,-72.9742966,-1476.40417
-100,-54,-1427,-100.999069,-52.2134857,-1427.04297
-86,-75,-1427,-86.9990692,-73.2134933,-1427.04297
-86,-75,-1477,-86.9990692,-73.2134933,-1477.04297
-100,-54,-1427,-100.999069,-52.2134857,-1427.04297
-86,-75,-1477,-86.9990692,-73.2134933,-1477.04297
-100,-54,-1477,-100.999069,-52.2134857,-1477.04297
-254,-90,-1600,-253.422913,-88.3669891,-1599.18335
-243,-75,-1596,-242.410828,-73.3668289,-1595.19202
-232,-75,-1604,-231.422913,-73.3670502,-1603.18335
-254,-90,-1600,-253.440903,-89.0029373,-1599.1709
-232,-75,-1604,-231.437134,-74.0031662,-1603.17346
-232,-90,-1615,-231.437134,-89.0027084,-1614.17346
-254,-90,-1570,-253.000885,-87.9629669,-1570.04199
-243,-75,-1570,-242.000885,-72.9630661,-1570.04199
-243,-75,-1596,-242.000885,-72.9630661,-1596.04199
-254,-90,-1570,-253.000885,-87.9629669,-1570.04199
-243,-75,-1596,-242.000885,-72.9630661,-1596.04199
-254,-90,-1600,-253.000885,-87.9629669,-1600.04199
-211,-90,-1600,-211.999069,-88.0110168,-1600.04297
-222,-75,-1596,-222.999069,-73.0111084,-1596.04297
-222,-75,-1570,-222.999069,-73.0111084,-1570.04297
-211,-90,-1600,-211.999069,-88.0110168,-1600.04297
-222,-75,-1570,-222.999069,-73.0111084,-1570.04297
-211,-90,-1570,-211.999069,-88.0110168,-1570.04297
-232,-90,-1615,-232.630569,-88.0243378,-1614.22388
-232,-75,-1604,-232.630569,-73.0243607,-1603.22388
-222,-75,-1596,-222.624359,-73.0242386,-1595.21887
-232,-90,-1615,-232.575317,-88.759903,-1614.18213
-222,-75,-1596,-222.575378,-73.7595673,-1595.18213
-211,-90,-1600,-211.579193,-88.7600098,-1599.18481
-433,225,-1352,-432.000885,227.779724,-1352.04199
-422,248,-1356,-421.000885,250.778732,-1356.04199
-422,248,-1383,-421.000885,250.778732,-1383.04199
-433,225,-1352,-432.000885,227.779724,-1352.04199
-422,248,-1383,-421.000885,250.778732,-1383.04199
-433,225,-1383,-432.000885,227.779724,-1383.04199
-412,225,-1337,-411.373657,228.313873,-1337.77954
-412,248,-1348,-411.373657,251.31369,-1348.77954
-422,248,-1356,-421.373657,251.31369,-1356.77954
-412,225,-1337,-411.422913,228.412094,-1337.81665
-422,248,-1356,-421.422913,251.411545,-1356.81665
-433,225,-1352,-432.422913,228.411774,-1352.81665
-345,225,-1337,-345.042267,227.235107,-1337.99902
-345,248,-1348,-345.042267,250.233978,-1348.99902
-412,248,-1348,-412.042267,250.233978,-1348.99902
-345,225,-1337,-345.042267,227.235107,-1337.99902
-412,248,-1348,-412.042267,250.233978,-1348.99902
-412,225,-1337,-412.042267,227.235107,-1337.99902
690,52,-1377,690.829407,53.7034492,-1377.55859
662,15,-1377,662.829407,16.7020035,-1377.55859
690,30,-1352,690.829346,31.7026348,-1352.55859
690,52,-1377,690.83197,54.3616219,-1376.44519
690,30,-1402,690.831726,32.3608627,-1401.44482
662,15,-1377,662.83197,17.3602333,-1376.44519
662,15,-1148,662.82959,15.9460287,-1148.55835
690,30,-1123,690.832031,30.9466591,-1123.55469
690,52,-1148,690.829346,52.947361,-1148.55859
690,30,-1173,690.82959,31.2405281,-1172.44165
662,15,-1148,662.829712,16.2398415,-1147.44189
690,52,-1148,690.829834,53.2412872,-1147.44202
690,30,-1083,690.830505,31.6359806,-1082.44299
662,15,-1058,662.83075,16.6353512,-1057.44336
690,52,-1058,690.82959,53.6367416,-1057.44165
662,15,-1058,662.829407,17.4269428,-1058.55859
690,30,-1033,690.82959,32.4275742,-1033.55835
690,52,-1058,690.82959,54.4283905,-1058.55835
690,52,-1467,690.832031,53.9661713,-1466.44531
690,30,-1492,690.831848,31.965353,-1491.44507
662,15,-1467,662.832031,16.9647236,-1466.44531
690,52,-1467,690.82959,54.0990181,-1467.55835
662,15,-1467,662.829407,17.0975704,-1467.55859
690,30,-1442,690.829651,32.0982018,-1442.55823
185,-84,-1097,184.177811,-81.9224319,-1096.43079
181,-66,-1084,180.174545,-63.9225006,-1083.43555
190,-66,-1071,189.174545,-63.9227371,-1070.43555
185,-84,-1097,184.202652,-82.7568741,-1096.39648
190,-66,-1071,189.202652,-64.7566528,-1070.39648
205,-84,-1071,204.202652,-82.7568741,-1070.39648
150,-84,-1097,149.955826,-82.8714828,-1096.00098
150,-66,-1084,149.955826,-64.8714066,-1083.00098
181,-66,-1084,180.955826,-64.8714066,-1083.00098
150,-84,-1097,149.955826,-82.8714828,-1096.00098
181,-66,-1084,180.955826,-64.8714066,-1083.00098
185,-84,-1097,184.955826,-82.8714828,-1096.00098
205,-75,-1019,204.194778,-68.9525757,-1019.59296
181,-53,-993,180.194901,-46.9559555,-993.59314
186,-75,-993,185.194687,-68.9556198,-993.592834
205,-75,-1019,204.056091,-73.4995346,-1019.3302
190,-53,-1019,189.056198,-51.4994736,-1019.33051
181,-53,-993,180.054123,-51.4994164,-993.324524
190,-53,-1019,189.005966,-52.2677841,-1018.89093
205,-75,-1019,204.006897,-74.2672729,-1018.88281
205,-84,-1071,204.006897,-83.2679291,-1070.88281
190,-53,-1019,189.021881,-51.2242851,-1018.79199
205,-84,-1071,204.022934,-82.2240143,-1070.78711
190,-66,-1071,189.022934,-64.2236938,-1070.78711
190,-66,-1454,189.009048,-64.682518,-1454.13416
205,-84,-1454,204.008911,-82.682663,-1454.13318
205,-75,-1506,204.009109,-73.6813583,-1506.13464
190,-66,-1454,189.012909,-64.2287827,-1454.16016
205,-75,-1506,204.012955,-73.2275772,-1506.1604
190,-53,-1506,189.013092,-51.2273445,-1506.16125
181,-53,-1533,180.052032,-52.2304802,-1532.68164
190,-53,-1506,189.052032,-52.2310448,-1505.68164
205,-75,-1506,204.052032,-74.2311554,-1505.68164
186,-75,-1533,185.176559,-70.9186783,-1532.43262
181,-53,-1533,180.176559,-48.9196854,-1532.43262
205,-75,-1506,204.178574,-70.9176788,-1505.42969
185,-84,-1428,184.955826,-82.8688812,-1428.99902
181,-66,-1441,180.955826,-64.8686981,-1441.99902
150,-66,-1441,149.955826,-64.8686981,-1441.99902
185,-84,-1428,184.955826,-82.8688812,-1428.99902
150,-66,-1441,149.955826,-64.8686981,-1441.99902
150,-84,-1428,149.955826,-82.8688812,-1428.99902
205,-84,-1454,204.178574,-82.2432785,-1454.57031
190,-66,-1454,189.172958,-64.2425308,-1454.56213
181,-66,-1441,180.173538,-64.2421036,-1441.56299
205,-84,-1454,204.202652,-81.6367035,-1454.60352
181,-66,-1441,180.203491,-63.6364403,-1441.60461
185,-84,-1428,184.202652,-81.636467,-1428.60352
635,-84,-1071,635.819031,-82.0370255,-1070.42627
650,-66,-1071,650.818787,-64.0362244,-1070.4259
659,-66,-1084,659.818787,-64.0358429,-1083.4259
635,-84,-1071,635.789673,-83.0063019,-1070.38647
659,-66,-1084,659.788818,-65.0060959,-1083.38538
655,-84,-1097,655.78833,-83.0061264,-1096.38477
655,-84,-1097,654.955872,-82.8714828,-1096.00098
659,-66,-1084,658.955872,-64.8714066,-1083.00098
690,-66,-1084,689.955872,-64.8714066,-1083.00098
655,-84,-1097,654.955872,-82.8714828,-1096.00098
690,-66,-1084,689.955872,-64.8714066,-1083.00098
690,-84,-1097,689.955872,-82.8714828,-1096.00098
654,-75,-993,654.803223,-68.6086578,-993.595642
659,-53,-993,659.805969,-46.6093292,-993.591797
635,-75,-1019,635.800598,-68.6059494,-1019.59918
659,-53,-993,659.945923,-51.0051498,-993.324219
650,-53,-1019,650.940125,-51.0053749,-1019.34076
635,-75,-1019,635.945984,-73.0052719,-1019.3241
650,-66,-1071,650.988464,-64.2597275,-1070.84863
635,-84,-1071,635.988403,-82.2598953,-1070.84827
635,-75,-1019,635.988403,-73.2585907,-1018.84821
650,-66,-1071,650.984497,-64.0906143,-1070.82471
635,-75,-1019,635.984436,-73.0894089,-1018.82428
650,-53,-1019,650.984436,-51.0892029,-1018.82428
650,-53,-1506,650.993103,-50.8440819,-1506.11719
635,-75,-1506,635.993042,-72.8436279,-1506.11719
635,-84,-1454,635.99231,-81.844223,-1454.12378
650,-53,-1506,650.978333,-52.4741364,-1506.20703
635,-84,-1454,635.978638,-83.4738159,-1454.20557
650,-66,-1454,650.978271,-65.4735947,-1454.20703
635,-75,-1506,635.946106,-74.0223541,-1505.67615
650,-53,-1506,650.947266,-52.0221252,-1505.67957
659,-53,-1533,659.947021,-52.0216217,-1532.67883
635,-75,-1506,635.818787,-68.7605972,-1505.4259
659,-53,-1533,659.819641,-46.7624359,-1532.42712
654,-75,-1533,654.819641,-68.7614288,-1532.42712
690,-84,-1428,689.955872,-82.8688812,-1428.99902
690,-66,-1441,689.955872,-64.8686981,-1441.99902
659,-66,-1441,658.955872,-64.8686981,-1441.99902
690,-84,-1428,689.955872,-82.8688812,-1428.99902
659,-66,-1441,658.955872,-64.8686981,-1441.99902
654,-84,-1428,653.955872,-82.8688812,-1428.99902
654,-84,-1428,654.813782,-82.3517609,-1428.58105
659,-66,-1441,659.818787,-64.3515167,-1441.5741
650,-66,-1454,650.819641,-64.3517456,-1454.57288
654,-84,-1428,654.808899,-82.4689407,-1428.58789
650,-66,-1454,650.805908,-64.4699326,-1454.5918
635,-84,-1454,635.809021,-82.4693832,-1454.58777
-756,43,-1420,-756.999023,45.0626678,-1420.04297
-731,-60,-1420,-731.999023,-57.932766,-1420.04297
-756,43,-1443,-756.999023,45.0626678,-1443.04297
-766,43,-1420,-765.000977,49.1554413,-1420.04297
-766,43,-1443,-765.000977,49.1554413,-1443.04297
-791,-60,-1420,-790.000977,-53.8397331,-1420.04297
-825,-8,-1495,-825.999023,-6.10757113,-1495.04297
-885,65,-1420,-885.999023,66.8925095,-1420.04297
-825,-8,-1420,-825.999023,-6.10757113,-1420.04297
-825,-7,-1570,-825.999023,-5.40108395,-1570.04297
-825,-7,-1630,-825.999023,-5.40108395,-1630.04297
-885,65,-1615,-885.999023,66.5977631,-1615.04297
-825,-7,-1570,-825.999023,-5.40108395,-1570.04297
-885,65,-1615,-885.999023,66.5977631,-1615.04297
-885,65,-1585,-885.999023,66.5977631,-1585.04297
-825,-113,-1509,-825.042969,-103.938896,-1508.00098
-885,-120,-1510,-885.042969,-110.936386,-1509.00098
-885,-8,-1495,-885.042969,1.05376089,-1494.00098
-825,-113,-1509,-825.042969,-104.351463,-1508.00098
-885,-8,-1495,-885.042969,0.64001739,-1494.00098
-825,-8,-1495,-825.042969,0.64001739,-1494.00098
-885,-120,-1510,-885.042969,-112.073402,-1509.00098
-825,-113,-1509,-825.042969,-105.073181,-1508.00098
-825,-120,-1510,-825.042969,-112.073402,-1509.00098
-720,-120,-1494,-720.042969,-116.572975,-1493.00098
-810,-113,-1493,-810.042969,-109.570335,-1492.00098
-791,-60,-1480,-791.042969,-56.5706635,-1479.00098
-720,-120,-1494,-720.042969,-114.2071,-1493.00098
-791,-60,-1480,-791.042969,-54.2100029,-1479.00098
-731,-60,-1480,-731.042969,-54.2100029,-1479.00098
-720,-120,-1494,-720.042969,-113.209312,-1493.00098
-810,-120,-1494,-810.042969,-113.209312,-1493.00098
-810,-113,-1493,-810.042969,-106.209099,-1492.00098
-810,-113,-1420,-809.000977,-111.261208,-1420.04297
-791,-60,-1420,-790.000977,-58.2630043,-1420.04297
-791,-60,-1480,-790.000977,-58.2630043,-1480.04297
-810,-113,-1420,-809.000977,-111.261208,-1420.04297
-791,-60,-1480,-790.000977,-58.2630043,-1480.04297
-810,-113,-1493,-809.000977,-111.261208,-1493.04297
-728,-120,-1848,-727.000977,-110.711464,-1848.04297
-728,-120,-1828,-727.000977,-110.711464,-1828.04297
-720,-60,-1840,-719.000977,-50.7160683,-1840.04297
-728,-120,-1848,-727.000977,-110.711464,-1848.04297
-720,-60,-1840,-719.000977,-50.7160683,-1840.04297
-720,-60,-1848,-719.000977,-50.7160683,-1848.04297
-728,-120,-1828,-728.042969,-114.737862,-1828.99902
-585,-120,-1828,-585.042969,-114.737862,-1828.99902
-585,-60,-1840,-585.042969,-54.7359581,-1840.99902
-728,-120,-1828,-728.042969,-114.737862,-1828.99902
-585,-60,-1840,-585.042969,-54.7359581,-1840.99902
-720,-60,-1840,-720.042969,-54.7359581,-1840.99902
-869,3,-1793,-869.999023,11.8528748,-1792.95593
-869,10,-1745,-869.999084,18.8517017,-1744.95728
-865,-20,-1737,-865.999084,-11.1521769,-1736.95728
-869,3,-1793,-869.999023,6.54700375,-1793.04297
-865,-20,-1737,-865.999023,-16.4540749,-1737.04297
-865,-20,-1801,-865.999023,-16.4540749,-1801.04297
-731,-60,-1480,-731.999023,-57.8502388,-1480.04297
-731,-60,-1420,-731.999023,-57.8502388,-1420.04297
-717,-120,-1420,-717.999023,-117.847603,-1420.04297
-731,-60,-1480,-731.999023,-56.3467827,-1479.95605
-717,-120,-1420,-717.999084,-116.350761,-1419.95728
-720,-120,-1494,-720.998962,-116.346886,-1493.95508
-810,-80,-1829,-810.042969,-77.8635025,-1829.99902
-810,-60,-1840,-810.042969,-57.8636017,-1840.99902
-885,-60,-1840,-885.042969,-57.8636017,-1840.99902
-810,-80,-1829,-810.042969,-77.8635025,-1829.99902
-885,-60,-1840,-885.042969,-57.8636017,-1840.99902
-885,-80,-1829,-885.042969,-77.8635025,-1829.99902
-810,-60,-1900,-810.970459,-59.3561096,-1900.24109
-842,-17,-1900,-842.970398,-16.3557491,-1900.24109
-835,-44,-1850,-835.969482,-43.3549232,-1850.245
-842,-17,-1900,-842.997009,-2.38366604,-1899.92285
-842,20,-1857,-842.996033,34.6173592,-1856.91113
-835,-44,-1850,-835.996094,-29.3936214,-1849.91174
-810,-60,-1840,-810.042969,-58.2209587,-1840.99902
-835,-44,-1850,-835.042969,-42.2207565,-1850.99902
-885,-44,-1850,-885.042969,-42.2207565,-1850.99902
-810,-60,-1840,-810.042969,-58.2209587,-1840.99902
-885,-44,-1850,-885.042969,-42.2207565,-1850.99902
-885,-60,-1840,-885.042969,-58.2209587,-1840.99902
-835,-44,-1850,-835.042969,-36.4176369,-1850.99902
-842,20,-1857,-842.042969,27.5759201,-1857.99902
-885,20,-1857,-885.042969,27.5759201,-1857.99902
-835,-44,-1850,-835.042969,-36.4176369,-1850.99902
-885,20,-1857,-885.042969,27.5759201,-1857.99902
-885,-44,-1850,-885.042969,-36.4176369,-1850.99902
-842,20,-1900,-842.999023,22.7462997,-1900.04297
-850,65,-1900,-850.999023,67.7485886,-1900.04297
-850,65,-1864,-850.999023,67.7485886,-1864.04297
-842,20,-1900,-842.999023,22.7462997,-1900.04297
-850,65,-1864,-850.999023,67.7485886,-1864.04297
-842,20,-1857,-842.999023,22.7462997,-1857.04297
-842,20,-1857,-842.042969,25.6398754,-1857.99902
-850,65,-1864,-850.042969,70.6359177,-1864.99902
-885,65,-1864,-885.042969,70.6359177,-1864.99902
-842,20,-1857,-842.042969,25.6398754,-1857.99902
-885,65,-1864,-885.042969,70.6359177,-1864.99902
-885,20,-1857,-885.042969,25.6398754,-1857.99902
-885,10,-1739,-885.293457,13.0433807,-1739.95593
-885,-20,-1731,-885.292542,-16.9569378,-1731.95618
-865,-20,-1737,-865.293152,-16.9574299,-1737.95605
-885,10,-1739,-885.349609,14.0620508,-1739.93689
-865,-20,-1737,-865.362305,-15.9385366,-1737.93201
-869,10,-1745,-869.349609,14.0611925,-1745.93689
-885,3,-1798,-885.292847,6.14372778,-1797.04395
-869,3,-1793,-869.307739,6.14406872,-1792.04858
-865,-20,-1801,-865.314453,-16.8551445,-1800.05078
-885,3,-1798,-885.243164,4.91423416,-1797.03003
-865,-20,-1801,-865.243164,-18.0847778,-1800.03003
-885,-20,-1806,-885.243164,-18.0847778,-1805.03003
-720,-60,-1856,-720.042969,-55.3139191,-1856.99902
-720,0,-1870,-720.042969,4.68371439,-1870.99902
-751,0,-1870,-751.042969,4.68371439,-1870.99902
-720,-60,-1856,-720.042969,-55.3139191,-1856.99902
-751,0,-1870,-751.042969,4.68371439,-1870.99902
-767,-60,-1856,-767.042969,-55.3139191,-1856.99902
-767,-60,-1856,-766.000977,-54.8994255,-1856.04297
-751,0,-1870,-750.000977,5.10016394,-1870.04297
-751,0,-1900,-750.000977,5.10016394,-1900.04297
-767,-60,-1856,-766.000977,-54.8994255,-1856.04297
-751,0,-1900,-750.000977,5.10016394,-1900.04297
-767,-60,-1900,-766.000977,-54.8994255,-1900.04297
-751,0,-1870,-750.000977,1.36809003,-1870.04297
-705,65,-1884,-704.000977,66.3703308,-1884.04297
-705,65,-1900,-704.000977,66.3703308,-1900.04297
-751,0,-1870,-750.000977,1.36809003,-1870.04297
-705,65,-1900,-704.000977,66.3703308,-1900.04297
-751,0,-1900,-750.000977,1.36809003,-1900.04297
-731,-60,-1480,-731.999023,-57.932766,-1480.04297
-756,43,-1456,-756.999023,45.0626678,-1456.04297
-756,43,-1443,-756.999023,45.0626678,-1443.04297
-731,-60,-1480,-731.999023,-57.932766,-1480.04297
-756,43,-1443,-756.999023,45.0626678,-1443.04297
-731,-60,-1420,-731.999023,-57.932766,-1420.04297
-791,-60,-1420,-790.000977,-53.8397331,-1420.04297
-766,43,-1443,-765.000977,49.1554413,-1443.04297
-766,43,-1456,-765.000977,49.1554413,-1456.04297
-791,-60,-1420,-790.000977,-53.8397331,-1420.04297
-766,43,-1456,-765.000977,49.1554413,-1456.04297
-791,-60,-1480,-790.000977,-53.8397331,-1480.04297
-825,-60,-1653,-825.585999,-56.9308205,-1652.1897
-854,-11,-1653,-854.585999,-7.93305445,-1652.1897
-825,-7,-1630,-825.585999,-3.93354607,-1629.1897
-825,-7,-1570,-825.716064,-2.08559728,-1570.698
-854,-11,-1540,-854.704224,-6.08671665,-1540.70996
-825,-113,-1540,-825.713928,-108.086082,-1540.7002
-825,-7,-1570,-825.69928,-5.21712351,-1570.71484
-885,65,-1555,-885.696472,66.7875519,-1555.71753
-854,-11,-1540,-854.69928,-9.21543884,-1540.71484
-825,-7,-1630,-825.586853,-2.9795692,-1629.19031
-854,-11,-1653,-854.589844,-6.98023319,-1652.1925
-885,65,-1645,-885.586121,69.0194168,-1644.18982
-699,0,-1870,-699.042969,4.89389324,-1870.99902
-699,65,-1884,-699.042969,69.8955307,-1884.99902
-720,0,-1870,-720.042969,4.89389324,-1870.99902
-751,0,-1870,-751.042969,4.89389324,-1870.99902
-720,0,-1870,-720.042969,4.89389324,-1870.99902
-699,65,-1884,-699.042969,69.8955307,-1884.99902
-751,0,-1870,-751.042969,4.89389324,-1870.99902
-699,65,-1884,-699.042969,69.8955307,-1884.99902
-705,65,-1884,-705.042969,69.8955307,-1884.99902
-825,-7,-1630,-825.999023,-5.40108395,-1630.04297
-885,65,-1645,-885.999023,66.5977631,-1645.04297
-885,65,-1615,-885.999023,66.5977631,-1615.04297
-885,65,-1555,-885.999023,66.5977631,-1555.04297
-825,-7,-1570,-825.999023,-5.40108395,-1570.04297
-885,65,-1585,-885.999023,66.5977631,-1585.04297
-731,-60,-1480,-731.042969,-54.6804161,-1479.00098
-791,-60,-1480,-791.042969,-54.6804161,-1479.00098
-766,43,-1456,-766.042969,48.3169746,-1455.00098
-731,-60,-1480,-731.042969,-54.6804161,-1479.00098
-766,43,-1456,-766.042969,48.3169746,-1455.00098
-756,43,-1456,-756.042969,48.3169746,-1455.00098
-791,-60,-1420,-791.042969,-55.8610611,-1420.99902
-731,-60,-1420,-731.042969,-55.8610611,-1420.99902
-756,43,-1443,-756.042969,47.1381798,-1443.99902
-791,-60,-1420,-791.042969,-55.8610611,-1420.99902
-756,43,-1443,-756.042969,47.1381798,-1443.99902
-766,43,-1443,-766.042969,47.1381798,-1443.99902
-153,270,-817,-153.042267,277.605042,-817.999084
-156,180,-810,-156.042267,187.610947,-810.999084
156,180,-810,155.95723,187.610947,-810.999084
-153,270,-817,-153.042267,277.605042,-817.999084
156,180,-810,155.95723,187.610947,-810.999084
153,270,-817,152.95723,277.605042,-817.999084
-153,270,-817,-152.288101,281.867523,-817.702271
-243,270,-907,-242.289001,281.867523,-907.703186
-248,180,-902,-247.289246,191.883514,-902.70343
-153,270,-817,-152.288101,281.867523,-817.702271
-248,180,-902,-247.289246,191.883514,-902.70343
-156,180,-810,-155.288101,191.883118,-810.702271
156,180,-810,155.287323,191.883118,-810.701477
248,180,-902,247.287796,191.883118,-902.701965
243,270,-907,242.28624,281.867523,-907.700378
156,180,-810,155.287323,191.883118,-810.701477
243,270,-907,242.28624,281.867523,-907.700378
153,270,-817,152.286469,281.867523,-817.700623
153,270,-817,153.709122,279.70163,-816.294922
243,270,-907,243.710098,279.70163,-906.295898
238,180,-912,238.709427,189.717621,-911.295227
153,270,-817,153.710205,281.780365,-816.296021
238,180,-912,238.709427,191.787704,-911.295227
150,180,-825,150.709152,191.793365,-824.294983
-150,180,-825,-150.712051,194.743469,-824.297913
-238,180,-912,-238.712265,194.743073,-911.298096
-243,270,-907,-243.712112,284.75827,-906.297974
-150,180,-825,-150.711426,191.259308,-824.297241
-243,270,-907,-243.711182,281.271454,-906.296997
-153,270,-817,-153.712067,281.271088,-816.297913
153,270,-817,152.95723,284.766907,-816.000916
150,180,-825,149.95723,194.762054,-824.000916
-150,180,-825,-150.042267,194.762054,-824.000916
153,270,-817,152.95723,284.766907,-816.000916
-150,180,-825,-150.042267,194.762054,-824.000916
-153,270,-817,-153.042267,284.766907,-816.000916
