-1030,-2539,-655,-1030.9646,-2530.82397,-655.263245
-1202,-1479,-730,-1202.9646,-1470.87329,-730.263428
-1505,-949,0,-1505.96558,-940.906799,-0.259871393
-1030,-2539,-655,-1030.95581,-2535.26318,-655.293945
-1505,-949,0,-1505.95581,-945.346924,-0.293749481
-1235,-2539,0,-1235.95581,-2535.26636,-0.293749452
-1069,-2539,617,-1069.61816,-2533.57617,617.78595
-1303,-949,752,-1303.61816,-943.719727,752.78595
-611,-2009,1077,-611.618164,-2003.70312,1077.78601
-1069,-2539,617,-1069.55664,-2536.0105,617.830688
-611,-2009,1077,-611.556641,-2006.04626,1077.83069
-540,-2539,964,-540.553711,-2536.00659,964.832703
1229,-1462,784,1229.74243,-1455.17432,784.6698
1069,-2539,617,1069.74243,-2532.18799,617.6698
628,-2539,1108,628.733459,-2532.15991,1108.67969
1229,-1462,784,1229.73352,-1458.07581,784.679626
628,-2539,1108,628.733948,-2535.11719,1108.6792
818,-1455,1239,818.732544,-1451.09888,1239.68066
1116,-2539,28,1116.98816,-2526.76099,27.8465691
1001,-3600,55,1001.98816,-3587.65747,54.8465691
1141,-3176,659,1141.98816,-3163.6123,658.84668
1543,-935,-59,1543.99707,-931.661255,-58.9235115
1116,-2539,28,1116.99609,-2535.56299,28.0871677
1069,-2539,617,1069.99512,-2535.55469,617.098633
1543,-935,-59,1543.96667,-928.074524,-58.7439957
1069,-2539,617,1069.96948,-2532.16455,617.244873
1229,-1462,784,1229.96948,-1455.13037,784.245056
1069,-2539,-617,1069.99695,-2531.28149,-617.077148
1001,-3600,55,1001.99701,-3592.32715,54.9234924
1116,-2539,28,1116.99707,-2531.25806,27.9235115
1116,-2539,28,1116.96692,-2533.60889,27.7449169
1543,-935,-59,1543.96655,-929.696838,-59.2563705
1375,-933,-716,1375.96948,-927.674316,-716.245117
1116,-2539,28,1116.99707,-2532.15479,27.9235115
1375,-933,-716,1375.99695,-926.028015,-716.076538
1069,-2539,-617,1069.99695,-2532.10742,-617.077026
-1541,56,-889,-1541.71582,60.2608719,-889.698242
-1303,-949,-752,-1303.71582,-944.778931,-752.698059
-752,-949,-1303,-752.71582,-944.778931,-1303.698
-1541,56,-889,-1541.69824,60.0936279,-889.71582
-752,-949,-1303,-752.71582,-944.916199,-1303.69812
-889,59,-1541,-889.71582,63.0645142,-1541.69812
-1202,-1479,-730,-1202.71582,-1473.36523,-730.698181
-1030,-2539,-655,-1030.71582,-2533.30054,-655.698242
-617,-2539,-1069,-617.716187,-2533.27808,-1069.69788
-1202,-1479,-730,-1202.71582,-1475.38953,-730.698181
-617,-2539,-1069,-617.71582,-2535.42432,-1069.69824
-707,-1479,-1225,-707.71582,-1475.38953,-1225.69824
-707,-1479,-1225,-707.262024,-1472.93494,-1225.96497
-127,-2539,-1198,-127.261406,-2532.91821,-1198.96521
-85,-2009,-1300,-85.2544098,-2002.95984,-1300.96704
-707,-1479,-1225,-707.261719,-1473.37366,-1225.96509
-617,-2539,-1069,-617.261719,-2533.36255,-1069.96509
-127,-2539,-1198,-127.25441,-2533.33374,-1198.96704
-889,59,-1541,-889.261719,63.4903297,-1541.96509
-752,-949,-1303,-752.263489,-944.470276,-1303.9646
0,-949,-1505,-0.265009463,-944.450562,-1505.96423
-889,59,-1541,-889.292236,61.1876068,-1541.9563
0,-949,-1505,-0.279127568,-946.812744,-1505.96021
0,-44,-1779,-0.279127568,-41.8316193,-1779.96021
-752,-949,-1303,-752.261719,-942.936523,-1303.96509
-707,-1479,-1225,-707.268555,-1472.92261,-1225.96326
0,-949,-1505,-0.259171873,-942.920715,-1505.96582
-707,-1479,-1225,-707.268555,-1473.44751,-1225.96326
-85,-2009,-1300,-85.2544174,-2003.43237,-1300.96704
0,-949,-1505,-0.265009463,-943.504211,-1505.96423
-659,-3176,-1141,-658.922852,-3172.43701,-1141.99695
-617,-3600,-1069,-616.923523,-3596.43262,-1069.99707
-127,-2539,-1198,-126.923592,-2535.39478,-1198.99707
662,-2009,-1147,662.696289,-2005.40723,-1147.71765
617,-2539,-1069,617.696472,-2535.42432,-1069.71753
1069,-2539,-617,1069.69653,-2535.42432,-617.717468
662,-2009,-1147,662.696777,-2004.32251,-1147.71729
1069,-2539,-617,1069.69629,-2534.24634,-617.717712
1375,-933,-716,1375.69629,-928.326782,-716.717651
0,-44,-1779,0.247816935,-39.2528267,-1779.96875
0,-949,-1505,0.242990986,-944.233948,-1505.96997
752,-949,-1303,752.243958,-944.209595,-1303.96973
0,-44,-1779,0.279293805,-40.8992233,-1779.96021
752,-949,-1303,752.282227,-945.969238,-1303.95923
889,48,-1541,889.27655,51.0838165,-1541.96094
0,-949,-1505,0.204990909,-942.888306,-1505.97876
-85,-2009,-1300,-84.8076553,-2002.94812,-1300.98132
662,-2009,-1147,662.195312,-2002.96338,-1147.98071
0,-949,-1505,0.259171873,-942.920715,-1505.96582
662,-2009,-1147,662.257812,-2002.90796,-1147.96619
752,-949,-1303,752.25531,-942.935791,-1303.9668
889,48,-1541,889.697327,51.2430916,-1541.71667
1463,-499,-784,1463.69629,-495.686798,-784.717651
1541,0,-889,1541.69678,3.2926178,-889.717285
889,48,-1541,889.696289,51.5135345,-1541.71765
752,-949,-1303,752.69635,-945.485779,-1303.71765
1375,-933,-716,1375.69641,-929.532043,-716.71759
889,48,-1541,889.696472,52.1452713,-1541.71753
1375,-933,-716,1375.69629,-928.80072,-716.717712
1463,-499,-784,1463.69629,-494.825867,-784.717712
752,-949,-1303,752.69635,-942.458374,-1303.71765
662,-2009,-1147,662.67926,-2002.50244,-1147.73389
1375,-933,-716,1375.67773,-926.514282,-716.735168
818,-1455,1239,818.200195,-1448.70447,1239.97974
-55,-2539,1230,-54.788681,-2532.72681,1230.97742
-37,-2009,1322,-36.788681,-2002.70923,1322.97742
818,-1455,1239,818.168945,-1448.05969,1239.9856
628,-2539,1108,628.174988,-2532.04224,1108.9845
-55,-2539,1230,-54.8287621,-2532.00366,1230.98523
-1303,-949,752,-1303.96667,-941.830322,752.255859
-1069,-2539,617,-1069.9646,-2531.98755,617.263367
-1235,-2539,0,-1235.96851,-2532.03125,0.248772293
-1303,-949,752,-1303.9657,-943.579041,752.259583
-1235,-2539,0,-1235.96851,-2533.4873,0.248681039
-1505,-949,0,-1505.96851,-943.526978,0.248681039
1541,0,-889,1541.96265,2.51687241,-889.270386
1463,-499,-784,1463.96301,-496.494537,-784.269409
1637,-500,-141,1637.96277,-497.509033,-141.270325
1541,0,-889,1541.96509,3.33830953,-889.261902
1637,-500,-141,1637.9646,-496.6315,-141.263428
1719,0,-222,1719.96265,3.3725071,-222.270615
1543,-935,-59,1543.98718,-931.553894,-59.1592598
1779,0,0,1779.98914,3.47062802,-0.146337003
1637,-500,-141,1637.98914,-496.538116,-141.146667
1779,0,0,1779.96558,4.09795046,-0.259834588
1719,0,-222,1719.96265,4.09236431,-222.270737
1637,-500,-141,1637.96265,-495.92215,-141.270584
1779,0,0,1779.96558,4.05903482,0.259842217
1543,-935,-59,1543.96362,-930.943054,-58.7327385
1719,0,222,1719.96753,4.06485319,222.252594
1543,-935,-59,1543.96655,-931.51532,-58.7436905
1298,-1002,828,1298.96997,-998.551331,828.243164
1541,-39,889,1541.96948,-35.5470352,889.245056
1543,-935,-59,1543.96704,-933.078735,-58.7453804
1541,-39,889,1541.97046,-37.0194321,889.241211
1719,0,222,1719.96753,1.97309577,222.252609
1543,-935,-59,1543.96362,-931.148621,-58.7327385
1229,-1462,784,1229.96948,-1458.04138,784.244995
1298,-1002,828,1298.9646,-998.077332,828.263672
1001,-3600,55,1001.99207,-3591.72534,54.8745193
1068,-3600,617,1068.99316,-3591.76001,616.883301
1141,-3176,659,1141.99304,-3167.78687,658.882812
1541,-39,889,1541.69824,-36.2578812,889.71582
1298,-1002,828,1298.69629,-999.269531,828.71759
822,-998,1301,822.69635,-995.269653,1301.71765
1541,-39,889,1541.73157,-36.4582481,889.68158
822,-998,1301,822.732788,-995.432129,1301.68042
889,-149,1541,889.715942,-146.445129,1541.69812
889,-149,1541,889.222778,-144.190857,1541.97485
822,-998,1301,822.213867,-993.173279,1301.97681
0,-949,1505,0.214026064,-944.169922,1505.97681
889,-149,1541,889.213867,-144.989929,1541.97681
0,-949,1505,0.231381848,-944.921143,1505.97278
0,-56,1779,0.231937379,-51.9446678,1779.97266
822,-998,1301,822.239258,-994.343384,1301.97095
818,-1455,1239,818.222656,-1451.31311,1239.97485
0,-949,1505,0.230990961,-945.341858,1505.9729
818,-1455,1239,818.205383,-1449.03528,1239.97864
-37,-2009,1322,-36.7798424,-2002.9762,1322.97546
0,-949,1505,0.206041738,-943.064819,1505.97852
676,-3176,1204,675.911743,-3170.64893,1204.99609
637,-3600,1143,636.911743,-3594.63501,1143.99609
-55,-2539,1230,-55.0979462,-2533.69556,1230.99512
637,-3600,1143,637.098328,-3533.49878,1143.99512
-108,-3600,1224,-107.900604,-3532.49048,1224.995
-55,-2539,1230,-54.9006042,-2471.23755,1230.995
-1541,-96,889,-1541.9646,-94.6302032,889.263672
-1422,-474,821,-1422.96558,-472.639679,821.259766
-1642,-474,0,-1642.96851,-472.614227,0.248649165
-1541,-96,889,-1541.96948,-94.1753845,889.244995
-1642,-474,0,-1642.96851,-472.206909,0.248804629
-1779,-96,0,-1779.96558,-94.1945953,0.25980705
-889,0,1541,-889.678955,4.09392262,1541.73413
-1422,-474,821,-1422.67773,-469.909149,821.735229
-1541,-96,889,-1541.67871,-91.8994141,889.734314
-889,0,1541,-889.714844,3.13258743,1541.6991
-752,-949,1303,-752.71582,-945.849976,1303.69812
-1303,-949,752,-1303.71582,-945.849976,752.698059
-889,0,1541,-889.714172,3.2153039,1541.69995
-1303,-949,752,-1303.71582,-945.802185,752.69812
-1422,-474,821,-1422.71582,-470.805115,821.698059
-752,-949,1303,-752.71582,-944.555359,1303.69824
-611,-2009,1077,-611.71582,-2004.53223,1077.69812
-1303,-949,752,-1303.70703,-944.555359,752.707031
-540,-2539,964,-540.377136,-2529.40649,964.926147
-466,-3600,863,-466.374603,-3590.56348,863.927185
-1070,-3600,617,-1070.3783,-3590.50439,617.925659
-1779,-96,0,-1779.95581,-93.7074127,-0.293775201
-1642,-474,0,-1642.95581,-471.693817,-0.293775201
-1541,56,-889,-1541.95081,58.2890816,-889.309387
-1642,-474,0,-1642.96948,-471.047943,-0.244955286
-1505,-949,0,-1505.96948,-946.075745,-0.244955271
-1303,-949,-752,-1303.9657,-946.057068,-752.259644
-1642,-474,0,-1642.9657,-470.742157,-0.259649485
-1303,-949,-752,-1303.9646,-945.745667,-752.263672
-1541,56,-889,-1541.9646,59.194664,-889.263611
-1505,-949,0,-1505.9657,-943.24408,-0.259579837
-1202,-1479,-730,-1202.96948,-1473.14624,-730.244934
-1303,-949,-752,-1303.9646,-943.185974,-752.263428
-1235,-3600,0,-1235.94812,-3597.07544,-0.317777932
-1003,-3600,-679,-1003.94794,-3597.0918,-679.318359
-1083,-3176,-714,-1083.948,-3173.11621,-714.318176
0,-56,1779,-0.258009553,-51.9296722,1779.96606
0,-949,1505,-0.258009553,-944.887146,1505.96606
-752,-949,1303,-752.261719,-944.896179,1303.96509
0,-56,1779,-0.292009115,-53.0693817,1779.9563
-752,-949,1303,-752.28241,-946.084229,1303.95923
-889,0,1541,-889.282227,2.94200301,1541.95923
0,-949,1505,-0.391661257,-941.456482,1505.92004
-37,-2009,1322,-37.4032593,-2001.3468,1322.91504
-611,-2009,1077,-611.402344,-2001.31787,1077.91541
0,-949,1505,-0.265009463,-944.815674,1505.96423
-611,-2009,1077,-611.26178,-2004.84851,1077.96509
-752,-949,1303,-752.261719,-944.797363,1303.96509
-55,-2539,1230,-55.4813766,-2526.34424,1230.87646
-466,-3600,863,-466.479523,-3587.31958,863.877502
-540,-2539,964,-540.488281,-2526.35986,964.872681
-1422,-474,821,-1422.81873,-431.141113,821.574036
-1490,-736,715,-1490.8186,-693.144531,715.574219
-1533,-577,660,-1533.82312,-534.080872,660.56781
-1422,-474,821,-1422.46716,-468.550171,821.884155
-1303,-949,752,-1303.4668,-943.55658,752.884277
-1490,-736,715,-1490.4668,-730.550964,715.884216
-1303,-949,752,-1303.64453,-946.07959,752.764465
-1483,-896,632,-1483.64453,-893.077332,632.764465
-1490,-736,715,-1490.63867,-733.079712,715.769409
-1584,-896,233,-1584.96753,-894.820984,232.747253
-1505,-949,0,-1505.96875,-947.819702,-0.247971624
-1631,-736,160,-1631.97534,-734.829163,159.77948
-1505,-949,0,-1505.92566,-943.586548,-0.378344029
-1642,-474,0,-1642.92566,-468.569183,-0.378344059
-1631,-736,160,-1631.92847,-730.588135,159.628586
-1642,-474,0,-1642.99902,-453.474304,-0.0431102142
-1643,-577,226,-1643.99902,-556.467224,225.955826
-1631,-736,160,-1631.9989,-715.470276,159.955719
-1303,-949,-752,-1303.9646,-942.629517,-751.736328
-1202,-1479,-730,-1202.9646,-1472.58459,-729.736328
-1287,-1267,-901,-1287.9657,-1260.61365,-900.740356
-1202,-1479,-730,-1202.99707,-1477.47449,-730.076172
-1209,-1426,-940,-1209.99695,-1424.4801,-940.076904
-1287,-1267,-901,-1287.99695,-1265.47266,-901.076965
-919,-1426,-1232,-919.087219,-1423.17749,-1232.99609
-707,-1479,-1225,-707.075562,-1476.17639,-1225.99707
-883,-1267,-1308,-883.098083,-1264.16968,-1308.99512
-707,-1479,-1225,-706.688354,-1466.4845,-1225.9502
-752,-949,-1303,-751.690613,-936.493042,-1303.95093
-883,-1267,-1308,-882.690613,-1254.48926,-1308.95093
1463,-499,-784,1463.22266,-492.982269,-784.974854
1375,-933,-716,1375.224,-926.972473,-716.974548
1552,-736,-715,1552.21387,-729.969849,-715.976746
1375,-933,-716,1375.52637,-930.380676,-716.850098
1547,-896,-628,1547.52759,-893.386841,-628.849487
1552,-736,-715,1552.52661,-733.380371,-715.850098
1655,-896,-231,1655.87708,-893.005798,-230.519653
1543,-935,-59,1543.87976,-932.00592,-58.5245857
1702,-736,-162,1702.88037,-733.005737,-161.525726
1298,-1002,828,1298.88843,-993.623962,827.541016
1229,-1462,784,1229.88647,-1453.6731,783.537231
1313,-1267,912,1313.88403,-1258.64233,911.532593
1229,-1462,784,1229.99902,-1458.82788,784.041809
1238,-1426,949,1238.99902,-1422.82458,949.041992
1313,-1267,912,1313.99902,-1263.83008,912.043762
948,-1426,1241,948.086975,-1423.9259,1241.99609
818,-1455,1239,818.087891,-1452.92493,1239.99609
910,-1267,1319,910.076111,-1264.93042,1319.99707
818,-1455,1239,817.472595,-1445.63745,1239.84961
822,-998,1301,821.472412,-988.635437,1301.84949
910,-1267,1319,909.472595,-1257.6217,1319.84961
-85,-2009,-1300,-85.8124619,-1983.33594,-1300.58301
-127,-2539,-1198,-127.807686,-2513.25049,-1198.5896
-4,-2327,-1383,-4.80046844,-2301.27637,-1383.59937
-127,-2539,-1198,-127.495598,-2536.14209,-1198.86853
72,-2486,-1340,71.5027237,-2483.13721,-1340.86755
-4,-2327,-1383,-4.49007416,-2324.13623,-1383.87158
476,-2486,-1263,476.742523,-2484.75342,-1263.6698
617,-2539,-1069,617.751038,-2537.75854,-1069.66016
559,-2327,-1276,559.74353,-2325.75439,-1276.6687
617,-2539,-1069,617.914612,-2528.67114,-1069.40417
662,-2009,-1147,662.914612,-1998.63928,-1147.40417
559,-2327,-1276,559.914612,-2316.66846,-1276.4043
-37,-2009,1322,-36.1334152,-1996.43115,1322.49902
-55,-2539,1230,-54.1334152,-2526.45337,1230.49902
-125,-2327,1403,-124.133415,-2314.42993,1403.49902
-55,-2539,1230,-54.4828339,-2537.05298,1230.85571
-182,-2486,1341,-181.473969,-2484.05347,1341.85046
-125,-2327,1403,-124.487839,-2325.05005,1403.85889
-542,-2486,1143,-542.99115,-2484.39185,1143.13269
-540,-2539,964,-540.991028,-2537.39673,964.13269
-628,-2327,1128,-628.989075,-2325.38965,1128.14648
-540,-2539,964,-540.885071,-2511.61743,963.534546
-611,-2009,1077,-611.886658,-1981.96594,1076.5376
-628,-2327,1128,-628.893188,-2299.78174,1127.55042
1141,-3176,659,1141.87683,-3164.25391,658.519226
1068,-3600,617,1068.87646,-3588.25684,616.518555
1190,-3388,795,1190.87671,-3376.22314,794.518982
1068,-3600,617,1068.99609,-3597.04907,616.911743
1114,-3547,831,1114.995,-3544.05591,830.900391
1190,-3388,795,1190.99512,-3385.05151,794.901306
825,-3547,1123,825.222656,-3545.85327,1123.97485
637,-3600,1143,637.222717,-3598.85425,1143.97485
786,-3388,1202,786.222656,-3386.85181,1202.97485
637,-3600,1143,636.784241,-3592.95654,1143.97644
676,-3176,1204,675.775391,-3169.00513,1204.97437
786,-3388,1202,785.785889,-3380.98486,1202.97681
-1083,-3176,-714,-1083.71301,-3155.81665,-713.298889
-1003,-3600,-679,-1003.71399,-3579.73706,-678.299866
-1144,-3388,-798,-1144.7168,-3367.78076,-797.302734
-1003,-3600,-679,-1003.97833,-3597.93799,-678.792969
-1066,-3547,-837,-1066.98035,-3544.93677,-836.802734
-1144,-3388,-798,-1144.97839,-3385.94092,-797.793274
-776,-3547,-1129,-775.8125,-3544.35522,-1129.98218
-617,-3600,-1069,-616.8125,-3597.34863,-1069.98218
-740,-3388,-1205,-739.8125,-3385.36011,-1205.98218
-617,-3600,-1069,-616.299866,-3587.69629,-1069.71399
-659,-3176,-1141,-658.302856,-3163.74805,-1141.71692
-740,-3388,-1205,-739.301758,-3375.67334,-1205.71582
-1490,-736,715,-1489.69116,-733.883362,715.951111
-1483,-896,632,-1482.69043,-893.879272,632.950867
-2782,-949,1024,-2781.69214,-946.85968,1024.95142
-1631,-736,160,-1631.17773,-733.891174,159.01593
-2918,-949,491,-2918.17798,-946.867371,490.015991
-1584,-896,233,-1584.1781,-893.889832,232.015991
1547,-896,-628,1546.66052,-894.016357,-628.940613
2835,-949,-1060,2834.65942,-947.052795,-1060.94019
1552,-736,-715,1551.65918,-734.019531,-715.940125
2979,-949,-529,2979.20605,-947.197815,-528.021484
1655,-896,-231,1655.1936,-894.208069,-230.018921
1702,-736,-162,1702.19336,-734.205933,-161.018875
-1066,-3547,-837,-1066.65137,-3545.90283,-836.241272
-2084,-3600,-1736,-2084.65869,-3598.91528,-1735.24768
-1144,-3388,-798,-1144.6582,-3386.90625,-797.247192
-1697,-3600,-2127,-1696.25586,-3598.41064,-2127.66797
-776,-3547,-1129,-775.254944,-3545.41211,-1129.66699
-740,-3388,-1205,-739.254944,-3386.41724,-1205.66699
1190,-3388,795,1190.6582,-3385.44092,794.247192
1114,-3547,831,1114.65137,-3544.43677,830.241272
2120,-3600,1744,2120.6582,-3597.44434,1743.24719
786,-3388,1202,785.235474,-3385.34668,1202.64453
1732,-3600,2134,1731.23572,-3597.34058,2134.64478
825,-3547,1123,824.236877,-3544.34424,1123.64624
767,-2539,-2541,767.969421,-2537.53882,-2540.75488
476,-2486,-1263,476.971619,-2484.54053,-1262.76367
559,-2327,-1276,559.969604,-2325.54102,-1275.75537
72,-2486,-1340,71.0038757,-2484.40161,-1340.08789
227,-2539,-2644,226.004028,-2537.42725,-2644.0896
-4,-2327,-1383,-4.99585485,-2325.40601,-1383.08984
-628,-2327,1128,-628.833252,-2325.72607,1127.44727
-1263,-2539,2294,-1263.82959,-2537.6897,2293.44165
-542,-2486,1143,-542.844421,-2484.72461,1142.46436
-125,-2327,1403,-124.096565,-2326.01318,1403.42871
-182,-2486,1341,-181.097031,-2485.021,1341.42969
-781,-2539,2559,-780.095215,-2538.00659,2559.42578
910,-1267,1319,909.241882,-1265.41296,1319.6521
1856,-1479,2252,1855.24146,-1477.36304,2252.65161
948,-1426,1241,947.247375,-1424.41199,1241.65845
1313,-1267,912,1313.65869,-1265.9408,911.24762
1238,-1426,949,1238.65991,-1424.93787,948.248657
2243,-1479,1861,2243.65161,-1477.92798,1860.24146
-1840,-1479,-2230,-1839.255,-1477.06763,-2230.66699
-919,-1426,-1232,-918.254944,-1424.06909,-1232.66699
-883,-1267,-1308,-882.254944,-1265.07422,-1308.66699
-1209,-1426,-940,-1209.65894,-1424.78809,-939.247803
-2227,-1479,-1840,-2227.6521,-1477.81372,-1839.24194
-1287,-1267,-901,-1287.64465,-1265.78638,-900.235535
-1038,535,1797,-1038.66882,536.533875,1797.74341
-889,0,1541,-889.677734,1.53256547,1541.73523
-1541,-96,889,-1541.66711,-94.4537506,889.744934
-1038,535,1797,-1038.61328,536.054016,1797.78979
-1541,-96,889,-1541.59375,-94.9523926,889.804504
-1797,305,1038,-1797.5863,306.033142,1038.81006
-2054,0,1186,-2053.30225,2.24695683,1185.28369
-1186,0,2054,-1185.30225,2.24695683,2053.28369
-1038,535,1797,-1037.30176,537.227295,1796.28418
-2054,0,1186,-2053.16772,0.520618439,1185.44568
-1038,535,1797,-1037.16943,535.527832,1796.44312
-1797,305,1038,-1796.16931,305.526825,1037.44336
-1779,-96,0,-1779.98035,-93.8164368,0.196759507
-2075,305,0,-2075.98438,307.171448,0.175966918
-1936,257,519,-1936.98254,259.167908,519.185974
-1541,-96,889,-1541.9696,-94.9320297,889.244568
-1779,-96,0,-1779.9696,-94.9194183,0.244487599
-1936,257,519,-1936.9696,258.077484,519.244629
-1797,305,1038,-1797.94812,305.658081,1038.31787
-1541,-96,889,-1541.95081,-95.3383713,889.309387
-1936,257,519,-1936.94788,257.672241,519.318359
-2054,0,1186,-2053.01758,1.48481679,1185.81335
-1797,305,1038,-1796.01746,306.486267,1037.81409
-1936,257,519,-1935.01758,258.491516,518.813354
-2372,0,0,-2371.05884,0.87425077,-0.337910533
-1936,257,519,-1935.0592,257.874542,518.661072
-2075,305,0,-2074.06152,305.867828,-0.345283151
-1779,-96,0,-1779.93164,-94.9014435,-0.363349885
-1541,56,-889,-1541.93616,57.0863266,-889.351379
-1797,486,-1038,-1797.93164,487.098145,-1038.36328
-2075,305,0,-2075.92749,306.33316,-0.373720944
-1779,-96,0,-1779.92786,-94.6772919,-0.372917652
-1797,486,-1038,-1797.93127,487.313446,-1038.36401
-2372,0,0,-2371.00684,0.705819547,0.115900598
-2075,305,0,-2074.00586,305.702667,0.107186273
-1797,486,-1038,-1796.00574,486.723267,-1037.89307
-2054,0,-1186,-2053.03516,2.5489819,-1185.73718
-2372,0,0,-2371.03418,2.55066419,0.259089231
-1797,486,-1038,-1796.03503,488.547485,-1037.73767
-1797,486,-1038,-1797.70642,486.662811,-1038.70776
-1541,56,-889,-1541.71582,56.6587677,-889.697998
-889,59,-1541,-889.711975,59.6754189,-1541.70215
-1186,0,-2054,-1185.2998,2.0082345,-2053.28613
-2054,0,-1186,-2053.30176,2.0082345,-1185.28418
-1797,486,-1038,-1796.30176,488.008179,-1037.28418
-1186,0,-2054,-1185.42883,0.496100724,-2053.1792
-1797,486,-1038,-1796.41895,486.513306,-1037.18616
-1038,305,-1797,-1037.42578,305.499023,-1796.1814
0,-44,-1779,-0.227304056,-42.43367,-1779.97375
0,305,-2075,-0.227009609,306.565887,-2075.97388
-519,289,-1936,-519.243164,290.561188,-1936.96985
-1186,0,-2054,-1185.75586,1.56704557,-2053.03027
-1038,305,-1797,-1037.77563,306.575562,-1796.02551
-519,289,-1936,-518.777161,290.580688,-1935.02515
0,0,-2372,0.272293538,1.07166743,-2371.03784
-519,289,-1936,-518.717407,290.073181,-1935.04077
0,305,-2075,0.278990626,306.068939,-2074.03979
0,-44,-1779,0.313063443,-42.8864174,-1779.94971
889,48,-1541,889.311035,49.0982552,-1541.95032
1038,505,-1797,1038.31055,506.109375,-1797.95044
0,305,-2075,0.392095089,306.094543,-2075.91992
0,-44,-1779,0.385062009,-42.9044189,-1779.92285
1038,505,-1797,1038.38879,506.082672,-1797.92126
0,0,-2372,-0.0882951766,1.60156357,-2371.00391
0,305,-2075,-0.0755296126,306.60495,-2074.00293
1038,505,-1797,1037.92358,506.589386,-1796.00293
1186,0,-2054,1185.73718,2.52691579,-2053.03516
0,0,-2372,-0.24792634,2.56377077,-2371.03125
1038,505,-1797,1037.72974,507.540009,-1796.03723
1038,505,-1797,1038.67773,506.678345,-1797.73523
889,48,-1541,889.677734,49.6843338,-1541.73523
1541,0,-889,1541.67834,1.66294003,-889.734741
1038,505,-1797,1038.58606,506.212036,-1797.81018
1541,0,-889,1541.57227,1.20523083,-889.819946
1797,305,-1038,1797.57349,306.204865,-1038.81921
2054,0,-1186,2053.28418,1.91382432,-1185.30176
1186,0,-2054,1185.28711,1.91382432,-2053.29883
1038,505,-1797,1037.28918,506.911041,-1796.29663
2054,0,-1186,2053.16772,1.44742119,-1185.44568
1038,505,-1797,1037.16748,506.444122,-1796.44604
1797,305,-1038,1796.1676,306.442688,-1037.44592
1719,0,-222,1719.83948,0.38840127,-222.543289
2006,305,-259,2006.8501,305.384094,-259.52655
1902,445,-649,1902.84253,445.395355,-649.538574
1541,0,-889,1541.9646,1.5606643,-889.263672
1719,0,-222,1719.96289,1.55255461,-222.269791
1902,445,-649,1902.9646,446.550934,-649.263672
1797,305,-1038,1797.99902,306.380341,-1037.95593
1541,0,-889,1541.99915,1.38633549,-888.958679
1902,445,-649,1902.99915,446.383545,-648.959961
2054,0,-1186,2053.16992,1.77425408,-1185.44238
1797,305,-1038,1796.16956,306.767731,-1037.44299
1902,445,-649,1901.17834,446.761871,-648.430054
2293,0,-296,2292.03198,0.795957386,-295.749146
2054,0,-1186,2053.03418,0.822143197,-1185.74084
1902,445,-649,1901.03491,445.808624,-648.738098
2293,0,-296,2292.00195,1.07101822,-296.061401
1902,445,-649,1901.00195,446.06488,-649.060547
2006,305,-259,2005.00195,306.067719,-259.061401
1541,-39,889,1541.99902,-37.3280411,889.043518
1797,305,1038,1797.99902,306.672913,1038.04297
1902,417,649,1902.99902,418.662476,649.041565
1541,-39,889,1541.96277,-37.7106438,889.270081
1902,417,649,1902.96277,418.274963,649.270142
1954,417,454,1954.96777,418.270599,454.25177
1719,0,222,1719.97388,1.24922359,222.226974
1541,-39,889,1541.97351,-37.7717857,889.228516
1954,417,454,1954.97534,418.254089,454.220581
1719,0,222,1719.74524,1.08226669,222.666702
1954,417,454,1954.74707,418.092194,454.664734
2006,305,259,2006.75537,306.093048,259.655273
2293,0,296,2292.03125,0.711811364,296.247894
2006,305,259,2005.03003,305.701935,259.24295
1954,417,454,1953.02832,417.698883,454.236176
2054,0,1186,2053.0293,2.01309085,1185.75977
2293,0,296,2292.03125,2.0206368,295.751984
1954,417,454,1953.03198,419.011993,453.749146
2054,0,1186,2053.0293,0.881750464,1185.75977
1954,417,454,1953.03113,417.904968,453.752441
1902,417,649,1901.03027,417.899994,648.755859
2054,0,1186,2053.13525,0.483655661,1185.4978
1902,417,649,1901.13123,417.465576,648.504822
1797,305,1038,1796.13123,305.473572,1037.50488
1797,305,1038,1797.76794,306.226074,1038.64038
1541,-39,889,1541.7677,-37.7739639,889.640625
889,-149,1541,889.772522,-147.755997,1541.63477
1797,305,1038,1797.66797,307.573395,1038.74414
889,-149,1541,889.679382,-146.428467,1541.73376
1038,360,1797,1038.6781,362.589996,1797.73486
1186,0,2054,1185.28271,0.799654603,2053.30322
2054,0,1186,2053.28247,0.799654603,1185.30359
1797,305,1038,1796.28271,305.80011,1037.30322
1186,0,2054,1185.26538,1.0527035,2053.32153
1797,305,1038,1796.25513,306.078766,1037.33289
1038,360,1797,1037.255,361.058716,1796.33301
0,-56,1779,0.123528935,-54.3414001,1779.99231
0,360,2075,0.124646842,361.670044,2075.99219
519,263,1936,519.130859,264.654755,1936.99133
889,-149,1541,889.176025,-147.525925,1541.98438
0,-56,1779,0.17503725,-54.5391846,1779.9845
519,263,1936,519.185608,264.477386,1936.98254
1038,360,1797,1038.34692,361.207367,1797.93787
889,-149,1541,889.362488,-147.775879,1541.93188
519,263,1936,519.347595,264.211304,1936.93762
1186,0,2054,1185.8833,0.864974856,2053.00684
1038,360,1797,1037.86865,360.87558,1796.00867
519,263,1936,518.867188,263.871429,1935.00891
0,0,2372,-0.400461018,1.61463702,2371.08374
519,263,1936,518.609375,264.606812,1935.07947
0,360,2075,-0.400007725,361.61554,2074.0835
0,-56,1779,-0.298437744,-53.3913307,1779.95435
-889,0,1541,-889.3078,2.63449907,1541.95142
-1038,535,1797,-1038.29785,537.623901,1797.95459
0,360,2075,-0.357008278,361.757965,2075.93408
0,-56,1779,-0.377014458,-54.2500839,1779.92615
-1038,535,1797,-1038.36731,536.750305,1797.93005
0,0,2372,0.131558686,1.61556518,2371.00879
0,360,2075,0.131558672,361.622528,2074.00879
-1038,535,1797,-1037.87622,536.620728,1796.00769
0,0,2372,0.246990994,2.70148826,2371.03101
-1038,535,1797,-1037.73633,537.679688,1796.0354
-1186,0,2054,-1185.74084,2.66400003,2053.03418
1719,0,-222,1719.34692,2.78606939,-222.937866
2041,56,-130,2041.33105,58.7872505,-130.943604
2006,305,-259,2006.3479,307.792206,-259.937531
2293,0,-296,2292.37036,1.2115401,-296.776886
2006,305,-259,2005.37476,306.214325,-259.780426
2041,56,-130,2040.37903,57.2087288,-130.783752
1719,0,222,1719.34387,2.78606939,222.939011
2006,305,259,2006.34424,307.792206,259.938873
2041,56,130,2041.34375,58.7874031,130.939056
2293,0,296,2292.38281,1.2115401,296.786804
2041,56,130,2040.36682,57.2087288,130.774002
2006,305,259,2005.37476,306.214325,259.780426
6190,185,-572,6189.49609,247.772095,-571.136292
6044,160,-656,6043.49609,222.637268,-655.136292
6071,1277,-622,6070.49121,1339.68799,-621.13916
6190,185,-572,6189.51855,300.695587,-571.123535
6071,1277,-622,6070.50391,1392.07178,-621.131775
6190,1277,-556,6189.51855,1392.24329,-555.123535
6190,1277,-556,6189.00098,1281.21033,-555.957031
6156,1441,-537,6155.00049,1445.21069,-536.972656
6158,1441,-439,6157.00049,1445.20593,-438.969757
6190,1277,-556,6189.00098,1283.49109,-555.964844
6158,1441,-439,6157.00049,1447.48181,-438.984863
6192,1277,-420,6191.00049,1283.49353,-419.968781
6192,1277,-420,6191.48047,1282.83533,-420.85434
6158,1441,-439,6157.49219,1446.82483,-439.86142
6074,1441,-389,6073.47559,1446.81628,-389.851379
6192,1277,-420,6191.48047,1281.45667,-420.85434
6074,1441,-389,6073.4707,1445.4552,-389.848358
6075,1277,-350,6074.47559,1281.45056,-350.851349
6192,185,-400,6191.48047,225.002823,-400.854401
6192,1277,-420,6191.46582,1316.8374,-420.845367
6075,1277,-350,6074.47559,1316.85291,-350.851288
6192,185,-400,6191.4707,233.14418,-400.848328
6075,1277,-350,6074.46582,1324.10718,-350.845306
6048,161,-312,6047.46582,209.056351,-312.845306
6075,1277,-350,6075.47363,1281.62537,-350.880707
6074,1441,-389,6074.48828,1445.63867,-389.87262
5988,1441,-437,5988.48828,1445.64111,-437.872589
6075,1277,-350,6075.46973,1281.45959,-350.882751
5988,1441,-437,5988.47168,1445.46057,-437.881744
5956,1277,-416,5956.47363,1281.45593,-416.880646
6048,161,-312,6048.46777,180.562546,-312.883636
6075,1277,-350,6075.47363,1296.59033,-350.880707
5956,1277,-416,5956.48438,1296.57263,-416.874603
6048,161,-312,6048.50586,188.727783,-312.86261
5956,1277,-416,5956.49707,1305.0072,-416.867645
5902,136,-396,5902.49756,163.731674,-396.867218
5956,1277,-416,5956.99902,1282.52698,-416.042267
5988,1441,-437,5988.99902,1446.52197,-437.042267
5987,1441,-534,5987.99902,1446.5144,-534.042969
5956,1277,-416,5956.99902,1283.42871,-416.042267
5987,1441,-534,5987.99902,1447.42566,-534.042969
5954,1277,-552,5954.99902,1283.41626,-552.042969
5902,136,-396,5902.99902,156.285538,-396.042267
5956,1277,-416,5956.99902,1297.47107,-416.042267
5954,1277,-552,5954.99902,1297.45044,-552.042969
5902,136,-396,5902.99902,160.824112,-396.042267
5954,1277,-552,5954.99902,1301.55615,-552.042969
5900,136,-568,5900.99902,160.875916,-568.042969
5954,1277,-552,5954.50732,1281.50269,-551.138306
5987,1441,-534,5987.50195,1445.50146,-533.135132
6071,1441,-585,6071.50684,1445.50647,-584.138
5954,1277,-552,5954.51172,1283.75024,-551.140869
6071,1441,-585,6071.52148,1447.74646,-584.14679
6071,1277,-622,6071.52246,1283.74243,-621.147339
5900,136,-568,5900.50195,166.724319,-567.135132
5954,1277,-552,5954.50195,1307.43567,-551.135132
6071,1277,-622,6071.50781,1307.44238,-621.13855
5900,136,-568,5900.52686,160.716614,-567.150085
6071,1277,-622,6071.5166,1301.68176,-621.143799
6044,160,-656,6044.52246,184.709549,-655.147339
6156,1441,-537,6155.51855,1445.26868,-536.123535
6190,1277,-556,6189.50342,1281.27612,-555.132019
6071,1277,-622,6070.49609,1281.27124,-621.136292
6156,1441,-537,6155.49609,1446.90833,-536.136292
6071,1277,-622,6070.49609,1282.89685,-621.136292
6071,1441,-585,6070.49609,1446.9071,-584.136292
6071,1441,-585,6071.51172,1444.0531,-584.140869
5987,1441,-534,5987.52637,1444.05676,-533.14978
6073,1708,-476,6073.51074,1711.05188,-475.140289
5987,1441,-534,5987.99902,1445.4906,-534.042969
5988,1441,-437,5988.99902,1445.48743,-437.042267
6073,1708,-476,6073.99902,1712.49268,-476.042267
5988,1441,-437,5988.48438,1446.09448,-437.874695
6074,1441,-389,6074.47168,1446.0918,-389.881714
6073,1708,-476,6073.48828,1713.08826,-476.872559
6074,1441,-389,6073.49219,1442.80737,-389.861359
6158,1441,-439,6157.48096,1442.80652,-439.854492
6073,1708,-476,6072.47754,1709.80005,-476.852661
6158,1441,-439,6157.00049,1445.28442,-438.969757
6156,1441,-537,6155.00049,1445.28113,-536.972656
6073,1708,-476,6072.00098,1712.28052,-475.958679
6156,1441,-537,6155.50977,1444.54077,-536.128418
6071,1441,-585,6070.50488,1444.54077,-584.131226
6073,1708,-476,6072.49707,1711.5387,-475.135681
6192,185,395,6191.4873,262.564545,395.85849
6035,159,305,6034.49414,236.510422,305.862335
6063,1277,341,6062.50098,1354.40576,341.866577
6192,185,395,6191.50342,240.650879,395.867798
6063,1277,341,6062.50098,1333.8158,341.866516
6190,1277,412,6189.50098,1333.7821,412.866516
6190,1277,412,6189.00098,1281.81238,412.033447
6154,1441,432,6153.00049,1445.81689,432.026276
6156,1441,537,6155.00098,1445.8125,537.034607
6190,1277,412,6189.00098,1282.03345,412.03302
6156,1441,537,6155.00098,1446.04968,537.040588
6192,1277,558,6191.00098,1282.0426,558.033142
6192,1277,558,6191.48633,1280.80078,557.142029
6156,1441,537,6155.47266,1444.79578,536.150391
6065,1441,591,6064.46875,1444.79468,590.152832
6192,1277,558,6191.47168,1283.2666,557.151001
6065,1441,591,6064.49414,1447.27795,590.13739
6067,1277,632,6066.47217,1283.27112,631.150696
6194,186,579,6193.48145,223.183426,578.144958
6192,1277,558,6191.49609,1314.65454,557.136292
6067,1277,632,6066.47656,1314.72437,631.147949
6194,186,579,6193.47168,257.146149,578.151001
6067,1277,632,6066.47168,1348.84705,631.151001
6040,160,673,6039.47656,231.189072,672.147949
6067,1277,632,6067.49512,1280.35938,631.131226
6065,1441,591,6065.49512,1444.3656,590.131226
5974,1441,539,5974.48828,1444.3645,538.127319
6067,1277,632,6067.47949,1282.7511,631.122498
5974,1441,539,5974.47949,1446.74902,538.122498
5940,1277,561,5940.47998,1282.74548,560.122742
6040,160,673,6040.48828,174.807205,672.127319
6067,1277,632,6067.47949,1291.73474,631.122498
5940,1277,561,5940.47949,1291.72363,560.122498
6040,160,673,6040.48828,187.949921,672.127319
5940,1277,561,5940.49512,1304.7821,560.131226
5884,133,583,5884.49512,160.91748,582.131226
5940,1277,561,5940.99902,1279.68359,560.955872
5974,1441,539,5974.99902,1443.67444,538.955872
5973,1441,434,5973.99902,1443.66724,433.955841
5940,1277,561,5940.99902,1283.79004,560.955872
5973,1441,434,5973.99902,1447.78149,433.955841
5938,1277,415,5938.99902,1283.78772,414.955841
5884,133,583,5884.99902,148.593842,582.955872
5940,1277,561,5940.99902,1292.23608,560.955872
5938,1277,415,5938.99902,1292.2063,414.955841
5884,133,583,5884.99902,149.816345,582.955872
5938,1277,415,5938.99902,1293.84656,414.955841
5882,133,399,5882.99902,149.846405,398.955841
5938,1277,415,5938.49707,1280.66663,415.867676
5973,1441,434,5973.49707,1444.65381,434.867645
6063,1441,381,6063.50391,1444.64551,381.863678
5938,1277,415,5938.51074,1279.65308,415.85965
6063,1441,381,6063.49512,1443.63562,381.868683
6063,1277,341,6063.49707,1279.64832,341.867615
5882,133,399,5882.49609,149.134995,399.868134
5938,1277,415,5938.49707,1292.78955,415.867645
6063,1277,341,6063.49707,1292.81604,341.867706
5882,133,399,5882.51758,156.320526,399.85556
6063,1277,341,6063.52783,1300.56274,341.849182
6035,159,305,6035.51807,182.2836,305.855316
6154,1441,432,6153.50098,1445.78491,432.866455
6190,1277,412,6189.49414,1281.77295,412.862488
6063,1277,341,6062.50488,1281.77759,341.868591
6154,1441,432,6153.49463,1445.26111,432.862823
6063,1277,341,6062.49414,1281.26318,341.862518
6063,1441,381,6062.49414,1445.26343,381.862427
6063,1441,381,6063.49512,1443.67664,381.868683
5973,1441,434,5973.51758,1443.68079,434.855621
6064,1708,498,6064.49707,1710.67419,498.867615
5973,1441,434,5973.99902,1444.85779,433.955841
5974,1441,539,5974.99902,1444.85327,538.955872
6064,1708,498,6064.99902,1711.84583,497.955841
5974,1441,539,5974.48828,1442.68457,538.127319
6065,1441,591,6065.47949,1442.68286,590.122498
6064,1708,498,6064.48828,1709.67981,497.127319
6065,1441,591,6064.48633,1444.72522,590.142029
6156,1441,537,6155.47266,1444.72607,536.150391
6064,1708,498,6063.48047,1711.73877,497.145569
6156,1441,537,6155.00049,1442.28442,537.02771
6154,1441,432,6153.00049,1442.28894,432.027527
6064,1708,498,6063.00098,1709.2782,498.032257
6154,1441,432,6153.49609,1442.93323,432.863739
6063,1441,381,6062.50293,1442.93604,381.867523
6064,1708,498,6063.50098,1709.93457,498.866516
1999,879,1001,1998.51062,880.718262,1001.87207
1864,879,926,1863.51074,880.723877,926.872131
1866,1310,1098,1865.51001,1311.71216,1098.8717
2001,879,1155,2000.00098,880.794006,1155.04358
1999,879,1001,1998.00073,880.798096,1001.03809
1866,1310,1098,1865.00085,1311.77722,1098.04053
1868,879,1234,1867.47656,880.890686,1233.14795
2001,879,1155,2000.47656,880.89624,1154.14795
1866,1310,1098,1865.49719,1311.90173,1097.13562
1734,879,1159,1734.47986,881.780762,1158.12268
1868,879,1234,1868.48828,881.777283,1233.12732
1866,1310,1098,1866.4812,1312.77942,1097.12341
1732,879,1005,1732.99902,881.633728,1004.95587
1734,879,1159,1734.99902,881.628357,1158.95593
1866,1310,1098,1866.99902,1312.64417,1097.95593
1864,879,926,1864.50195,880.608276,926.864868
1732,879,1005,1732.50354,880.604858,1005.86395
1866,1310,1098,1866.50195,1311.61389,1098.86475
1999,879,1001,1998.53162,890.66095,1001.88348
2089,27,982,2088.53174,38.6056328,982.883545
1841,352,876,1840.53186,363.588196,876.883606
1999,879,1001,1998.50977,899.07312,1001.87158
1841,352,876,1840.50977,372.024292,876.871582
1864,879,926,1863.50977,899.086975,926.871521
1694,167,978,1694.5022,184.875549,978.864746
1732,879,1005,1732.49512,896.788574,1005.86871
1864,879,926,1864.50195,896.784485,926.864746
1694,167,978,1694.64478,180.440567,978.764343
1864,879,926,1864.65857,892.369934,926.752502
1841,352,876,1841.64453,365.400391,876.764465
1658,315,1177,1658.99902,319.184631,1176.95593
1734,879,1159,1734.9989,883.148315,1158.95508
1732,879,1005,1732.99902,883.160156,1004.95587
1658,315,1177,1658.97449,331.293884,1177.22424
1732,879,1005,1732.97449,895.292847,1005.2243
1694,167,978,1694.97449,183.340897,978.224121
1890,26,1315,1890.47986,44.5114861,1314.12268
1868,879,1234,1868.48828,897.43103,1233.12732
1734,879,1159,1734.4812,897.451965,1158.12341
1890,26,1315,1890.42395,34.9639359,1314.09436
1734,879,1159,1734.42456,888.083862,1158.0946
1658,315,1177,1658.42395,324.032532,1176.09436
2054,0,1186,2053.48682,19.7452698,1185.14172
2001,879,1155,2000.47205,898.653931,1154.15076
1868,879,1234,1867.49719,898.705933,1233.13562
2054,0,1186,2053.36523,12.5217113,1185.22742
1868,879,1234,1867.36523,891.469727,1233.22742
1890,26,1315,1889.35938,38.5222778,1314.23218
2089,27,982,2088.00073,32.9053993,982.031555
1999,879,1001,1998.00098,884.950134,1001.04272
2001,879,1155,2000.00098,884.944336,1155.04285
2089,27,982,2088.01343,40.345623,981.836731
2001,879,1155,2000.0155,892.239441,1154.82471
2054,0,1186,2053.01343,13.2919025,1185.83679
2001,879,-1156,2000.50977,880.702576,-1155.12842
1867,879,-1232,1866.50977,880.699585,-1231.12842
1869,1310,-1060,1868.49609,1311.70227,-1059.13635
2003,879,-1002,2002.00085,883.769287,-1001.95868
2001,879,-1156,2000.00085,883.761841,-1155.95874
1869,1310,-1060,1868.00073,1314.79102,-1059.96179
1871,879,-924,1870.49634,882.282288,-924.863892
2003,879,-1002,2002.49121,882.280212,-1002.86084
1869,1310,-1060,1868.48645,1313.26453,-1060.85803
1737,879,-999,1737.48828,881.783508,-999.872681
1871,879,-924,1871.47949,881.779358,-924.87738
1869,1310,-1060,1869.47961,1312.78198,-1060.87744
1735,879,-1153,1735.99902,883.914185,-1153.04297
1737,879,-999,1737.99902,883.908386,-999.042969
1869,1310,-1060,1869.99902,1314.92456,-1060.04297
1867,879,-1232,1867.5022,883.448364,-1231.13525
1735,879,-1153,1735.5022,883.445007,-1152.13525
1869,1310,-1060,1869.50342,1314.45435,-1059.13599
2001,879,-1156,2000.46387,892.82196,-1155.15588
2054,0,-1186,2053.44531,13.7458344,-1185.16797
1878,88,-1292,1877.44202,101.775116,-1291.17017
2001,879,-1156,2000.49683,888.261902,-1155.13586
1878,88,-1292,1877.50977,97.1096344,-1291.12842
1867,879,-1232,1866.51062,888.275391,-1231.12793
1656,342,-1179,1656.50195,351.376312,-1178.13513
1735,879,-1153,1735.50256,888.342346,-1152.1355
1867,879,-1232,1867.50195,888.352844,-1231.13513
1656,342,-1179,1656.38892,363.839386,-1178.07874
1867,879,-1232,1867.38892,900.848755,-1231.07874
1878,88,-1292,1878.39551,109.783325,-1291.08154
1692,179,-977,1692.99902,201.453903,-977.042969
1737,879,-999,1737.99902,901.536621,-999.042969
1735,879,-1153,1735.99902,901.563049,-1153.04297
1692,179,-977,1692.96082,188.185379,-977.276978
1735,879,-1153,1735.96277,888.168823,-1153.27026
1656,342,-1179,1656.95886,351.176819,-1179.28381
1848,372,-850,1848.47949,380.339264,-850.877502
1871,879,-924,1871.48035,887.396667,-924.877075
1737,879,-999,1737.47754,887.390015,-999.87854
1848,372,-850,1848.67773,381.729858,-850.735291
1737,879,-999,1737.67786,888.794128,-999.735168
1692,179,-977,1692.67773,188.694504,-977.735291
2009,131,-1027,2008.22253,144.466187,-1027.62891
1871,879,-924,1870.2262,892.527527,-924.633423
1848,372,-850,1847.22607,385.5047,-850.63324
2054,0,-1186,2053.00073,9.30888081,-1185.9668
2001,879,-1156,2000.00085,888.492554,-1155.95898
2003,879,-1002,2002.00085,888.512695,-1001.95898
-1739,879,997,-1739.49512,881.677673,997.868774
-1874,879,921,-1874.48828,881.679138,921.872681
-1871,1310,1093,-1871.48828,1312.69336,1093.87268
-1737,879,1150,-1737.99902,882.483521,1150.04321
-1739,879,997,-1739.99915,882.486877,997.040466
-1871,1310,1093,-1871.99927,1313.47766,1093.0376
-1869,879,1229,-1869.52661,882.633484,1228.1499
-1737,879,1150,-1737.5166,882.629272,1149.1438
-1871,1310,1093,-1871.5166,1313.62683,1092.1438
-2004,879,1154,-2003.51855,883.768127,1153.12354
-1869,879,1229,-1868.51855,883.769958,1228.12354
-1871,1310,1093,-1870.50977,1314.75305,1092.12842
-2006,879,1000,-2005.00098,883.518005,999.955872
-2004,879,1154,-2003.00098,883.52417,1153.95593
-1871,1310,1093,-1870.00098,1314.49683,1092.95593
-1874,879,921,-1873.49609,881.804688,921.863708
-2006,879,1000,-2005.49634,881.80896,1000.86389
-1871,1310,1093,-1870.49634,1312.82202,1093.86389
-1739,879,997,-1739.61328,890.744751,997.789856
-1687,133,974,-1687.61353,144.779434,974.789673
-1843,289,869,-1843.61328,300.7453,869.789734
-1739,879,997,-1739.48828,890.817322,997.87262
-1843,289,869,-1843.50195,300.909485,869.864807
-1874,879,921,-1874.48828,890.841248,921.872559
-2018,79,980,-2017.49634,125.42025,980.863892
-2006,879,1000,-2005.49622,925.335083,1000.86377
-1874,879,921,-1873.49121,925.362305,921.86084
-2018,79,980,-2017.4259,110.24646,980.818787
-1874,879,921,-1873.42883,910.36499,921.820801
-1843,289,869,-1842.42725,320.248718,869.819702
-2054,0,1186,-2053.00098,20.7498989,1185.95593
-2004,879,1154,-2003.00098,899.801941,1153.95593
-2006,879,1000,-2005.00098,899.816895,999.955872
-2054,0,1186,-2053.01562,68.7075806,1186.17603
-2006,879,1000,-2005.01746,947.571106,1000.18579
-2018,79,980,-2017.0116,147.698715,980.151611
-1872,96,1295,-1871.52051,114.654526,1294.12256
-1869,879,1229,-1868.51965,897.758728,1228.12292
-2004,879,1154,-2003.51855,897.745728,1153.12354
-1872,96,1295,-1871.47168,110.998611,1294.151
-2004,879,1154,-2003.47205,893.948792,1153.15076
-2054,0,1186,-2053.47168,14.9935541,1185.151
-1679,341,1156,-1679.52637,364.179199,1155.14978
-1737,879,1150,-1737.51172,902.230652,1149.14087
-1869,879,1229,-1869.5166,902.250427,1228.1438
-1679,341,1156,-1679.52661,358.079437,1155.1499
-1869,879,1229,-1869.52698,896.095459,1228.15015
-1872,96,1295,-1872.52698,113.11058,1294.15015
-1687,133,974,-1687.99927,148.983673,974.035889
-1739,879,997,-1739.99902,895.113708,997.042175
-1737,879,1150,-1737.99915,895.099731,1150.03992
-1687,133,974,-1687.98816,146.043091,974.152649
-1737,879,1150,-1737.98804,892.07489,1150.15332
-1679,341,1156,-1679.98816,354.039093,1156.15271
-1736,879,-1161,-1736.48914,883.362854,-1160.12781
-1871,879,-1237,-1871.48938,883.364502,-1236.12793
-1868,1310,-1065,-1868.48828,1314.37854,-1064.12732
-1734,879,-1007,-1734.99927,883.675049,-1006.96179
-1736,879,-1161,-1736.99927,883.667603,-1160.96179
-1868,1310,-1065,-1868.99927,1314.69629,-1064.96387
-1867,879,-929,-1867.50195,883.739685,-929.864868
-1734,879,-1007,-1734.50195,883.730408,-1007.86475
-1868,1310,-1065,-1868.5022,1314.74597,-1065.86475
-2001,879,-1004,-2000.51062,882.467224,-1004.87207
-1867,879,-929,-1866.50977,882.470703,-929.871582
-1868,1310,-1065,-1867.50977,1313.48816,-1065.87158
-2003,879,-1158,-2002.00098,882.180969,-1158.04297
-2001,879,-1004,-2000.00098,882.187134,-1004.04333
-1868,1310,-1065,-1867.00098,1313.15942,-1065.04297
-1871,879,-1237,-1870.49634,883.389099,-1236.13611
-2003,879,-1158,-2002.49609,883.392822,-1157.13635
-1868,1310,-1065,-1867.49622,1314.40601,-1064.13623
-1736,879,-1161,-1736.5072,899.6073,-1160.13818
-1711,417,-1182,-1711.50781,437.51123,-1181.13855
-1898,23,-1323,-1898.50281,43.43787,-1322.13562
-1736,879,-1161,-1736.49536,895.115356,-1160.13135
-1898,23,-1323,-1898.49512,39.3205338,-1322.13123
-1871,879,-1237,-1871.48828,895.13739,-1236.12732
-2054,0,-1186,-2053.49609,15.7384176,-1185.13635
-2003,879,-1158,-2002.49609,894.688599,-1157.13635
-1871,879,-1237,-1870.49121,894.727112,-1236.13916
-2054,0,-1186,-2053.33984,8.90311909,-1185.2489
-1871,879,-1237,-1870.33984,887.95752,-1236.2489
-1898,23,-1323,-1897.34009,31.9068947,-1322.24866
-2093,25,-983,-2092.00098,36.7488785,-983.042969
-2001,879,-1004,-2000.00098,890.663757,-1004.04297
-2003,879,-1158,-2002.00098,890.661438,-1158.04297
-2093,25,-983,-2092.02148,35.9039879,-982.793884
-2003,879,-1158,-2002.02136,889.851807,-1157.79443
-2054,0,-1186,-2053.02026,10.9013624,-1185.7998
-1874,422,-900,-1873.50977,435.860229,-900.871582
-1867,879,-929,-1866.50977,892.754883,-929.871582
-2001,879,-1004,-2000.50977,892.768494,-1004.87158
-1874,422,-900,-1873.53137,442.258728,-900.883362
-2001,879,-1004,-2000.5332,899.282654,-1004.88434
-2093,25,-983,-2092.53125,45.2380905,-983.883301
-1698,320,-980,-1698.50684,333.091248,-980.861938
-1734,879,-1007,-1734.50195,892.104675,-1007.86481
-1867,879,-929,-1867.5166,892.11792,-929.856079
-1698,320,-980,-1698.43774,346.741852,-980.899048
-1867,879,-929,-1867.42651,905.545166,-929.90448
-1874,422,-900,-1874.42578,448.661072,-900.904785
-1711,417,-1182,-1711.99927,438.453644,-1181.96289
-1736,879,-1161,-1736.99902,900.350159,-1160.95605
-1734,879,-1007,-1734.99902,900.361328,-1006.95605
-1711,417,-1182,-1711.99902,436.12323,-1181.95593
-1734,879,-1007,-1734.99915,898.121826,-1006.95868
-1698,320,-980,-1698.99902,339.16861,-979.956055
128,879,2078,127.503723,880.935852,2078.86816
-6,879,2003,-6.49012089,880.933228,2003.87158
-4,1310,2174,-4.48317814,1311.93933,2174.87549
130,879,2232,129.000885,882.027344,2232.04199
128,879,2078,127.000847,882.02002,2078.04102
-4,1310,2174,-4.99913406,1313.04907,2174.0415
-2,879,2311,-2.52026343,882.143311,2310.146
130,879,2232,129.476547,882.147888,2231.14795
-4,1310,2174,-4.52020264,1313.15771,2173.146
-136,879,2236,-135.504593,880.735596,2235.13135
-2,879,2311,-1.52255595,880.729187,2310.12134
-4,1310,2174,-3.52300572,1311.71094,2173.12109
-138,879,2082,-137.000885,883.78009,2081.95801
-136,879,2236,-135.000885,883.774475,2235.95801
-4,1310,2174,-3.00012231,1314.78931,2173.98438
-6,879,2003,-5.50110865,881.519897,2003.86658
-138,879,2082,-137.494446,881.519104,2082.86279
-4,1310,2174,-3.48620033,1312.53137,2174.85791
128,879,2078,127.630653,892.122742,2078.9292
167,329,2031,166.623444,342.172638,2031.92639
0,182,1948,-0.377400339,195.201248,1948.92603
128,879,2078,127.503723,893.595886,2078.86816
0,182,1948,-0.490806401,196.694168,1948.87122
-6,879,2003,-6.50277758,893.594238,2003.86438
-169,389,2030,-168.495071,396.210907,2030.86316
-138,879,2082,-137.495285,886.183044,2082.86328
-6,879,2003,-5.48610973,886.179016,2003.85779
-169,389,2030,-168.628357,403.260101,2030.92834
-6,879,2003,-5.64679766,893.27301,2003.93555
0,182,1948,0.372770727,196.281219,1948.92786
-182,94,2271,-181.000885,116.366798,2270.95801
-136,879,2236,-135.000885,901.179382,2235.95801
-138,879,2082,-137.000885,901.197937,2081.95801
-182,94,2271,-181.000885,102.493118,2270.95801
-138,879,2082,-137.000885,887.308411,2081.95801
-169,389,2030,-168.000885,397.419037,2029.95801
0,0,2372,0.474977702,13.0325241,2371.12012
-2,879,2311,-1.50888336,892.23822,2310.12891
-136,879,2236,-135.525726,892.273193,2235.11963
0,0,2372,0.465883523,15.0538177,2371.11523
-136,879,2236,-135.536758,894.110657,2235.11377
-182,94,2271,-181.540985,109.041748,2270.11157
163,83,2235,162.477341,126.641212,2234.14746
130,879,2232,129.485397,922.970581,2231.14258
-2,879,2311,-2.52007532,922.930725,2310.146
163,83,2235,162.36763,108.637657,2234.22534
-2,879,2311,-2.63416839,904.5495,2310.22681
0,0,2372,-0.634131849,25.5829201,2371.22681
167,329,2031,166.000931,344.112061,2031.04297
128,879,2078,127.000931,894.005005,2078.04297
130,879,2232,129.000931,893.977844,2232.04297
167,329,2031,166.001999,361.619171,2030.93689
130,879,2232,129.002914,911.508484,2231.92383
163,83,2235,162.002914,115.766823,2234.92383
134,879,-2238,133.504593,883.521118,-2237.13135
0,879,-2313,-0.490172088,883.51886,-2312.12842
2,1310,-2142,1.50116897,1314.52454,-2141.1333
136,879,-2084,135.000809,880.872498,-2083.95996
134,879,-2238,133.000809,880.865051,-2237.95996
2,1310,-2142,1.00088215,1311.89404,-2141.95801
4,879,-2005,3.47796535,881.274048,-2005.85291
136,879,-2084,135.484406,881.279114,-2084.85669
2,1310,-2142,1.47813392,1312.28894,-2142.85303
-131,879,-2080,-130.511536,882.695801,-2080.87256
4,879,-2005,4.47589302,882.69397,-2005.87939
2,1310,-2142,2.48411727,1313.71179,-2142.875
-133,879,-2234,-132.000885,882.509888,-2234.04199
-131,879,-2080,-130.000885,882.515869,-2080.04199
2,1310,-2142,2.99996758,1313.53174,-2142.00781
0,879,-2313,0.507124722,880.858765,-2312.13818
-133,879,-2234,-132.494446,880.860291,-2233.13721
2,1310,-2142,2.50251412,1311.83813,-2141.1355
134,879,-2238,133.536774,901.278381,-2237.11377
186,90,-2269,185.525726,112.202965,-2268.11963
0,0,-2372,-0.463006914,22.2319679,-2371.11377
134,879,-2238,133.504593,890.958191,-2237.13135
0,0,-2372,-0.490006566,11.9871082,-2371.12842
0,879,-2313,-0.491096705,890.951904,-2312.12891
-166,93,-2232,-165.495285,133.929352,-2231.13672
-133,879,-2234,-132.494446,919.642273,-2233.13721
0,879,-2313,0.50718677,919.692993,-2312.13818
-166,93,-2232,-165.373962,102.670547,-2231.22021
0,879,-2313,0.622356892,888.791565,-2312.21729
0,0,-2372,0.62198621,9.65584564,-2371.21704
-169,300,-2030,-168.000885,311.138763,-2030.04199
-131,879,-2080,-130.000885,890.198425,-2080.04199
-133,879,-2234,-132.000885,890.229553,-2234.04199
-169,300,-2030,-168.001846,324.139343,-2029.93933
-133,879,-2234,-132.001846,903.273071,-2233.93945
-166,93,-2232,-165.001846,117.026421,-2231.93945
0,163,-1955,0.476907581,180.485611,-1955.87891
4,879,-2005,4.47628164,896.444519,-2005.87927
-131,879,-2080,-130.525726,896.413879,-2080.88037
0,163,-1955,0.321990073,171.466263,-1955.94666
-131,879,-2080,-130.66478,887.46106,-2080.94214
-169,300,-2030,-168.67569,308.471588,-2030.94592
171,338,-2030,170.476746,343.130157,-2030.85217
136,879,-2084,135.476944,884.114685,-2084.85229
4,879,-2005,3.47813392,884.125,-2005.85303
171,338,-2030,170.644547,353.128235,-2030.93469
4,879,-2005,3.65432572,894.1026,-2005.93835
0,163,-1955,-0.352008343,178.110962,-1955.93591
186,90,-2269,185.000931,105.550446,-2268.95703
134,879,-2238,133.000885,894.66156,-2237.95801
136,879,-2084,135.000885,894.692017,-2083.95801
186,90,-2269,185.000809,100.505249,-2268.95996
136,879,-2084,135.000885,889.289307,-2083.95801
171,338,-2030,170.000809,348.396881,-2029.95984
