-511,196,-628,-510.000885,205.639008,-628.041992
-462,626,-649,-461.000885,635.623962,-649.041992
-462,626,-1031,-461.000885,635.623962,-1031.04199
-462,626,-649,-461.289124,632.74585,-649.703308
-511,196,-628,-510.288055,202.732269,-628.702209
-212,196,-329,-211.305115,202.731201,-329.719116
-191,626,-378,-190.304077,632.744812,-378.718109
-462,626,-649,-461.289124,632.74585,-649.703308
-212,196,-329,-211.305115,202.731201,-329.719116
-212,196,-1351,-211.288971,201.349609,-1350.29688
-462,626,-1031,-461.291504,631.363708,-1030.29431
-191,626,-1302,-190.29039,631.363708,-1301.29541
-462,626,-1031,-461.291504,631.363708,-1030.29431
-212,196,-1351,-211.288971,201.349609,-1350.29688
-511,196,-1052,-510.288971,201.349609,-1051.29688
462,626,-649,461.286469,632.745605,-649.700623
191,626,-378,190.278473,632.744141,-378.692383
212,196,-329,211.278442,202.730667,-329.692352
462,626,-649,461.286469,632.745605,-649.700623
212,196,-329,211.278442,202.730667,-329.692352
511,196,-628,510.286713,202.732269,-628.700867
511,196,-628,510.000946,206.178329,-627.956543
493,350,-780,492.000732,360.167145,-779.961792
462,626,-649,461.00061,636.181641,-648.965088
493,350,-780,492.000946,359.09433,-780.042969
462,626,-1031,461.000946,635.118958,-1031.04297
462,626,-649,461.000946,635.118958,-649.042969
511,196,-1052,510.286072,201.349609,-1051.2998
212,196,-1351,211.286057,201.349609,-1350.2998
191,626,-1302,190.286057,631.362671,-1301.2998
511,196,-1052,510.286072,201.349609,-1051.2998
191,626,-1302,190.286057,631.362671,-1301.2998
462,626,-1031,461.286072,631.362671,-1030.2998
212,196,-1351,211.955826,209.251831,-1350.00098
-212,196,-1351,-212.042267,209.251831,-1350.00098
-191,626,-1302,-191.042267,639.236572,-1301.00098
212,196,-1351,211.955826,209.251831,-1350.00098
-191,626,-1302,-191.042267,639.236572,-1301.00098
191,626,-1302,190.955826,639.236572,-1301.00098
511,196,-1052,510.000946,202.031677,-1052.04297
493,350,-900,492.000946,356.030121,-900.042969
511,196,-900,510.000946,202.031677,-900.042969
493,350,-780,492.000946,356.030121,-780.042969
511,196,-628,510.000946,202.031677,-628.042969
511,196,-780,510.000946,202.031677,-780.042969
511,196,-1052,510.000946,208.209579,-1052.04297
462,626,-1031,461.000946,638.209961,-1031.04297
493,350,-900,492.000946,362.196503,-900.042969
462,626,-1031,461.000946,635.118958,-1031.04297
493,350,-780,492.000946,359.09433,-780.042969
493,350,-900,492.000946,359.09433,-900.042969
-511,196,-628,-510.000885,205.639008,-628.041992
-462,626,-1031,-461.000885,635.623962,-1031.04199
-511,196,-1052,-510.000885,205.639008,-1052.04199
67,267,-337,66.9558182,271.774506,-337.999023
212,196,-329,211.956528,200.771561,-329.999054
191,626,-378,190.956528,630.759521,-378.999054
67,267,-337,66.9551392,277.460083,-337.998993
66,196,-328,65.9551392,206.452057,-328.998993
212,196,-329,211.956528,206.439911,-329.999054
59,313,-342,58.9558182,321.14325,-342.999023
67,267,-337,66.9558182,275.142426,-337.999023
191,626,-378,190.956528,634.12677,-378.999054
59,313,-342,58.9558182,321.617584,-342.999023
191,626,-378,190.956528,634.61792,-378.999054
-59,313,-342,-59.0435257,321.617584,-342.999023
-191,626,-378,-190.957947,634.127319,-378.999115
-67,267,-337,-66.9558182,275.142426,-337.999023
-59,313,-342,-58.9558182,321.14325,-342.999023
-191,626,-378,-190.969757,630.763794,-378.999542
-212,196,-329,-211.968765,200.775604,-329.999512
-67,267,-337,-66.9740982,271.780182,-337.999664
191,626,-378,190.956528,634.61792,-378.999054
-191,626,-378,-191.043274,634.61792,-378.999054
-59,313,-342,-59.0435257,321.617584,-342.999023
-212,196,-329,-211.959427,206.440872,-329.999176
-66,196,-328,-65.9594193,206.453262,-328.999176
-67,267,-337,-66.9594193,277.461304,-337.999176
-67,267,-337,-67.99897,436.657623,-336.954651
-66,196,-328,-66.99897,365.554565,-327.954651
-75,196,-526,-75.9989929,365.422211,-525.955139
67,267,-337,67.998909,436.657623,-336.953308
75,196,-526,75.998909,365.422211,-525.953308
66,196,-328,66.998909,365.554565,-327.953308
614,-240,-586,613.000977,-237.391922,-586.042969
614,-240,-1094,613.000977,-237.391922,-1094.04297
511,196,-1052,510.000946,198.631927,-1052.04297
614,-240,-586,613.000977,-237.391922,-586.042969
511,196,-1052,510.000946,198.631927,-1052.04297
511,196,-628,510.000946,198.631927,-628.042969
511,196,-1052,510.28653,201.338745,-1051.29932
614,-240,-1094,613.283203,-234.666611,-1093.30273
254,-240,-1454,253.286057,-234.666611,-1453.2998
212,196,-1351,211.286301,201.338745,-1350.29956
511,196,-1052,510.28653,201.338745,-1051.29932
254,-240,-1454,253.286057,-234.666611,-1453.2998
212,196,-1351,211.955826,200.841339,-1350.00098
254,-240,-1454,253.955826,-235.181992,-1453.00098
-254,-240,-1454,-254.042267,-235.181992,-1453.00098
212,196,-1351,211.955826,200.841339,-1350.00098
-254,-240,-1454,-254.042267,-235.181992,-1453.00098
-212,196,-1351,-212.042267,200.841339,-1350.00098
-254,-240,-1454,-253.288971,-234.666611,-1453.29688
-614,-240,-1094,-613.290039,-234.666611,-1093.29578
-511,196,-1052,-510.291992,201.338745,-1051.29382
-254,-240,-1454,-253.288971,-234.666611,-1453.29688
-511,196,-1052,-510.291992,201.338745,-1051.29382
-212,196,-1351,-211.287979,201.338745,-1350.29785
-511,196,-628,-510.000885,198.632187,-628.041992
-511,196,-1052,-510.000885,198.632187,-1052.04199
-614,-240,-1094,-613.000977,-237.391922,-1094.04297
-511,196,-628,-510.000885,198.632187,-628.041992
-614,-240,-1094,-613.000977,-237.391922,-1094.04297
-614,-240,-586,-613.000977,-237.391922,-586.042969
212,196,-329,211.278473,198.802017,-329.692383
254,-240,-226,253.279144,-237.203064,-226.693085
614,-240,-586,613.282654,-237.202728,-586.696716
212,196,-329,211.278473,198.802017,-329.692383
614,-240,-586,613.282654,-237.202728,-586.696716
511,196,-628,510.286469,198.80275,-628.700623
212,196,-329,211.956528,200.771912,-329.999054
-212,196,-329,-212.043274,200.771912,-329.999054
-254,-240,-226,-254.043274,-235.251877,-226.999054
212,196,-329,211.956528,200.771912,-329.999054
-254,-240,-226,-254.043274,-235.251877,-226.999054
254,-240,-226,253.956528,-235.251877,-226.999054
-511,196,-628,-510.289001,198.802887,-628.703186
-614,-240,-586,-613.301758,-237.202728,-586.71582
-254,-240,-226,-253.30307,-237.202728,-226.717133
-511,196,-628,-510.289001,198.802887,-628.703186
-254,-240,-226,-253.30307,-237.202728,-226.717133
-212,196,-329,-211.305115,198.802292,-329.719116
-550,754,-612,-549.000977,759.6875,-612.042969
-550,754,-840,-549.000977,759.6875,-840.042969
-572,615,-840,-571.000977,620.677673,-840.042969
550,754,-840,549.000977,774.92218,-840.042969
550,754,-612,549.000977,774.92218,-612.042969
560,609,-840,559.000977,629.895569,-840.042969
504,708,-1053,503.024994,726.294617,-1052.77783
550,754,-840,549.025146,772.298645,-839.777161
560,609,-840,559.025146,627.305359,-839.777161
279,612,-1318,278.204041,625.94458,-1317.39465
483,650,-1046,482.194733,663.937378,-1045.4071
355,523,-1227,354.202667,536.917542,-1226.39648
279,612,-1318,278.901306,666.06073,-1317.00488
184,571,-1327,183.911713,625.042358,-1326.00391
195,702,-1323,194.901306,755.997864,-1322.00488
195,702,-1323,194.77948,821.549377,-1322.02466
184,571,-1327,183.775558,690.564026,-1326.02551
14,657,-1364,13.7766209,776.806091,-1363.02527
195,702,-1323,194.779846,728.236938,-1322.02454
14,657,-1364,13.7755575,683.282837,-1363.02551
0,722,-1364,-0.214009583,748.284912,-1363.02319
0,722,-1364,0.242990986,730.97345,-1363.03003
-209,571,-1331,-208.755325,579.967163,-1330.0304
-202,629,-1325,-201.755325,637.964478,-1324.0304
-280,611,-1320,-279.911346,616.276733,-1319.00403
-202,629,-1325,-201.911346,634.274048,-1324.00403
-209,571,-1331,-208.911713,576.269348,-1330.00391
-550,754,-840,-549.029053,762.680786,-839.760742
-507,702,-1054,-506.027863,710.678406,-1053.76562
-572,615,-840,-571.030029,623.681213,-839.756836
0,754,-290,-0.226009607,774.380493,-290.974121
189,668,-327,188.768143,688.342285,-327.972748
288,741,-355,287.767883,761.332703,-355.972687
-228,754,-290,-228.043274,771.095032,-290.999054
-167,702,-286,-167.043274,719.093445,-286.999054
0,754,-290,-0.043009311,771.095032,-290.999054
1,481,-276,0.880992234,481.80423,-276.992889
92,542,-330,91.8805161,542.804077,-330.992828
-2,624,-378,-2.11714387,624.803528,-378.993103
183,514,-365,182.56398,517.841187,-365.899933
92,542,-330,91.5619049,545.83783,-330.898926
66,458,-286,65.5617142,461.835297,-286.898834
175,441,-357,174.453232,481.895325,-357.83728
183,514,-365,182.453186,554.899414,-365.83725
66,458,-286,65.4547729,498.911316,-286.838287
80,383,-296,79.465744,462.049316,-296.845306
158,326,-344,157.46756,405.115356,-344.846466
175,441,-357,174.46756,520.186096,-357.846466
80,383,-296,79.6489944,397.965912,-296.936371
-5,329,-259,-5.36004639,343.956238,-259.932922
41,336,-277,40.64151,350.959778,-277.933533
92,542,-330,91.5208206,545.111145,-330.877716
183,514,-365,182.520828,517.113708,-365.877716
111,609,-376,110.511604,612.113831,-376.87262
-2,624,-378,-2.06250215,624.866211,-378.998016
92,542,-330,91.9214935,542.866516,-330.996887
111,609,-376,110.921547,609.868347,-376.996918
-44,278,-298,-43.7286987,286.211426,-298.962494
-79,272,-307,-78.7286987,280.211182,-307.962463
-54,218,-292,-53.7292404,226.216309,-292.962646
-50,196,-288,-50.9486847,201.187439,-288.316193
-36,195,-328,-36.9487152,200.185165,-328.316132
-54,218,-292,-54.9486885,223.187164,-292.316193
-36,195,-328,-36.9487038,199.1819,-328.316162
-45,221,-321,-45.9486923,225.181229,-321.316193
-54,218,-292,-54.9487038,222.182037,-292.316162
-75,196,-307,-74.3897095,227.997894,-307.792175
-50,196,-288,-49.3895912,228.004044,-288.792084
-54,218,-292,-53.3883629,249.99678,-292.791138
-75,372,-288,-74.5188141,376.278778,-288.876617
-61,464,-293,-60.5188141,468.274231,-293.876617
-182,439,-357,-181.511551,443.270416,-357.872589
-61,464,-293,-60.657074,466.554962,-293.939362
1,481,-276,1.34401226,483.550507,-276.938965
-92,542,-330,-91.6573257,544.55426,-330.939453
-2,624,-378,-1.95513225,624.729675,-378.998993
-111,620,-378,-110.955574,620.728271,-378.998962
1,481,-276,1.04199266,481.731903,-276.999084
-61,464,-293,-60.6183739,467.520721,-293.924316
-92,542,-330,-91.6181564,545.525024,-330.924225
-190,531,-367,-189.620316,534.522034,-367.92511
-61,464,-293,-60.5201492,485.36441,-293.87735
-190,531,-367,-189.521606,552.392273,-367.878143
-182,439,-357,-181.52211,460.385498,-357.878418
1,481,-276,1.29064119,495.129913,-276.956818
-61,464,-293,-60.7147942,478.124664,-293.958466
-75,372,-288,-74.7156143,386.131958,-288.95871
1,481,-276,1.20800042,483.208893,-276.978119
-111,620,-378,-110.799713,622.205566,-378.979736
-92,542,-330,-91.7947006,544.206238,-330.978699
-111,620,-378,-110.599068,620.988953,-378.916107
-190,531,-367,-189.601379,531.988892,-367.917114
-92,542,-330,-91.5990677,542.990479,-330.916107
-68,335,-303,-67.0473633,338.653961,-303.304108
-89,270,-337,-88.047081,273.661926,-337.303223
-79,272,-307,-78.0470123,275.658142,-307.303009
-43,315,-285,-42.4267311,327.098114,-285.819366
-68,335,-303,-67.4297562,347.112732,-303.821472
-79,272,-307,-78.4295807,284.100464,-307.82135
-4,379,-259,-3.60236025,383.319763,-259.917542
1,481,-276,1.3862462,485.320068,-276.922394
-75,372,-288,-74.6065445,376.320068,-288.919342
80,383,-296,79.5912094,390.499023,-296.912628
1,481,-276,0.59284848,488.496155,-276.913361
-4,379,-259,-4.40604305,386.491089,-259.913849
1,481,-276,0.708308637,484.136688,-276.956512
66,458,-286,65.7035522,461.138763,-286.955048
92,542,-330,91.7016907,545.13678,-330.954468
-45,221,-321,-45.8655663,227.26796,-320.499207
-67,277,-338,-67.8645401,283.269745,-337.497437
-44,278,-298,-44.8646278,284.266479,-297.497589
-45,221,-321,-45.9969788,225.165192,-320.922424
-36,195,-328,-36.9969864,199.164856,-327.922424
-67,277,-338,-67.9969788,281.165558,-337.922424
67,277,-338,67.9968185,281.165558,-337.92041
36,195,-328,36.9968758,199.164886,-327.921021
45,221,-321,45.9968262,225.165222,-320.92041
44,278,-298,44.8605843,284.266266,-297.490692
67,277,-338,67.8613052,283.269653,-337.491913
45,221,-321,45.8614769,227.267792,-320.492218
79,272,-307,78.0496826,277.723907,-307.311279
89,270,-337,88.0496445,275.726288,-337.311157
70,335,-300,69.0496674,340.726288,-300.311218
54,218,-292,53.3838501,249.995026,-292.787628
50,196,-288,49.3846703,228.002274,-288.788269
75,196,-307,74.3847885,227.996124,-307.788361
54,218,-292,54.9462013,222.182037,-292.323578
45,221,-321,45.9461899,225.181229,-321.323608
36,195,-328,36.9463158,199.1819,-328.323242
54,218,-292,54.9456444,223.187378,-292.325195
36,195,-328,36.94561,200.185303,-328.325256
50,196,-288,50.9456253,201.187637,-288.325256
54,218,-292,53.7292404,226.216309,-292.962646
79,272,-307,78.7285995,280.211182,-307.962463
44,278,-298,43.7285995,286.211426,-298.962463
667,150,175,666.733398,177.605637,175.963806
648,150,170,647.733398,177.605148,170.963806
643,285,173,642.733398,312.545258,173.963806
630,335,180,630.087891,342.510071,180.996124
667,320,175,667.087891,327.511841,175.996124
643,285,173,643.087891,292.504486,173.996124
556,285,223,556.816711,293.394867,223.577011
546,320,245,546.816711,328.39328,245.577011
569,335,215,569.816772,343.398834,215.57695
550,150,226,550.979309,188.215622,226.202301
546,150,245,546.9776,188.212479,245.210464
556,285,223,556.979309,323.227203,223.202225
643,285,173,643.49707,373.806274,173.867676
634,268,178,634.49707,356.773651,178.867691
565,268,218,565.49707,356.668671,218.867676
1212,-240,-910,1212.67834,-217.464432,-909.265259
1198,-240,-897,1198.67786,-217.462814,-896.264832
1198,-105,-890,1198.6792,-82.4476471,-889.266052
1198,-55,-875,1198.91101,-47.2740555,-874.587646
1212,-70,-910,1212.90466,-62.2787552,-909.573914
1198,-105,-890,1198.91113,-97.2764587,-889.587891
1198,-105,-790,1198.90979,-93.7243423,-790.414795
1212,-70,-770,1212.90295,-58.7271309,-770.429565
1198,-55,-805,1198.91101,-43.721447,-805.412354
1198,-240,-783,1198.67773,-212.231461,-783.735168
1212,-240,-770,1212.67773,-212.231461,-770.735229
1198,-105,-790,1198.6792,-77.2130814,-790.733948
634,268,-1858,634.489563,425.139801,-1858.87195
643,285,-1853,643.489807,442.167053,-1853.87183
556,285,-1903,556.502808,442.000397,-1903.86438
648,150,-1850,647.738098,174.679764,-1850.96509
667,150,-1855,666.736328,174.675827,-1855.9646
643,285,-1853,642.754883,309.617401,-1853.96948
643,285,-1853,643.075806,295.189941,-1853.99707
667,320,-1855,667.087708,330.198334,-1855.99609
630,335,-1860,630.08783,345.196838,-1860.99609
569,335,-1895,569.818604,342.366302,-1895.57422
546,320,-1925,546.818726,327.360748,-1925.5741
556,285,-1903,556.818542,292.361816,-1903.57422
546,150,-1925,546.978333,183.674149,-1925.20691
550,150,-1906,550.978333,183.677292,-1906.20703
556,285,-1903,556.978333,318.688873,-1903.20703
-667,150,-1855,-666.758789,174.675827,-1855.97046
-648,150,-1850,-647.758789,174.675827,-1850.97046
-643,285,-1853,-642.754883,309.617401,-1853.96948
-630,335,-1860,-630.08783,345.196838,-1860.99609
-667,320,-1855,-667.087708,330.198334,-1855.99609
-643,285,-1853,-643.098328,295.189941,-1853.99512
-556,285,-1903,-556.829468,292.361816,-1903.55847
-546,320,-1925,-546.818726,327.360748,-1925.5741
-569,335,-1895,-569.818604,342.366302,-1895.57422
-550,150,-1906,-550.978333,183.677292,-1906.20703
-546,150,-1925,-546.978333,183.674149,-1925.20691
-556,285,-1903,-556.980347,318.688873,-1903.19727
-643,285,-1853,-643.502197,403.733521,-1853.86475
-634,268,-1858,-634.502808,386.695374,-1858.86438
-565,268,-1898,-565.512512,386.5849,-1898.85864
-1285,-240,-897,-1285.67773,-213.358444,-896.264709
-1299,-240,-910,-1299.67773,-213.360046,-909.264709
-1285,-105,-890,-1285.67773,-78.3432693,-889.264709
-1285,-105,-890,-1285.91113,-93.6058884,-889.587891
-1299,-70,-910,-1299.91138,-58.6076965,-909.58844
-1285,-55,-875,-1285.91101,-43.6034851,-874.587646
-1285,-55,-805,-1285.91101,-48.1037178,-805.412354
-1299,-70,-770,-1299.91077,-63.1084175,-770.412842
-1285,-105,-790,-1285.91467,-98.1066132,-790.404175
-1299,-240,-770,-1299.67773,-208.125488,-770.735291
-1285,-240,-783,-1285.67932,-208.122269,-783.733826
-1285,-105,-790,-1285.67871,-73.1103058,-790.734314
-546,150,245,-546.979248,188.210907,245.202438
-550,150,226,-550.979309,188.215622,226.202301
-556,285,223,-556.979309,323.227203,223.202225
-569,335,215,-569.826477,343.398834,215.562897
-546,320,245,-546.826477,328.39328,245.562912
-556,285,223,-556.826477,293.394867,223.562912
-643,285,173,-643.087891,292.504486,173.996124
-667,320,175,-667.087891,327.511841,175.996124
-630,335,180,-630.087891,342.510071,180.996124
-648,150,170,-647.733398,177.605148,170.963806
-667,150,175,-666.733398,177.605637,175.963806
-643,285,173,-642.733398,312.545258,173.963806
-634,268,178,-634.49707,367.193665,178.867706
-643,285,173,-643.49707,384.217438,173.867706
-556,285,223,-556.49707,384.047302,223.867706
-546,689,-840,-545.496094,690.714966,-839.136292
-525,633,-900,-524.496155,634.715637,-899.13623
-680,595,-840,-679.496094,596.716431,-839.136292
-525,633,-780,-524.496155,634.07489,-780.86377
-546,689,-840,-545.496094,690.074219,-840.863708
-680,595,-840,-679.496094,596.075684,-840.863708
-273,689,-367,-272.000916,689.578308,-367.042267
-314,633,-415,-313.000916,633.579102,-415.042267
-340,595,-251,-339.000916,595.578552,-251.042267
-211,633,-355,-211.48642,634.579529,-355.873718
-273,689,-367,-273.486389,690.576599,-367.873688
-340,595,-251,-340.486389,596.579712,-251.873688
525,633,-900,524.476746,634.715576,-899.147827
546,689,-840,545.491211,690.714966,-839.13916
680,595,-840,679.491699,596.716492,-839.138855
546,689,-840,545.491272,690.07428,-840.860901
525,633,-780,524.491272,634.07489,-780.860901
680,595,-840,679.491699,596.075745,-840.861145
315,633,-415,314.000946,634.998901,-415.043274
273,689,-367,272.000946,691.000061,-367.043274
340,595,-251,339.000946,596.999329,-251.043274
273,689,-367,273.48645,690.576599,-367.873657
211,633,-355,211.486526,634.579529,-355.873657
340,595,-251,340.48645,596.579712,-251.873672
273,689,-1313,272.000854,690.238831,-1312.95874
314,633,-1265,313.000885,634.239441,-1264.95801
340,595,-1429,339.000854,596.238953,-1428.95874
211,633,-1325,211.479431,634.966003,-1324.12244
273,689,-1313,273.486481,690.963196,-1312.12634
340,595,-1429,340.493683,596.966248,-1428.13037
-273,689,-1313,-273.498535,690.963074,-1312.13318
-211,633,-1325,-211.493484,634.966003,-1324.13025
-340,595,-1429,-340.493439,596.966248,-1428.13025
-315,633,-1265,-314.000885,634.834412,-1264.95801
-273,689,-1313,-272.000885,690.835571,-1312.95801
-340,595,-1429,-339.000885,596.834778,-1428.95801
2212,100,-720,2212.99902,109.797569,-720.042969
2212,100,-960,2212.99902,109.797569,-960.042969
2180,-116,-881,2180.99902,-106.199173,-881.042969
2212,100,-720,2212.99805,111.170746,-720.061279
2180,-116,-881,2180.99902,-104.828674,-881.042969
2182,-118,-815,2182.99902,-106.831116,-815.042969
1953,-75,-533,1953.93494,-50.6592789,-532.645203
1939,-250,-520,1939.93616,-225.640167,-519.648438
1924,-250,-480,1924.93616,-225.630157,-479.648499
1953,-75,-533,1953.93652,-48.1554451,-532.649414
1924,-250,-480,1924.92834,-223.176697,-479.628357
1938,-75,-494,1938.92822,-48.1687431,-493.628357
1953,-75,-533,1953.5509,-15.0538301,-532.165466
1939,100,-520,1939.5542,160.005615,-519.167664
1990,100,-554,1990.55444,159.9776,-553.167786
1527,-250,-724,1526.00098,-100.802788,-724.043457
1526,-156,-716,1525.00098,-6.76902437,-716.043701
1526,-250,-687,1525.00098,-100.788132,-687.042969
1492,-250,-740,1491.53125,-228.143646,-739.116699
1492,-156,-733,1491.53235,-134.157532,-732.116089
1526,-156,-716,1525.53516,-134.148346,-715.114624
1492,-250,-740,1491.58691,-233.20845,-739.089355
1526,-156,-716,1525.57422,-139.208328,-715.095215
1527,-250,-724,1526.57422,-233.214447,-723.095215
1464,-250,-720,1464.57312,-238.521469,-719.180542
1492,-156,-733,1492.57251,-144.519302,-732.180115
1492,-250,-740,1492.57312,-238.517441,-739.180542
1526,-156,-716,1525.01746,-40.276226,-715.814026
1532,-64,-680,1531.01746,51.7209663,-679.814026
1533,-157,-680,1532.01746,-41.2472954,-679.814026
1527,-80,-724,1526.01746,-53.1513824,-724.185608
1527,-15,-739,1526.01746,11.8602934,-739.185974
1517,18,-696,1516.01746,44.8538208,-696.185913
1527,-80,-724,1526.0144,-71.3183746,-723.830933
1517,18,-696,1516.0144,26.6819706,-695.830933
1532,-64,-680,1531.0116,-55.3205299,-679.848206
1524,100,-838,1523.00098,141.414246,-838.042969
1524,100,-751,1523.00098,141.414246,-751.042969
1527,14,-772,1526.00098,55.3888512,-772.042969
1527,14,-772,1526.00488,34.2608604,-771.901306
1524,100,-751,1523.00488,120.256248,-750.901306
1527,100,-724,1526.00488,120.260216,-723.901306
1526,-250,-989,1525.00098,-132.816452,-988.956055
1526,-156,-960,1525.00085,-38.7973518,-959.958679
1527,-250,-952,1526.00085,-132.831116,-951.958679
1527,-250,-952,1526.54419,-235.077621,-952.890076
1526,-156,-960,1525.53235,-141.097885,-960.883911
1492,-156,-943,1491.53235,-141.097885,-943.883911
1527,-250,-952,1526.58691,-230.318161,-952.910645
1492,-156,-943,1491.58752,-136.314713,-943.91095
1492,-250,-936,1491.58691,-230.321777,-936.910645
1492,-250,-936,1492.50195,-232.819031,-936.864868
1492,-156,-943,1492.51172,-138.839188,-943.85907
1464,-156,-960,1464.52649,-138.839188,-960.850159
1533,-157,-996,1532.00574,-108.636688,-996.106445
1532,-64,-996,1531.00574,-15.6566648,-996.106445
1527,-80,-952,1526.00671,-31.6447487,-952.115234
1532,-64,-996,1531.00281,-57.4984016,-995.925171
1517,18,-980,1516.00293,24.507267,-979.923523
1527,-15,-937,1526.00281,-8.4926672,-936.925171
1527,14,-904,1526.00098,55.3888512,-904.042969
1524,100,-924,1523.00098,141.414246,-924.042969
1524,100,-838,1523.00098,141.414246,-838.042969
1527,-15,-937,1526.00574,47.0842781,-937.106628
1527,100,-952,1526.00574,162.140106,-952.10675
1524,100,-924,1523.00488,162.157684,-924.09845
1527,-15,-937,1526.00085,10.2823868,-936.958679
1524,100,-924,1523.00085,125.325287,-923.958679
1527,14,-904,1526.00085,39.2815018,-903.958984
1938,-75,-1186,1938.93152,-51.3248062,-1186.36365
1924,-250,-1200,1924.93616,-226.358627,-1200.35156
1939,-250,-1160,1939.92932,-226.374298,-1160.36902
1938,-75,-1186,1938.92737,-62.3481903,-1186.3739
1939,-250,-1160,1939.93127,-237.344757,-1160.36426
1953,-75,-1147,1953.92737,-62.3430977,-1147.37402
1981,-75,-1135,1981.38977,-44.8624191,-1135.9209
1939,100,-1160,1939.37695,130.102341,-1160.92615
1953,-75,-1147,1953.37695,-44.8757057,-1147.92615
2992,-295,-720,2992.69629,-293.546692,-719.282288
2972,-295,-700,2972.69849,-293.546692,-699.284424
2990,-277,-694,2990.69629,-275.547241,-693.282288
2992,-295,-720,2992.69629,-293.546692,-719.282288
2990,-277,-694,2990.69629,-275.547241,-693.282288
2998,-277,-702,2998.69629,-275.547241,-701.282288
2972,-295,-680,2972.69922,-293.57019,-680.714905
2992,-295,-660,2992.69629,-293.570374,-660.717712
2998,-277,-678,2998.69629,-275.570923,-678.71759
2972,-295,-680,2972.69922,-293.57019,-680.714905
2998,-277,-678,2998.69629,-275.570923,-678.71759
2990,-277,-686,2990.69629,-275.570923,-686.71759
3012,-295,-660,3011.28271,-293.488678,-660.696777
3032,-295,-680,3031.28247,-293.488678,-680.696411
3014,-277,-686,3013.28271,-275.489227,-686.696777
3012,-295,-660,3011.28271,-293.488678,-660.696777
3014,-277,-686,3013.28271,-275.489227,-686.696777
3006,-277,-678,3005.28271,-275.489227,-678.696777
3032,-295,-700,3031.28271,-293.465027,-699.303223
3012,-295,-720,3011.28613,-293.465027,-719.299744
3006,-277,-702,3005.28271,-275.465576,-701.303223
3032,-295,-700,3031.28271,-293.465027,-699.303223
3006,-277,-702,3005.28271,-275.465576,-701.303223
3014,-277,-694,3013.28271,-275.465576,-693.303223
2832,-302,-600,2831.31738,-301.285553,-599.269226
2812,-287,-600,2811.31934,-286.285187,-599.267456
2818,-277,-582,2817.31934,-276.285126,-581.267456
2832,-302,-600,2831.95605,-301.413605,-599.000977
2818,-277,-582,2817.95605,-276.413269,-581.000977
2826,-277,-582,2825.95605,-276.413269,-581.000977
2792,-293,-560,2792.64624,-291.644684,-560.763123
2812,-295,-540,2812.6582,-293.644714,-540.752686
2818,-277,-558,2818.646,-275.645172,-558.763306
2832,-295,-540,2831.15479,-294.240021,-540.534363
2852,-304,-560,2851.15527,-303.239868,-560.535156
2834,-277,-566,2833.15503,-276.240784,-566.53479
2832,-295,-540,2831.28516,-293.67981,-540.69928
2834,-277,-566,2833.28516,-275.680359,-566.699219
2826,-277,-558,2825.28516,-275.680359,-558.69928
2852,-304,-560,2851.00098,-303.214325,-560.042969
2852,-304,-580,2851.00098,-303.214325,-580.042969
2834,-277,-574,2833.00098,-276.214294,-574.042969
2852,-304,-560,2851.00098,-303.214325,-560.042969
2834,-277,-574,2833.00098,-276.214294,-574.042969
2834,-277,-566,2833.00098,-276.214294,-566.042969
2852,-304,-580,2851.25513,-302.645111,-579.332825
2832,-302,-600,2831.26489,-300.64505,-599.322083
2826,-277,-582,2825.25513,-275.644653,-581.332825
2852,-304,-580,2851.28564,-302.223511,-579.300232
2826,-277,-582,2825.28418,-275.223145,-581.301758
2834,-277,-574,2833.28516,-275.223145,-573.30072
2903,-120,-1566,2903.37231,-90.84021,-1566.9281
2968,-120,-1539,2968.37207,-90.8930969,-1539.9281
2903,-20,-1568,2903.37231,9.17657948,-1568.9281
2843,-19,-1539,2842.53125,0.482743889,-1539.8833
2843,-120,-1536,2842.53223,-100.539459,-1536.88379
2903,-120,-1566,2902.53174,-100.576241,-1566.88354
2843,-19,-1539,2842.56836,29.7889214,-1539.90198
2903,-120,-1566,2902.57031,-71.2046051,-1566.90295
2903,-20,-1568,2902.57031,28.7720032,-1568.90295
2852,-120,-1320,2851.00488,-108.760864,-1319.90137
2831,-25,-1440,2830.00391,-13.7499638,-1439.91211
2852,-6,-1200,2851.00391,5.23995018,-1199.91211
3313,-64,-680,3313.99609,-57.2205086,-680.086914
3328,18,-696,3328.99609,24.7851601,-696.086914
3318,-15,-739,3318.99609,-8.21477604,-739.086914
3318,-80,-724,3318.83154,-74.8547211,-724.55542
3318,-15,-739,3318.82935,-9.84971142,-739.55835
3296,6,-777,3296.83008,11.1576052,-777.557617
3318,-80,-952,3318.97949,-55.2660713,-951.798523
3318,-15,-937,3318.97852,9.74287224,-936.793884
3328,18,-980,3328.98145,42.7418633,-979.808289
3318,-80,-952,3318.95093,-16.5149593,-951.690613
3328,18,-980,3328.95093,81.5851364,-979.690613
3332,-64,-996,3332.94995,-0.494830251,-995.687622
3318,-15,-937,3318.97485,39.6842918,-936.777161
3332,100,-989,3332.97437,154.639023,-988.775391
3328,18,-980,3328.97632,72.6759186,-979.78418
2941,60,-1140,2941.57275,63.9624939,-1140.8197
2977,52,-1113,2977.56934,55.9658318,-1113.82202
3019,178,-1108,3019.57251,181.958511,-1108.81982
1087,110,1143,1086.13562,112.326057,1143.50281
1086,130,1153,1085.13513,132.325668,1153.50195
1100,130,1177,1099.13513,132.325012,1177.50195
1087,110,1143,1086.13562,112.598961,1143.50281
1100,130,1177,1099.13147,132.600098,1177.49561
1105,110,1174,1104.13159,112.599396,1174.49585
1053,110,1163,1053.50195,111.96302,1163.86487
1062,130,1167,1062.49646,131.963394,1167.86804
1086,130,1153,1086.48828,131.962402,1153.87268
1053,110,1163,1053.50195,113.295013,1163.86487
1086,130,1153,1086.49512,133.294403,1153.86877
1087,110,1143,1087.50366,113.294365,1143.86389
1071,110,1194,1071.86389,112.508614,1193.49634
1076,130,1191,1076.86389,132.507996,1190.49634
1062,130,1167,1062.86438,132.50975,1166.49719
1071,110,1194,1071.86389,114.486771,1193.49634
1062,130,1167,1062.86377,134.489014,1166.49622
1053,110,1163,1053.86389,114.488747,1162.49634
1209,110,1073,1208.13525,111.890884,1073.5022
1207,130,1083,1206.13513,131.890839,1083.50195
1221,130,1107,1220.13525,131.891602,1107.5022
1209,110,1073,1208.13611,111.515533,1073.50366
1221,130,1107,1220.13513,131.513199,1107.50195
1227,110,1104,1226.13513,111.514,1104.50195
1174,110,1093,1174.48828,113.220627,1093.87268
1183,130,1097,1183.50195,133.221329,1097.86487
1207,130,1083,1207.50195,133.220673,1083.86487
1174,110,1093,1174.47961,112.43602,1093.87744
1207,130,1083,1207.47961,132.436096,1083.87744
1209,110,1073,1209.48828,112.437378,1073.87268
1192,110,1124,1192.86475,113.228905,1123.4978
1197,130,1121,1197.86401,133.228073,1120.49658
1183,130,1097,1183.86475,133.229813,1096.4978
1192,110,1124,1192.86377,111.969299,1123.49622
1183,130,1097,1183.86389,131.971542,1096.49634
1174,110,1093,1174.86438,111.971275,1092.49719
1034,202,1305,1033.49622,250.554016,1304.13623
1005,205,1322,1004.48724,253.559113,1321.14148
995,202,1328,994.486633,250.562317,1327.14185
1048,186,1297,1047.49133,258.859344,1296.13904
1034,202,1305,1033.49133,274.876556,1304.13904
995,202,1328,994.496094,274.894257,1327.13635
1044,204,1265,1043.00488,221.104355,1265.09839
1048,186,1297,1047.00488,203.106659,1297.09863
1044,177,1256,1043.00488,194.113052,1256.09863
1044,204,1265,1043.50293,206.525116,1264.13232
1065,230,1244,1064.50977,232.527618,1243.12842
1021,226,1270,1020.49677,228.526093,1269.13586
1048,186,1297,1047.0116,191.22467,1297.15161
1053,163,1294,1052.0116,168.225769,1294.15149
1044,177,1256,1043.0116,182.225342,1256.15173
1053,163,1294,1052.02136,177.656097,1294.20544
1056,110,1292,1055.02136,124.669319,1292.2052
1044,177,1256,1043.02136,191.661469,1256.20544
1044,204,1265,1043.04126,205.221558,1264.71582
1021,226,1270,1020.03882,227.221695,1269.72412
1034,202,1305,1033.04077,203.222336,1304.71741
1048,186,1297,1047.04077,186.883102,1296.71741
1044,204,1265,1043.03491,204.883408,1264.73816
1034,202,1305,1033.03491,202.882614,1304.73816
1020,220,1312,1019.00189,222.72583,1311.9386
1024,205,1311,1023.00098,207.72496,1310.95593
1021,226,1270,1020.00189,228.725891,1269.9386
947,177,1312,947.579163,206.293411,1311.18481
981,186,1336,981.56958,215.264328,1335.1781
955,204,1317,955.579346,233.278183,1316.18494
970,226,1299,969.477173,227.530243,1298.14758
926,230,1324,925.472046,231.530487,1323.15076
955,204,1317,954.463867,205.528854,1316.15588
947,177,1312,947.613525,180.372864,1311.21033
975,163,1339,975.618164,166.37114,1338.21399
981,186,1336,981.613525,189.370209,1335.21033
947,177,1312,947.677734,194.374451,1311.26477
972,110,1341,972.67804,127.37973,1340.26501
975,163,1339,975.677795,180.375809,1338.26477
995,202,1328,995.215088,202.53067,1327.02344
970,226,1299,970.222656,226.530563,1298.02515
955,204,1317,955.206055,204.530441,1316.02148
995,202,1328,995.223816,203.60733,1327.02539
955,204,1317,955.243164,205.60704,1316.03003
981,186,1336,981.222717,187.607056,1335.02515
1024,205,1311,1023.51855,221.969727,1310.12354
1020,220,1312,1019.53235,236.971985,1311.11609
1007,220,1319,1006.51001,236.968369,1318.1283
1005,205,1322,1004.49677,213.426926,1321.13586
1024,205,1311,1023.50977,213.424622,1310.12842
1007,220,1319,1006.49615,228.426178,1318.13623
970,226,1299,970.424011,231.825562,1298.09436
1005,205,1322,1005.4245,210.824615,1321.0946
1007,220,1319,1007.42468,225.825211,1318.09473
1380,202,1105,1379.49609,233.924469,1104.13635
1351,205,1122,1350.48633,236.925415,1121.14209
1341,202,1128,1340.49622,233.93277,1127.13623
1394,186,1097,1393.48633,223.179031,1096.14209
1380,202,1105,1379.49133,239.205093,1104.13904
1341,202,1128,1340.47656,239.213943,1127.14795
1390,204,1066,1389.00476,238.418961,1066.09668
1394,186,1097,1393.00488,220.436676,1097.09851
1390,177,1056,1389.00488,211.425247,1056.09802
1390,204,1066,1389.50977,206.215179,1065.12842
1411,230,1044,1410.50977,232.216431,1043.12842
1367,226,1070,1366.50977,228.215439,1069.12842
1394,186,1097,1393.00964,191.340256,1097.13843
1399,163,1094,1398.01062,168.34108,1094.14478
1390,177,1056,1389.00977,182.340927,1056.1394
1399,163,1094,1398.01953,178.794388,1094.19653
1403,110,1092,1402.02026,125.795631,1092.2002
1390,177,1056,1389.02136,192.787201,1056.2052
1390,204,1066,1389.0387,205.341278,1065.72461
1367,226,1070,1366.0437,227.340958,1069.70764
1380,202,1105,1379.0437,203.34169,1104.70764
1394,186,1097,1393.04077,186.723709,1096.71741
1390,204,1066,1389.03711,204.723801,1065.73022
1380,202,1105,1379.03674,202.722794,1104.73145
1367,220,1112,1366.00098,225.004913,1111.95593
1370,205,1111,1369.00098,210.004593,1110.95593
1367,226,1070,1366.00098,231.003159,1069.95593
1293,177,1112,1293.57312,234.854507,1111.18054
1327,186,1136,1327.57239,243.828293,1135.18005
1301,204,1117,1301.57275,261.839264,1116.1803
1317,226,1099,1316.49634,229.181595,1098.13611
1272,230,1124,1271.47656,233.181854,1123.14795
1301,204,1117,1300.47656,207.182083,1116.14795
1293,177,1112,1293.61462,179.510406,1111.21118
1322,163,1139,1322.61353,165.51004,1138.21033
1327,186,1136,1327.61328,188.511719,1135.21021
1293,177,1112,1293.6582,192.777679,1111.24719
1318,110,1141,1318.6582,125.787949,1140.24719
1322,163,1139,1322.65894,178.779678,1138.2478
1341,202,1128,1341.22266,203.265289,1127.02515
1317,226,1099,1317.22266,227.265793,1098.02515
1301,204,1117,1301.20605,205.265854,1116.02148
1341,202,1128,1341.23926,204.3396,1127.02905
1301,204,1117,1301.23962,206.339539,1116.02917
1327,186,1136,1327.23926,188.339432,1135.02905
1370,205,1111,1369.49121,220.064194,1110.13916
1367,220,1112,1366.49121,235.059311,1111.13916
1353,220,1120,1352.49634,235.065216,1119.13611
1351,205,1122,1350.49609,227.454681,1121.13635
1370,205,1111,1369.49121,227.454681,1110.13916
1353,220,1120,1352.49133,242.45549,1119.13904
1317,226,1099,1317.48035,233.376465,1098.12292
1351,205,1122,1351.47961,212.374878,1121.12256
1353,220,1120,1353.47986,227.375961,1119.12268
1904,202,2102,1904.49536,213.902847,2102.86865
1913,205,2097,1913.50208,216.903763,2097.86475
1942,202,2080,1942.48828,213.898819,2080.87256
1904,202,2102,1904.48657,273.391663,2102.87354
1942,202,2080,1942.47949,273.391663,2080.87744
1957,186,2071,1957.49524,257.420715,2071.86865
1889,186,2110,1889.48657,203.54187,2110.87354
1904,202,2102,1904.47778,219.526443,2102.87842
1957,186,2071,1957.48926,203.519455,2071.87207
1990,177,2095,1989.38513,190.987915,2095.78857
1957,186,2071,1956.39685,199.983475,2071.79761
1982,204,2091,1981.38477,217.98085,2091.78833
1967,226,2109,1967.53442,227.996536,2109.84521
2011,230,2083,2011.52173,231.999908,2083.85303
1982,204,2091,1982.52649,205.996628,2091.8501
1990,177,2095,1989.3656,179.472534,2095.77295
1962,163,2068,1961.36584,165.47348,2068.77319
1957,186,2071,1956.36584,188.473038,2071.77319
1990,177,2095,1989.31921,188.8302,2095.73242
1965,110,2067,1964.31873,121.833992,2067.73193
1962,163,2068,1961.32056,174.827118,2068.73364
1942,202,2080,1941.78479,202.71843,2080.97656
1967,226,2109,1966.78479,226.718414,2109.97656
1982,204,2091,1981.75879,204.718201,2091.97046
1942,202,2080,1941.77722,203.039856,2080.97485
1982,204,2091,1981.75977,205.0401,2091.9707
1957,186,2071,1956.75586,187.039948,2071.96973
1967,226,2109,1966.53308,229.868927,2109.88428
1933,205,2085,1932.53259,208.869217,2085.88403
1930,220,2088,1929.53125,223.869583,2088.8833
1893,204,2142,1893.99304,239.502747,2141.88281
1889,186,2110,1889.99426,221.508545,2109.89307
1893,177,2151,1893.99426,212.514938,2150.89307
1893,204,2142,1893.46484,207.454819,2142.88525
1872,230,2163,1872.45312,233.454407,2163.89136
1917,226,2138,1917.45276,229.454529,2138.8916
1889,186,2110,1889.98804,188.728958,2109.84668
1884,163,2113,1884.9873,165.730331,2112.84131
1893,177,2151,1893.9873,179.72963,2150.84131
1884,163,2113,1884.97632,184.392838,2112.78418
1881,110,2115,1881.97864,131.40799,2114.79443
1893,177,2151,1893.97864,198.400146,2150.79443
1889,186,2110,1889.94995,188.102173,2110.31226
1893,204,2142,1893.94788,206.102234,2142.31836
1904,202,2102,1904.94983,204.102097,2102.3125
1917,220,2096,1917.52161,241.781601,2096.85303
1930,220,2088,1930.51172,241.777863,2088.85913
1933,205,2085,1933.52661,226.779251,2085.8501
1917,220,2096,1917.50208,234.888,2096.86475
1933,205,2085,1933.5022,219.889236,2085.86475
1913,205,2097,1913.49536,219.886169,2097.86865
1917,220,2096,1917.99902,225.622208,2096.0415
1913,205,2097,1913.99902,210.622787,2097.04248
1917,226,2138,1917.99902,231.623688,2138.04175
1557,202,2302,1557.47949,231.176285,2302.87744
1596,202,2280,1596.47961,231.167938,2280.87744
1611,186,2271,1611.49536,215.168427,2271.86865
1644,177,2295,1643.40833,227.691895,2295.80615
1611,186,2271,1610.40466,236.707718,2271.80347
1636,204,2290,1635.40967,254.684189,2290.80713
1621,226,2309,1621.52661,229.57811,2309.8501
1665,230,2283,1665.52661,233.577988,2283.8501
1636,204,2290,1636.52637,207.57843,2290.8501
1644,177,2295,1643.36584,179.97554,2295.77319
1616,163,2268,1615.3656,165.976227,2268.77295
1611,186,2271,1610.36707,188.976059,2271.77417
1644,177,2295,1643.32056,197.941422,2295.73364
1619,110,2267,1618.32129,130.947556,2267.73438
1616,163,2268,1615.32129,183.940689,2268.73438
1596,202,2280,1595.78479,203.187454,2280.97656
1636,204,2290,1635.78479,205.187393,2290.97656
1611,186,2271,1610.79395,187.187134,2271.97852
1621,226,2309,1620.53174,231.250488,2309.88354
1586,205,2285,1585.53174,210.252441,2285.88354
1584,220,2288,1583.51855,225.251205,2288.87646
1547,204,2342,1547.99426,244.905899,2341.89307
1543,186,2310,1543.99402,226.904709,2309.8916
1547,177,2351,1547.99402,217.911102,2350.8916
1547,204,2342,1547.46484,206.885803,2342.88525
1526,230,2363,1526.46313,232.884613,2363.88623
1570,226,2338,1570.46484,228.886292,2338.88525
1543,186,2310,1543.9873,188.844543,2309.84131
1538,163,2313,1538.98816,165.845383,2312.84668
1547,177,2351,1547.98816,179.844681,2350.84668
1538,163,2313,1538.97852,179.378479,2312.79395
1535,110,2315,1535.97668,126.391701,2314.7854
1547,177,2351,1547.97644,193.382889,2350.78442
1547,204,2342,1547.95569,204.638443,2342.29395
1570,226,2338,1570.95605,226.638489,2338.29297
1557,202,2302,1557.95496,202.638855,2302.29639
1543,186,2310,1543.95898,187.024628,2310.28345
1547,204,2342,1547.96082,205.024918,2342.2771
1557,202,2302,1557.96277,203.024139,2302.27002
1571,220,2296,1571.52173,228.834549,2296.85303
1584,220,2288,1584.52185,228.834549,2288.85303
1586,205,2285,1586.5166,213.83165,2285.8562
1571,220,2296,1571.49524,224.549957,2296.86865
1586,205,2285,1586.49524,209.547882,2285.86865
1567,205,2296,1567.49585,209.549728,2296.86841
1571,220,2296,1571.99707,222.637741,2296.07617
1567,205,2296,1567.99817,207.638672,2296.05981
1570,226,2338,1570.99805,228.635651,2338.06055
1829,110,2188,1828.72327,142.785736,2188.96094
1811,110,2183,1810.72327,142.785736,2183.96094
1805,245,2186,1804.72949,277.755035,2186.96265
1762,221,2211,1762.49316,307.475769,2211.86987
1805,245,2186,1805.5022,331.506714,2186.86475
1796,227,2191,1796.5022,313.495392,2191.86475
1762,266,2211,1762.48657,388.698944,2211.87354
1792,295,2194,1792.48828,417.77121,2194.87256
1805,245,2186,1805.47949,367.710022,2186.87744
1792,295,2194,1792.08765,306.325775,2194.99609
1829,280,2188,1829.08752,291.328369,2188.99609
1805,245,2186,1805.09741,256.332489,2186.99512
1718,245,2236,1718.8031,250.478485,2236.5957
1708,280,2258,1708.81921,285.484467,2258.57349
1731,295,2229,1731.80591,300.481659,2229.5918
1713,110,2240,1713.96069,150.402451,2240.2771
1708,110,2258,1708.9646,150.420059,2258.26343
1718,245,2236,1718.9646,285.421448,2236.26343
-2885,-251,-897,-2885.69971,-208.957306,-896.285583
-2899,-240,-910,-2899.69727,-197.956757,-909.283203
-2885,-105,-890,-2885.69653,-62.9422798,-889.282532
-2885,-105,-890,-2885.91113,-94.6818008,-889.587891
-2899,-70,-910,-2899.91479,-59.6845856,-909.59613
-2885,-55,-875,-2885.91064,-44.679882,-874.586914
-2885,-55,-805,-2885.91064,-49.1801147,-805.413086
-2899,-70,-770,-2899.91479,-64.1848145,-770.40387
-2885,-105,-790,-2885.91089,-99.1820297,-790.412598
-2899,-240,-770,-2899.71362,-214.88353,-770.7005
-2885,-251,-784,-2885.71362,-225.87999,-784.7005
-2885,-105,-790,-2885.71655,-79.9463348,-790.69751
-1741,-240,-1089,-1741.04297,-227.414703,-1089.99902
-1749,-120,-1103,-1749.04297,-107.414154,-1103.99902
-1769,-120,-1103,-1769.04297,-107.414154,-1103.99902
-1777,-240,-1089,-1777.04297,-227.414703,-1089.99902
-1741,-240,-1089,-1741.04297,-227.414703,-1089.99902
-1769,-120,-1103,-1769.04297,-107.414154,-1103.99902
-1741,-240,-1089,-1741.87158,-228.025818,-1089.49023
-1723,-240,-1120,-1723.87158,-228.028992,-1120.49023
-1749,-120,-1103,-1749.87146,-108.021019,-1103.49023
-1723,-240,-1120,-1723.86389,-231.836807,-1120.50366
-1739,-120,-1120,-1739.86523,-111.834061,-1120.50134
-1749,-120,-1103,-1749.87146,-111.838341,-1103.49011
-1515,-240,-1120,-1514.13843,-234.450607,-1120.50757
-1497,-240,-1089,-1496.13513,-234.44902,-1089.50195
-1499,-120,-1120,-1498.1355,-114.439888,-1120.50256
-1497,-240,-1089,-1496.13538,-234.88295,-1089.50232
-1489,-120,-1103,-1488.13562,-114.868698,-1103.50281
-1499,-120,-1120,-1498.13806,-114.868172,-1120.50696
-1497,-240,-1089,-1497.04297,-227.414703,-1089.99902
-1461,-240,-1089,-1461.04297,-227.414703,-1089.99902
-1489,-120,-1103,-1489.04297,-107.414154,-1103.99902
-1461,-240,-1089,-1461.04297,-227.414703,-1089.99902
-1469,-120,-1103,-1469.04297,-107.414154,-1103.99902
-1489,-120,-1103,-1489.04297,-107.414154,-1103.99902
-1769,-120,-577,-1769.04297,-113.188011,-576.000977
-1749,-120,-577,-1749.04297,-113.188011,-576.000977
-1741,-240,-591,-1741.04297,-233.189087,-590.000977
-1769,-120,-577,-1769.04297,-113.188011,-576.000977
-1741,-240,-591,-1741.04297,-233.189087,-590.000977
-1777,-240,-591,-1777.04297,-233.189087,-590.000977
-1749,-120,-577,-1749.86389,-114.076103,-576.496338
-1739,-120,-560,-1739.86084,-114.075043,-559.491211
-1741,-240,-591,-1741.86377,-234.08931,-590.496155
-1739,-120,-560,-1739.86377,-108.093689,-559.496155
-1723,-240,-560,-1723.87146,-228.10495,-559.509766
-1741,-240,-591,-1741.86365,-228.102814,-590.496094
-1499,-120,-560,-1498.13843,-110.880333,-559.492371
-1489,-120,-577,-1488.13831,-110.881401,-576.492615
-1515,-240,-560,-1514.13513,-230.883087,-559.498047
-1489,-120,-577,-1488.13525,-111.312492,-576.497803
-1497,-240,-591,-1496.13855,-231.317291,-590.492188
-1515,-240,-560,-1514.13538,-231.32045,-559.49762
-1489,-120,-577,-1489.04297,-113.188011,-576.000977
-1469,-120,-577,-1469.04297,-113.188011,-576.000977
-1497,-240,-591,-1497.04297,-233.189087,-590.000977
-1469,-120,-577,-1469.04297,-113.188011,-576.000977
-1461,-240,-591,-1461.04297,-233.189087,-590.000977
-1497,-240,-591,-1497.04297,-233.189087,-590.000977
-1899,-120,-960,-1899.50195,-113.550491,-960.864807
-1899,-240,-944,-1899.50684,-233.561752,-944.861877
-1868,-240,-962,-1868.50195,-233.559616,-962.864868
-1882,-120,-970,-1882.5166,-110.078331,-970.856079
-1899,-120,-960,-1899.50195,-110.076225,-960.864868
-1868,-240,-962,-1868.50684,-230.091537,-962.861877
-1882,-120,-990,-1882.99902,-109.605293,-990.042969
-1882,-120,-970,-1882.99902,-109.605293,-970.042969
-1868,-240,-962,-1868.99902,-229.606888,-962.042969
-1882,-120,-990,-1882.99902,-109.605293,-990.042969
-1868,-240,-962,-1868.99902,-229.606888,-962.042969
-1868,-240,-998,-1868.99902,-229.606888,-998.042969
-1356,-120,-970,-1355.00098,-110.995819,-970.042969
-1356,-120,-990,-1355.00098,-110.995819,-990.042969
-1370,-240,-998,-1369.00098,-230.997421,-998.042969
-1356,-120,-970,-1355.00098,-110.995819,-970.042969
-1370,-240,-998,-1369.00098,-230.997421,-998.042969
-1370,-240,-962,-1369.00098,-230.997421,-962.042969
-1356,-120,-970,-1355.5033,-113.435608,-970.86792
-1370,-240,-962,-1369.49634,-233.440399,-962.863892
-1339,-240,-944,-1338.49634,-233.444107,-944.863892
-1339,-120,-960,-1338.49634,-108.914612,-960.863892
-1356,-120,-970,-1355.49634,-108.916214,-970.863892
-1339,-240,-944,-1338.49634,-228.916824,-944.863892
-1882,-120,-710,-1882.99902,-109.605293,-710.042969
-1882,-120,-690,-1882.99902,-109.605293,-690.042969
-1868,-240,-682,-1868.99902,-229.606888,-682.042969
-1882,-120,-710,-1882.99902,-109.605293,-710.042969
-1868,-240,-682,-1868.99902,-229.606888,-682.042969
-1868,-240,-718,-1868.99902,-229.606888,-718.042969
-1882,-120,-710,-1882.50195,-114.559547,-709.135132
-1868,-240,-718,-1868.50195,-234.563812,-717.135132
-1899,-240,-736,-1899.50195,-234.56752,-735.135132
-1899,-120,-720,-1899.50281,-113.800858,-719.13562
-1882,-120,-710,-1882.50195,-113.80246,-709.135132
-1899,-240,-736,-1899.50281,-233.80307,-735.13562
-1356,-120,-710,-1355.50293,-110.234322,-709.132324
-1339,-120,-720,-1338.49634,-110.232208,-719.136108
-1370,-240,-718,-1369.49609,-230.247528,-717.136292
-1339,-120,-720,-1338.49609,-108.982552,-719.136292
-1339,-240,-736,-1338.50293,-228.99382,-735.132324
-1370,-240,-718,-1369.50977,-228.99382,-717.128418
-1356,-120,-690,-1355.00098,-110.995819,-690.042969
-1370,-240,-718,-1369.00098,-230.997421,-718.042969
-1370,-240,-682,-1369.00098,-230.997421,-682.042969
-1356,-120,-690,-1355.00098,-110.995819,-690.042969
-1356,-120,-710,-1355.00098,-110.995819,-710.042969
-1370,-240,-718,-1369.00098,-230.997421,-718.042969
2106,592,-4488,2106.48926,712.323914,-4488.87207
1915,533,-4599,1915.49365,653.313416,-4599.86963
1775,371,-4679,1775.4884,491.194885,-4679.87256
2046,210,-4523,2046.97644,222.536392,-4523.21533
2050,210,-4504,2050.97852,222.542664,-4504.20605
2056,345,-4501,2056.97827,357.552673,-4501.20703
2069,395,-4493,2069.80957,405.129913,-4493.58691
2046,380,-4523,2046.80957,390.124359,-4523.58691
2056,345,-4501,2056.8186,355.127441,-4501.57422
2143,345,-4451,2143.07593,352.970276,-4451.99707
2167,380,-4453,2167.06128,387.975525,-4453.99805
2130,395,-4458,2130.06128,402.972961,-4458.99805
2148,210,-4448,2147.7373,229.742249,-4448.96484
2167,210,-4453,2166.7373,229.742249,-4453.96484
2143,345,-4451,2142.7373,364.687805,-4451.96484
2056,345,-4501,2056.48901,424.37207,-4501.87207
2099,321,-4476,2099.47778,400.330017,-4476.87842
2134,328,-4456,2134.48926,407.30307,-4456.87207
-558,432,-3487,-557.138,531.62677,-3487.50684
-569,392,-3505,-568.135132,491.664642,-3505.50195
-539,392,-3453,-538.135132,491.682922,-3453.50195
-599,392,-3557,-598.138,428.021851,-3557.50684
-569,392,-3505,-568.135132,428.021851,-3505.50195
-578,432,-3522,-577.135132,468.027618,-3522.50195
-578,432,-3522,-577.135132,477.89093,-3522.50195
-569,392,-3505,-568.135132,437.892151,-3505.50195
-558,432,-3487,-557.135132,477.89093,-3487.50195
-878,873,-4041,-877.138,1007.63483,-4041.50684
-599,392,-3557,-598.143799,526.363342,-3557.5166
-578,432,-3522,-577.135254,566.465027,-3522.5022
-78,870,-2656,-77.1284103,1002.23694,-2656.49023
-558,432,-3487,-557.131592,563.600647,-3487.49585
-539,392,-3453,-538.127319,523.652832,-3453.48828
-1704,152,-2792,-1704.5343,217.647995,-2792.84521
-1773,222,-2751,-1773.52637,287.717957,-2751.8501
-1635,29,-2832,-1635.5271,94.6005249,-2832.84961
-1226,150,1423,-1226.9812,172.804779,1423.19238
-1230,150,1404,-1230.97937,172.811066,1404.20166
-1236,285,1401,-1236.97839,307.824219,1401.20654
-1249,335,1393,-1249.8313,346.259979,1393.55566
-1226,320,1423,-1226.81946,331.256409,1423.57312
-1236,285,1401,-1236.81885,296.257477,1401.57397
-1323,285,1351,-1323.08752,297.290924,1351.99609
-1347,320,1353,-1347.09802,332.298279,1353.99512
-1310,335,1358,-1310.09814,347.295715,1358.99512
-1328,150,1347,-1327.69067,174.627243,1347.95093
-1347,150,1353,-1346.70642,174.622589,1353.95593
-1323,285,1351,-1322.70605,309.65567,1351.95581
-1314,267,1356,-1314.50684,300.453583,1356.86194
-1245,268,1396,-1245.50684,301.442444,1396.86194
-1279,261,1376,-1279.50232,294.450592,1376.86462
