-280,-220,-2300,-280.042267,-208.366028,-2300.99902
-143,-332,-2296,-143.042267,-320.350067,-2296.99902
-60,-290,-2300,-60.0425262,-278.326233,-2300.99902
160,-220,-2300,160.040512,-209.738831,-2300.99902
-60,-290,-2300,-59.9575729,-279.743896,-2300.99902
20,-332,-2296,20.0374298,-321.751923,-2296.99927
160,-530,-2300,159.771423,-525.777649,-2300.97339
20,-332,-2296,19.7675781,-327.747833,-2296.97241
67,-408,-2296,66.7755737,-403.758057,-2296.97437
-187,-408,-2296,-186.957672,-290.608154,-2296.99902
-143,-332,-2296,-142.964722,-214.65303,-2296.99927
-280,-220,-2300,-279.958679,-102.656441,-2300.99902
659,-511,-3187,659.993103,-508.507233,-3186.88281
672,-491,-3191,672.995117,-488.50766,-3190.90137
672,-494,-3208,672.993286,-491.507355,-3207.88452
669,-496,-3202,669.98053,-494.87738,-3201.80371
675,-491,-3219,675.978638,-489.87735,-3218.79443
667,-509,-3226,667.981506,-507.877472,-3225.80859
700,-498,-3192,700.411987,-496.90036,-3192.91113
705,-485,-3201,705.402954,-483.900299,-3201.91504
659,-502,-3207,659.40271,-500.900421,-3207.91504
659,-502,-3207,659.040039,-499.802338,-3206.00098
705,-485,-3201,705.040283,-482.801331,-3200.00098
702,-494,-3205,702.03949,-491.801422,-3204.00098
677,-496,-3199,677.988159,-494.924133,-3198.84668
682,-491,-3216,682.987244,-489.92392,-3215.84082
675,-509,-3224,675.987366,-507.923279,-3223.84155
667,-511,-3185,667.984253,-509.406616,-3184.82324
679,-491,-3189,679.984253,-489.406616,-3188.82324
680,-494,-3205,680.984253,-492.406128,-3204.82324
674,-511,-3183,674.984375,-508.756195,-3182.82397
686,-491,-3187,686.984558,-488.756104,-3186.82495
687,-494,-3203,687.984497,-491.755646,-3202.82471
684,-496,-3197,684.986267,-494.230438,-3196.83496
689,-491,-3214,689.987244,-489.22998,-3213.84082
682,-509,-3221,682.988159,-507.229736,-3220.84668
682,-511,-3181,682.984253,-508.390869,-3180.82324
694,-491,-3185,694.984253,-488.39093,-3184.82324
695,-494,-3201,695.987366,-491.39032,-3200.84155
692,-496,-3195,692.988281,-494.775055,-3194.84741
697,-491,-3212,697.988159,-489.774963,-3211.84668
690,-509,-3220,690.988159,-507.774353,-3219.84668
616,-570,-2548,616.534729,-567.747253,-2547.15503
622,-551,-2537,622.534302,-548.74762,-2536.15479
631,-550,-2542,631.53479,-547.74762,-2541.15503
616,-570,-2548,616.481445,-568.074219,-2547.12354
618,-550,-2534,618.479675,-548.074158,-2533.12256
622,-551,-2537,622.479553,-549.07428,-2536.12256
616,-570,-2548,616.678467,-567.882874,-2547.26538
608,-567,-2538,608.677917,-564.882874,-2537.26489
618,-550,-2534,618.696777,-547.882019,-2533.28271
621,-550,-2518,621.969666,-549.111755,-2518.24438
618,-551,-2528,618.969482,-550.111877,-2528.24512
607,-570,-2525,607.969482,-569.112122,-2525.24512
618,-550,-2534,618.995117,-547.478088,-2534.09863
607,-570,-2525,607.995117,-567.478149,-2525.09863
618,-551,-2528,618.995117,-548.478027,-2528.09863
618,-550,-2534,618.997986,-547.469727,-2534.06226
608,-567,-2538,608.998047,-564.468994,-2538.06226
607,-570,-2525,607.998047,-567.468994,-2525.06201
593,-568,-2572,593.362732,-565.770996,-2571.06812
628,-560,-2582,628.349854,-557.769592,-2581.06323
625,-577,-2588,625.350403,-574.770386,-2587.06348
812,-568,-4894,812.997009,-566.370117,-4894.07666
812,-560,-4931,812.997009,-558.36853,-4931.07715
806,-577,-4930,806.996948,-575.368652,-4930.07666
812,-568,-4894,812.978333,-566.96582,-4894.20703
820,-560,-4893,820.978333,-558.965759,-4893.20703
812,-560,-4931,812.978271,-558.966064,-4931.20703
842,-536,-4895,842.998962,-533.17334,-4895.04492
841,-537,-4907,841.998962,-534.173218,-4907.04492
827,-571,-4895,827.998901,-568.174194,-4895.04492
842,-536,-4895,842.846924,-534.086121,-4895.53125
827,-571,-4895,827.848938,-569.083862,-4895.52832
837,-570,-4879,837.854858,-568.084534,-4879.51855
1430,-680,-5174,1429.0957,-677.931763,-5174.42676
1416,-629,-5175,1415.0957,-626.934326,-5175.42676
1403,-629,-5149,1402.09778,-626.933777,-5149.43115
1430,-680,-5174,1429.0957,-677.931763,-5174.42676
1403,-629,-5149,1402.09778,-626.933777,-5149.43115
1412,-680,-5138,1411.09705,-677.931763,-5138.42969
1412,-680,-5209,1411.08936,-673.256531,-5208.58691
1404,-629,-5201,1403.0824,-622.260742,-5200.60254
1416,-629,-5175,1415.08496,-622.260742,-5174.59668
1412,-680,-5209,1411.10864,-674.673462,-5208.54688
1416,-629,-5175,1415.10864,-623.675903,-5174.54688
1430,-680,-5174,1429.10083,-674.675598,-5173.5625
1369,-680,-5222,1368.70691,-673.117249,-5221.04395
1373,-629,-5210,1372.70691,-622.120483,-5209.04395
1404,-629,-5201,1403.73022,-622.118042,-5200.03711
1369,-680,-5222,1368.69141,-674.709717,-5221.04883
1404,-629,-5201,1403.68835,-623.706177,-5200.0498
1412,-680,-5209,1411.70374,-674.707153,-5208.04492
1337,-680,-5203,1337.49622,-674.144531,-5202.13184
1349,-629,-5196,1349.49609,-623.14502,-5195.13184
1373,-629,-5210,1373.50195,-623.14502,-5209.13525
1337,-680,-5203,1337.48926,-677.487488,-5202.12793
1373,-629,-5210,1373.48926,-626.488281,-5209.12793
1369,-680,-5222,1369.49512,-677.487488,-5221.13135
1340,-680,-5164,1340.99402,-676.940491,-5164.1084
1352,-629,-5168,1352.99316,-625.937378,-5168.11621
1349,-629,-5196,1349.995,-625.935791,-5196.09961
1340,-680,-5164,1340.99695,-676.233337,-5164.07666
1349,-629,-5196,1349.99707,-625.237549,-5196.07617
1337,-680,-5203,1337.99707,-676.235046,-5203.07617
1372,-680,-5140,1372.57935,-677.230469,-5140.81494
1375,-629,-5151,1375.57031,-626.228271,-5151.82129
1352,-629,-5168,1352.58008,-626.228271,-5168.81445
1372,-680,-5140,1372.58618,-677.304504,-5140.81006
1352,-629,-5168,1352.57922,-626.304993,-5168.81494
1340,-680,-5164,1340.57324,-677.306946,-5164.81934
1412,-680,-5138,1412.05847,-677.599609,-5138.99805
1403,-629,-5149,1403.05872,-626.5979,-5149.99805
1375,-629,-5151,1375.05957,-626.5979,-5151.99805
1412,-680,-5138,1412.03442,-673.252136,-5138.99902
1375,-629,-5151,1375.04248,-622.250549,-5151.99902
1372,-680,-5140,1372.04077,-673.254395,-5140.99902
1416,-629,-5175,1415.0885,-627.28772,-5174.58887
1404,-629,-5201,1403.08459,-627.287354,-5200.59766
1380,-596,-5178,1379.08459,-594.286865,-5177.59766
1404,-629,-5201,1403.70691,-627.77002,-5200.04395
1373,-629,-5210,1372.70374,-627.770386,-5209.04492
1380,-596,-5178,1379.70056,-594.770691,-5177.0459
1373,-629,-5210,1373.5072,-627.839111,-5209.13818
1349,-629,-5196,1349.50708,-627.838745,-5195.13818
1380,-596,-5178,1380.4884,-594.838501,-5177.12744
1349,-629,-5196,1349.99304,-628.098511,-5196.1167
1352,-629,-5168,1352.99304,-628.098694,-5168.1167
1380,-596,-5178,1380.99292,-595.098145,-5178.11719
1352,-629,-5168,1352.57666,-627.405518,-5168.81689
1375,-629,-5151,1375.58691,-627.404663,-5151.80957
1380,-596,-5178,1380.5835,-594.405457,-5178.81201
1375,-629,-5151,1375.07532,-627.946167,-5151.99707
1403,-629,-5149,1403.05896,-627.946533,-5149.99805
1380,-596,-5178,1380.0603,-594.946106,-5178.99805
1774,-680,-5300,1773.0957,-676.976501,-5300.42676
1760,-629,-5302,1759.10083,-625.97467,-5302.4375
1747,-629,-5276,1746.09473,-625.977112,-5276.4248
1774,-680,-5300,1773.0957,-676.976501,-5300.42676
1747,-629,-5276,1746.09473,-625.977112,-5276.4248
1756,-680,-5264,1755.09546,-676.978882,-5264.42627
1756,-680,-5336,1755.09436,-677.148987,-5335.57617
1748,-629,-5327,1747.0946,-626.15155,-5326.57568
1760,-629,-5302,1759.09521,-626.150391,-5301.57422
1756,-680,-5336,1755.0957,-674.377014,-5335.57324
1760,-629,-5302,1759.09473,-623.380188,-5301.5752
1774,-680,-5300,1773.09473,-674.377014,-5299.5752
1713,-680,-5349,1712.69141,-676.962219,-5348.04883
1717,-629,-5337,1716.67957,-625.966614,-5336.05273
1748,-629,-5327,1747.67957,-625.964111,-5326.05273
1713,-680,-5349,1712.68835,-674.048462,-5348.0498
1748,-629,-5327,1747.68835,-623.051331,-5326.0498
1756,-680,-5336,1755.69141,-674.048462,-5335.04883
1681,-680,-5329,1681.52722,-673.894043,-5328.15039
1693,-629,-5322,1693.52661,-622.893494,-5321.1499
1717,-629,-5337,1717.52637,-622.893494,-5336.1499
1681,-680,-5329,1681.52722,-673.894043,-5328.15039
1717,-629,-5337,1717.52637,-622.893494,-5336.1499
1713,-680,-5349,1713.52246,-673.891907,-5348.14746
1684,-680,-5291,1684.99207,-677.078918,-5291.12451
1696,-629,-5295,1696.99402,-626.080566,-5295.1084
1693,-629,-5322,1693.99207,-626.079529,-5322.12451
1684,-680,-5291,1684.99597,-674.736633,-5291.08887
1693,-629,-5322,1693.995,-623.734985,-5322.09863
1681,-680,-5329,1681.99707,-674.734436,-5329.07617
1716,-680,-5267,1716.58606,-676.476562,-5267.81006
1719,-629,-5278,1719.59082,-625.471985,-5278.80664
1696,-629,-5295,1696.58398,-625.474426,-5295.81152
1716,-680,-5267,1716.57922,-673.34314,-5267.81494
1696,-629,-5295,1696.58398,-622.341187,-5295.81152
1684,-680,-5291,1684.58606,-673.34314,-5291.81006
1756,-680,-5264,1756.06042,-674.294434,-5264.99805
1747,-629,-5276,1747.0603,-623.294128,-5276.99805
1719,-629,-5278,1719.05591,-623.294128,-5278.99805
1756,-680,-5264,1756.06018,-673.717224,-5264.99805
1719,-629,-5278,1719.07544,-622.721497,-5278.99707
1716,-680,-5267,1716.06128,-673.719543,-5267.99805
1760,-629,-5302,1759.0885,-627.431091,-5301.58887
1748,-629,-5327,1747.08887,-627.431458,-5326.58789
1724,-596,-5304,1723.09436,-594.430786,-5303.57617
1748,-629,-5327,1747.6825,-627.434326,-5326.05176
1717,-629,-5337,1716.6825,-627.434326,-5336.05176
1724,-596,-5304,1723.67395,-594.435791,-5303.05469
1717,-629,-5337,1717.51184,-628.269653,-5336.14111
1693,-629,-5322,1693.51196,-628.268921,-5321.14111
1724,-596,-5304,1724.52478,-595.26825,-5303.14893
1693,-629,-5322,1693.99316,-628.349548,-5322.11621
1696,-629,-5295,1696.99304,-628.349182,-5295.1167
1724,-596,-5304,1724.99207,-595.349548,-5304.125
1696,-629,-5295,1696.58008,-627.623108,-5295.81445
1719,-629,-5278,1719.56934,-627.623962,-5278.82178
1724,-596,-5304,1724.57324,-594.624634,-5304.81934
1719,-629,-5278,1719.07593,-627.222107,-5278.99707
1747,-629,-5276,1747.0531,-627.222107,-5276.99854
1724,-596,-5304,1724.04382,-594.222351,-5304.99902
1683,-680,-5133,1682.09473,-674.210693,-5133.4248
1669,-629,-5134,1668.09473,-623.213257,-5134.4248
1656,-629,-5108,1655.09473,-623.213257,-5108.4248
1683,-680,-5133,1682.09473,-674.210693,-5133.4248
1656,-629,-5108,1655.09473,-623.213257,-5108.4248
1665,-680,-5097,1664.09473,-674.210693,-5097.4248
1665,-680,-5168,1664.08887,-673.620667,-5167.58789
1657,-629,-5160,1656.08179,-622.624939,-5159.604
1669,-629,-5134,1668.08582,-622.624939,-5133.59473
1665,-680,-5168,1664.1106,-673.649597,-5167.54297
1669,-629,-5134,1668.11316,-622.6521,-5133.53809
1683,-680,-5133,1682.10474,-673.651733,-5132.55469
1622,-680,-5181,1621.70691,-675.783386,-5180.04395
1626,-629,-5169,1625.69141,-624.789062,-5168.04883
1657,-629,-5160,1656.70691,-624.786621,-5159.04395
1622,-680,-5181,1621.68835,-676.465332,-5180.0498
1657,-629,-5160,1656.70056,-625.461853,-5159.0459
1665,-680,-5168,1664.71655,-676.46283,-5167.04102
1590,-680,-5162,1590.48926,-676.310608,-5161.12793
1602,-629,-5155,1602.48828,-625.311096,-5154.12744
1626,-629,-5169,1626.48926,-625.310059,-5168.12793
1590,-680,-5162,1590.5022,-674.119873,-5161.13525
1626,-629,-5169,1626.50195,-623.120667,-5168.13525
1622,-680,-5181,1622.50256,-674.120911,-5180.13574
1593,-680,-5123,1593.99316,-675.929626,-5123.11621
1605,-629,-5127,1605.99304,-624.926514,-5127.11719
1602,-629,-5155,1602.99512,-624.924438,-5155.09863
1593,-680,-5123,1593.99707,-675.852661,-5123.07617
1602,-629,-5155,1602.99597,-624.857422,-5155.08838
1590,-680,-5162,1590.99695,-675.854309,-5162.07715
1625,-680,-5099,1625.5863,-677.512878,-5099.81006
1628,-629,-5110,1628.57312,-626.510742,-5110.81934
1605,-629,-5127,1605.59424,-626.510742,-5127.8042
1625,-680,-5099,1625.5791,-674.291321,-5099.81494
1605,-629,-5127,1605.58679,-623.289368,-5127.80957
1593,-680,-5123,1593.5863,-674.291321,-5123.81006
1665,-680,-5097,1665.07153,-674.655457,-5097.99707
1656,-629,-5108,1656.04382,-623.653809,-5108.99902
1628,-629,-5110,1628.05872,-623.653809,-5110.99805
1665,-680,-5097,1665.03503,-676.348999,-5097.99902
1628,-629,-5110,1628.04297,-625.347412,-5110.99902
1625,-680,-5099,1625.04114,-676.348999,-5099.99902
1669,-629,-5134,1668.08154,-628.598572,-5133.60449
1657,-629,-5160,1656.08484,-628.597839,-5159.59717
1633,-596,-5137,1632.08887,-595.597351,-5136.58789
1657,-629,-5160,1656.71655,-628.508423,-5159.04102
1626,-629,-5169,1625.70374,-628.509155,-5168.04492
1633,-596,-5137,1632.70691,-595.509155,-5136.04395
1626,-629,-5169,1626.49536,-628.677185,-5168.13135
1602,-629,-5155,1602.48828,-628.677185,-5154.12744
1633,-596,-5137,1633.50024,-595.676514,-5136.13428
1602,-629,-5155,1602.99304,-628.182068,-5155.11719
1605,-629,-5127,1605.99402,-628.182251,-5127.10742
1633,-596,-5137,1633.99316,-595.181458,-5137.11621
1605,-629,-5127,1605.57324,-627.375366,-5127.81934
1628,-629,-5110,1628.58008,-627.374939,-5110.81445
1633,-596,-5137,1633.58008,-594.375305,-5137.81445
1628,-629,-5110,1628.07495,-627.359619,-5110.99707
1656,-629,-5108,1656.05835,-627.360046,-5108.99805
1633,-596,-5137,1633.05981,-594.359924,-5137.99805
1452,-680,-4952,1451.11572,-677.187561,-4952.4668
1439,-629,-4953,1438.11462,-626.187256,-4953.46484
1426,-629,-4928,1425.11462,-626.188843,-4928.46484
1452,-680,-4952,1451.09473,-677.586426,-4952.4248
1426,-629,-4928,1425.10864,-626.584778,-4928.45312
1434,-680,-4916,1433.10278,-677.585388,-4916.44141
1435,-680,-4988,1434.09473,-675.989441,-4987.5752
1426,-629,-4979,1425.09473,-624.987671,-4978.5752
1439,-629,-4953,1438.09546,-624.986633,-4952.57373
1435,-680,-4988,1434.09436,-673.447693,-4987.57617
1439,-629,-4953,1438.09473,-622.446289,-4952.5752
1452,-680,-4952,1451.08887,-673.447693,-4951.58789
1391,-680,-5001,1390.67676,-673.359741,-5000.05371
1395,-629,-4989,1394.69141,-622.361572,-4988.04883
1426,-629,-4979,1425.67102,-622.361572,-4978.05566
1391,-680,-5001,1390.69141,-676.067688,-5000.04883
1426,-629,-4979,1425.69141,-625.066284,-4978.04883
1435,-680,-4988,1434.70056,-676.067688,-4987.0459
1359,-680,-4981,1359.53418,-674.036621,-4980.15479
1372,-629,-4974,1372.53442,-623.03656,-4973.15479
1395,-629,-4989,1395.53796,-623.035583,-4988.15723
1359,-680,-4981,1359.52234,-674.019043,-4980.14746
1395,-629,-4989,1395.53809,-623.017456,-4988.15723
1391,-680,-5001,1391.52698,-674.016907,-5000.15039
1363,-680,-4943,1363.99695,-677.493774,-4943.07666
1374,-629,-4947,1374.99695,-626.497009,-4947.07617
1372,-629,-4974,1372.99707,-626.4953,-4974.07617
1363,-680,-4943,1363.99304,-676.996033,-4943.11719
1372,-629,-4974,1372.99316,-625.998474,-4974.11621
1359,-680,-4981,1359.99316,-676.996521,-4981.11621
1395,-680,-4919,1395.60168,-672.95166,-4919.79834
1397,-629,-4929,1397.60559,-621.947693,-4929.79541
1374,-629,-4947,1374.6095,-621.947693,-4947.79248
1395,-680,-4919,1395.57642,-675.700562,-4919.81689
1374,-629,-4947,1374.59033,-624.69519,-4947.80713
1363,-680,-4943,1363.58984,-675.697998,-4943.80713
1434,-680,-4916,1434.03442,-676.672241,-4916.99902
1426,-629,-4928,1426.04187,-625.670959,-4928.99902
1397,-629,-4929,1397.0365,-625.673157,-4929.99902
1434,-680,-4916,1434.05933,-675.179382,-4916.99805
1397,-629,-4929,1397.07556,-624.179077,-4929.99707
1395,-680,-4919,1395.06934,-675.179382,-4919.99756
1439,-629,-4953,1438.09668,-628.441589,-4952.57129
1426,-629,-4979,1425.09436,-628.441223,-4978.57617
1403,-596,-4956,1402.09473,-595.441345,-4955.5752
1426,-629,-4979,1425.68542,-628.367859,-4978.05078
1395,-629,-4989,1394.67676,-628.367859,-4988.05371
1403,-596,-4956,1402.6825,-595.368164,-4955.05176
1395,-629,-4989,1395.53442,-627.276611,-4988.15479
1372,-629,-4974,1372.53247,-627.276978,-4973.15381
1403,-596,-4956,1403.52649,-594.277222,-4955.1499
1372,-629,-4974,1372.99609,-627.596985,-4974.08789
1374,-629,-4947,1374.99597,-627.596619,-4947.08887
1403,-596,-4956,1403.99609,-594.596191,-4956.0874
1374,-629,-4947,1374.60986,-627.875427,-4947.79248
1397,-629,-4929,1397.61426,-627.875427,-4929.78906
1403,-596,-4956,1403.60571,-594.876343,-4956.79541
1397,-629,-4929,1397.04126,-628.047058,-4929.99902
1426,-629,-4928,1426.03674,-628.048218,-4928.99902
1403,-596,-4956,1403.03882,-595.048279,-4956.99902
1801,-680,-4909,1800.11462,-675.335876,-4909.46484
1787,-629,-4910,1786.11292,-624.33783,-4910.46143
1774,-629,-4885,1773.11621,-624.338806,-4885.46777
1801,-680,-4909,1800.09473,-674.875305,-4909.4248
1774,-629,-4885,1773.0957,-623.875427,-4885.42676
1783,-680,-4873,1782.09473,-674.877258,-4873.4248
1783,-680,-4945,1782.0885,-674.747681,-4944.58887
1775,-629,-4936,1774.0885,-623.750061,-4935.58887
1787,-629,-4910,1786.0885,-623.748962,-4909.58887
1783,-680,-4945,1782.09473,-676.7323,-4944.5752
1787,-629,-4910,1786.09436,-625.729492,-4909.57617
1801,-680,-4909,1800.0957,-676.730164,-4908.57324
1740,-680,-4958,1739.73022,-675.632202,-4957.03711
1743,-629,-4945,1742.73718,-624.631592,-4944.03516
1775,-629,-4936,1774.71338,-624.633789,-4935.04199
1740,-680,-4958,1739.67957,-677.270752,-4957.05273
1775,-629,-4936,1774.70374,-626.27124,-4935.04492
1783,-680,-4945,1782.70691,-677.268433,-4944.04395
1708,-680,-4938,1708.49414,-675.276245,-4937.13086
1720,-629,-4931,1720.51697,-624.272278,-4930.14404
1743,-629,-4945,1743.52734,-624.272278,-4944.15039
1708,-680,-4938,1708.52234,-675.949341,-4937.14746
1743,-629,-4945,1743.52246,-624.950012,-4944.14746
1740,-680,-4958,1740.52246,-675.952393,-4957.14746
1711,-680,-4900,1711.99316,-676.60553,-4900.11621
1723,-629,-4904,1723.99304,-625.608215,-4904.1167
1720,-629,-4931,1720.99109,-625.607178,-4931.13281
1711,-680,-4900,1711.99609,-673.6745,-4900.08789
1720,-629,-4931,1720.995,-622.672852,-4931.09912
1708,-680,-4938,1708.99609,-673.672241,-4938.0874
1743,-680,-4876,1743.61035,-671.791748,-4876.79199
1746,-629,-4886,1746.59827,-620.79248,-4886.80127
1723,-629,-4904,1723.60974,-620.789917,-4904.79248
1743,-680,-4876,1743.58606,-676.439453,-4876.81006
1723,-629,-4904,1723.57324,-625.43988,-4904.81934
1711,-680,-4900,1711.57324,-676.441895,-4900.81934
1783,-680,-4873,1783.04028,-675.989197,-4873.99902
1774,-629,-4885,1774.03003,-624.992126,-4885.99951
1746,-629,-4886,1746.03088,-624.992126,-4886.99951
1783,-680,-4873,1783.06006,-674.465088,-4873.99805
1746,-629,-4886,1746.06091,-623.465393,-4886.99805
1743,-680,-4876,1743.05798,-674.465088,-4876.99805
1787,-629,-4910,1786.09473,-628.035706,-4909.5752
1775,-629,-4936,1774.08154,-628.035706,-4935.60449
1751,-596,-4913,1750.08887,-595.034851,-4912.58789
1775,-629,-4936,1774.70691,-628.377686,-4935.04395
1743,-629,-4945,1742.71338,-628.378052,-4944.04199
1751,-596,-4913,1750.71655,-595.378174,-4912.04102
1743,-629,-4945,1743.50708,-627.691101,-4944.13818
1720,-629,-4931,1720.50037,-627.691406,-4930.13428
1751,-596,-4913,1751.51196,-594.692017,-4912.14111
1720,-629,-4931,1720.99316,-627.294067,-4931.11621
1723,-629,-4904,1723.99219,-627.293701,-4904.12402
1751,-596,-4913,1751.99316,-594.293884,-4913.11621
1723,-629,-4904,1723.60986,-628.177795,-4904.79248
1746,-629,-4886,1746.60669,-628.177429,-4886.79492
1751,-596,-4913,1751.60669,-595.177795,-4913.79492
1746,-629,-4886,1746.04187,-627.984863,-4886.99902
1774,-629,-4885,1774.03674,-627.985291,-4885.99902
1751,-596,-4913,1751.03857,-594.985107,-4913.99902
1291,-732,-5803,1290.16992,-730.467957,-5803.55762
1278,-712,-5803,1277.16992,-710.468079,-5803.55762
1271,-716,-5789,1270.16602,-714.468445,-5789.55176
1276,-717,-5793,1275.13513,-714.740662,-5793.50195
1265,-712,-5779,1264.1438,-709.739929,-5779.5166
1269,-730,-5770,1268.13806,-727.73938,-5770.50684
1251,-719,-5813,1250.29333,-718.356079,-5812.29248
1244,-706,-5807,1243.29187,-705.355835,-5806.29395
1284,-723,-5785,1283.30176,-722.356812,-5784.28418
1284,-723,-5785,1284.31726,-720.077759,-5785.94824
1244,-706,-5807,1244.31445,-703.07843,-5807.94922
1245,-716,-5802,1245.31665,-713.079041,-5802.94824
1270,-717,-5798,1269.14978,-713.731506,-5798.52637
1259,-712,-5785,1258.15466,-708.731567,-5785.53418
1263,-730,-5775,1262.14978,-726.7323,-5775.52637
1285,-732,-5808,1284.15649,-730.063599,-5808.53711
1272,-712,-5809,1271.16797,-710.063721,-5809.55469
1265,-716,-5794,1264.15405,-714.063843,-5794.5332
1279,-732,-5813,1278.16797,-729.313782,-5813.55469
1267,-712,-5813,1266.16602,-709.313843,-5813.55176
1260,-716,-5799,1259.16797,-713.313171,-5799.55469
1265,-717,-5803,1264.13806,-714.743469,-5803.50684
1254,-712,-5789,1253.13513,-709.74292,-5789.50195
1257,-730,-5779,1256.1438,-727.742493,-5779.5166
1273,-732,-5817,1272.15845,-730.088623,-5817.54004
1260,-712,-5818,1259.15466,-710.088989,-5818.53418
1253,-716,-5803,1252.15845,-714.089111,-5803.54004
1258,-717,-5808,1257.13513,-715.592834,-5808.50195
1247,-712,-5794,1246.13513,-710.592712,-5794.50195
1251,-730,-5784,1250.14087,-728.591553,-5784.51172
1730,-725,-5761,1730.69666,-724.009583,-5760.28271
1736,-709,-5752,1736.69678,-708.009644,-5751.28271
1743,-706,-5756,1743.69666,-705.009766,-5755.28271
1730,-725,-5761,1730.89478,-724.342529,-5760.55371
1734,-709,-5748,1734.88354,-708.342773,-5747.53174
1736,-709,-5752,1736.88477,-708.342773,-5751.53418
1730,-725,-5761,1730.84253,-723.544556,-5760.46143
1721,-727,-5749,1721.849,-725.544373,-5748.47168
1734,-709,-5748,1734.84253,-707.543701,-5747.46143
1741,-706,-5737,1741.80591,-703.525269,-5737.5918
1735,-709,-5742,1735.78821,-706.526001,-5742.61523
1727,-725,-5736,1727.80591,-722.525513,-5736.5918
1734,-709,-5748,1734.98413,-707.559753,-5748.17676
1727,-725,-5736,1727.98413,-723.558716,-5736.17676
1735,-709,-5742,1735.98413,-707.559753,-5742.17627
1734,-709,-5748,1734.9342,-706.783875,-5748.35645
1721,-727,-5749,1721.93726,-724.783325,-5749.34863
1727,-725,-5736,1727.9342,-722.783386,-5736.35645
1698,-728,-5778,1698.57715,-724.678223,-5777.18359
1730,-720,-5797,1730.58691,-716.677856,-5796.19043
1725,-737,-5802,1725.57715,-733.677551,-5801.18359
2592,-728,-4459,2591.34082,-725.89917,-4458.24805
2618,-720,-4433,2617.34644,-717.900024,-4432.24316
2622,-737,-4439,2621.36499,-734.899597,-4438.22754
2572,-713,-4417,2572.46191,-710.961731,-4416.11328
2571,-728,-4426,2571.46582,-725.962219,-4425.11523
2559,-729,-4420,2559.46582,-726.962219,-4419.11523
2572,-713,-4417,2572.57031,-710.635437,-4416.17871
2559,-729,-4420,2559.55469,-726.63562,-4419.16797
2567,-711,-4412,2567.57031,-708.635376,-4411.17871
2561,-712,-4407,2561.69678,-711.057922,-4406.28271
2567,-711,-4412,2567.69922,-710.057739,-4411.28516
2559,-729,-4420,2559.69678,-728.05835,-4419.28271
2584,-729,-4423,2583.72339,-728.055664,-4422.03906
2571,-728,-4426,2570.70703,-727.056274,-4425.04395
2572,-713,-4417,2571.71338,-712.056152,-4416.04199
2584,-729,-4423,2583.54541,-727.312561,-4422.10938
2572,-713,-4417,2571.53125,-711.313049,-4416.1167
2577,-711,-4413,2576.53125,-709.312866,-4412.1167
2584,-729,-4423,2583.51855,-727.330933,-4422.12354
2577,-711,-4413,2576.50293,-709.331482,-4412.13232
2584,-712,-4410,2583.50293,-710.331482,-4409.13232
2497,-728,-4441,2496.56714,-726.38623,-4440.09863
2529,-720,-4422,2528.57031,-718.387634,-4421.09717
2532,-737,-4429,2531.56641,-735.387268,-4428.09912
2555,-726,-4909,2555.87646,-725.323242,-4909.48145
2564,-711,-4914,2564.86768,-710.323792,-4914.49707
2561,-712,-4918,2561.86768,-711.323792,-4918.49707
2555,-726,-4909,2555.78442,-724.051208,-4909.62012
2566,-713,-4909,2566.78833,-711.051514,-4909.61523
2564,-711,-4914,2564.78833,-709.051392,-4914.61523
2555,-726,-4909,2555.70947,-723.844604,-4909.70459
2562,-731,-4897,2562.70703,-728.844543,-4897.70703
2566,-713,-4909,2566.7334,-710.843933,-4909.67969
2578,-712,-4911,2577.67969,-711.085999,-4911.94727
2573,-711,-4910,2572.67676,-710.08606,-4910.94629
2575,-726,-4901,2574.68848,-725.085693,-4901.9502
2566,-713,-4909,2566.03052,-711.806641,-4909.99951
2575,-726,-4901,2575.04297,-724.807068,-4901.99902
2573,-711,-4910,2573.03784,-709.806946,-4910.99902
2566,-713,-4909,2565.92358,-711.341187,-4909.99707
2562,-731,-4897,2561.93774,-729.340759,-4897.99805
2575,-726,-4901,2574.93774,-724.341064,-4901.99805
2561,-731,-4910,2560.90137,-729.708618,-4910.99512
2550,-718,-4915,2549.90137,-716.709167,-4915.99512
2534,-730,-4908,2533.90137,-728.709351,-4908.99512
330,-569,-5883,329.657349,-566.943848,-5883.93945
329,-553,-5894,328.649414,-550.944336,-5894.93652
322,-551,-5893,321.668243,-548.943848,-5893.94336
330,-569,-5883,329.505463,-567.517456,-5883.86914
334,-554,-5896,333.500336,-552.5177,-5896.86621
329,-553,-5894,328.499512,-551.517944,-5894.86572
343,-570,-5889,342.477356,-568.415527,-5889.85254
334,-554,-5896,333.482147,-552.4151,-5896.85547
331,-565,-5886,330.482147,-563.415344,-5886.85547
334,-551,-5909,333.000946,-549.712769,-5909.04297
335,-553,-5902,334.000946,-551.712708,-5902.04297
346,-569,-5903,345.000946,-567.712158,-5903.04297
334,-554,-5896,333.035126,-551.642822,-5896.2627
346,-569,-5903,345.034882,-566.642822,-5903.26172
335,-553,-5902,334.03595,-550.643066,-5902.26562
334,-554,-5896,333.027039,-552.726562,-5896.23096
343,-570,-5889,342.035126,-568.726257,-5889.2627
343,-565,-5902,342.027863,-563.726501,-5902.23438
350,-569,-5851,349.700531,-567.444946,-5851.9541
314,-561,-5843,313.700531,-559.443787,-5843.9541
317,-579,-5837,316.682465,-577.444275,-5837.94824
1725,-669,-3055,1725.71082,-663.163391,-3054.29663
1740,-611,-3058,1740.70532,-605.167664,-3057.29126
1740,-668,-3070,1740.70532,-662.162537,-3069.29126
1710,-668,-3040,1710.69678,-659.981506,-3039.28271
1722,-611,-3040,1722.7002,-602.986572,-3039.28613
1725,-669,-3055,1725.70117,-660.983154,-3054.28711
1722,-611,-3040,1722.69727,-602.227478,-3039.2832
1740,-611,-3058,1740.69751,-602.228333,-3057.28345
1725,-669,-3055,1725.69702,-660.232056,-3054.28296
1698,-553,-3040,1698.46509,-545.619385,-3039.11475
1710,-498,-3040,1710.46533,-490.620483,-3039.11499
1725,-559,-3055,1725.4657,-551.620422,-3054.11523
1740,-498,-3070,1740.8833,-485.836243,-3069.53125
1740,-553,-3082,1740.8833,-540.833984,-3081.53125
1725,-559,-3055,1725.88367,-546.834961,-3054.53198
1740,-668,-3070,1739.95593,-660.956421,-3069.00098
1740,-611,-3058,1739.95593,-603.954285,-3057.00098
2100,-611,-3058,2099.95605,-603.954285,-3057.00098
1740,-668,-3070,1739.95593,-660.956421,-3069.00098
2100,-611,-3058,2099.95605,-603.954285,-3057.00098
2100,-668,-3070,2099.95605,-660.956421,-3069.00098
1710,-668,-2680,1710.99902,-663.638977,-2680.04297
1722,-611,-2680,1722.99902,-606.636292,-2680.04297
1722,-611,-3040,1722.99902,-606.636292,-3040.04297
1710,-668,-2680,1710.99902,-663.638977,-2680.04297
1722,-611,-3040,1722.99902,-606.636292,-3040.04297
1710,-668,-3040,1710.99902,-663.638977,-3040.04297
1560,-668,-3190,1559.95593,-662.439026,-3190.99902
1560,-611,-3202,1559.95593,-605.43573,-3202.99902
1200,-611,-3202,1199.95593,-605.43573,-3202.99902
1560,-668,-3190,1559.95593,-662.439026,-3190.99902
1200,-611,-3202,1199.95593,-605.43573,-3202.99902
1200,-668,-3190,1199.95593,-662.439026,-3190.99902
1590,-498,-3040,1589.51855,-491.136963,-3039.12354
1602,-553,-3040,1601.51855,-546.135925,-3039.12354
1575,-559,-3055,1574.53174,-552.136902,-3054.11646
1560,-553,-3082,1559.1106,-539.673645,-3081.54297
1560,-498,-3070,1559.11157,-484.674713,-3069.54102
1575,-559,-3055,1574.11365,-545.674622,-3054.53711
1560,-668,-3070,1559.28259,-658.140137,-3069.30347
1560,-611,-3058,1559.28516,-601.145203,-3057.30078
1575,-669,-3055,1574.28345,-659.141785,-3054.30249
1560,-611,-3058,1559.28442,-601.552002,-3057.30151
1578,-611,-3040,1577.28235,-601.552002,-3039.30371
1575,-669,-3055,1574.28271,-659.555725,-3054.30322
1575,-669,-3055,1574.28638,-662.24353,-3054.29956
1578,-611,-3040,1577.29456,-604.246948,-3039.29126
1590,-668,-3040,1589.28418,-661.241882,-3039.30176
2280,-668,-3190,2279.95605,-662.439026,-3190.99902
2100,-611,-3202,2099.95605,-605.43573,-3202.99902
2100,-668,-3190,2099.95605,-662.439026,-3190.99902
2100,-611,-3202,2099.95605,-605.43573,-3202.99902
1740,-611,-3202,1739.95593,-605.43573,-3202.99902
1740,-668,-3190,1739.95593,-662.439026,-3190.99902
2100,-611,-3202,2099.95605,-605.43573,-3202.99902
1740,-668,-3190,1739.95593,-662.439026,-3190.99902
2100,-668,-3190,2099.95605,-662.439026,-3190.99902
1200,-611,-3058,1199.95593,-603.954285,-3057.00098
1560,-611,-3058,1559.95593,-603.954285,-3057.00098
1560,-668,-3070,1559.95593,-660.956421,-3069.00098
1200,-611,-3058,1199.95593,-603.954285,-3057.00098
1560,-668,-3070,1559.95593,-660.956421,-3069.00098
1200,-668,-3070,1199.95593,-660.956421,-3069.00098
1590,-668,-3040,1589.00098,-664.61084,-3040.04297
1578,-611,-3040,1577.00098,-607.608093,-3040.04297
1578,-611,-2680,1577.00098,-607.608093,-2680.04297
1590,-668,-3040,1589.00098,-664.61084,-3040.04297
1578,-611,-2680,1577.00098,-607.608093,-2680.04297
1590,-668,-2680,1589.00098,-664.61084,-2680.04297
1578,-611,-2680,1577.00098,-607.608093,-2680.04297
1590,-668,-2500,1589.00098,-664.61084,-2500.04297
1590,-668,-2680,1589.00098,-664.61084,-2680.04297
2393,-490,-3558,2393.94629,-484.711151,-3557.67676
2460,-330,-3670,2460.94604,-324.733521,-3669.67603
2460,-490,-3760,2460.94604,-484.730042,-3759.67603
2393,-490,-3558,2393.99902,-488.801758,-3558.04297
2460,-330,-3490,2460.99902,-328.797791,-3490.04297
2460,-330,-3670,2460.99902,-328.797791,-3670.04297
2280,-330,-3490,2279.95605,-327.194183,-3489.00098
2460,-330,-3490,2459.95605,-327.194183,-3489.00098
2393,-490,-3558,2392.95605,-487.185547,-3557.00098
3174,-190,-2092,3174.69629,-113.21096,-2092.71753
3115,30,-2156,3115.69653,106.592567,-2156.71729
3094,30,-2177,3094.69653,106.592567,-2177.71729
3174,-190,-2092,3174.69751,-141.859833,-2092.71655
3094,30,-2177,3094.69751,78.1521835,-2177.71655
3147,-190,-2118,3147.69629,-141.859833,-2118.71753
2984,-413,-2132,2984.99902,-412.204987,-2132.04297
2984,-413,-2092,2984.99902,-412.204987,-2092.04297
2989,-407,-2098,2989.99902,-406.205078,-2098.04297
2984,-413,-2132,2984.99902,-412.204987,-2132.04297
2989,-407,-2098,2989.99902,-406.205078,-2098.04297
2989,-407,-2126,2989.99902,-406.205078,-2126.04297
2784,-413,-2132,2784.99902,-411.646301,-2132.04297
2784,-413,-2092,2784.99902,-411.646301,-2092.04297
2789,-407,-2098,2789.99902,-405.646393,-2098.04297
2784,-413,-2132,2784.99902,-411.646301,-2132.04297
2789,-407,-2098,2789.99902,-405.646393,-2098.04297
2789,-407,-2126,2789.99902,-405.646393,-2126.04297
1210,-650,-3121,1209.04956,-647.583984,-3120.68921
1222,-668,-3120,1221.04858,-665.584229,-3119.69214
1215,-663,-3131,1214.04858,-660.584229,-3130.69214
1210,-650,-3121,1209.04089,-648.708923,-3120.71704
1215,-663,-3131,1214.03674,-661.709412,-3130.73145
1207,-648,-3127,1206.0387,-646.709045,-3126.72461
1204,-650,-3132,1203.24719,-649.156372,-3131.3418
1207,-648,-3127,1206.24768,-647.156189,-3126.34131
1215,-663,-3131,1214.255,-662.156128,-3130.33301
1212,-663,-3110,1211.16553,-661.81781,-3110.55103
1222,-668,-3120,1221.16602,-666.817322,-3120.55176
1210,-650,-3121,1209.16553,-648.817749,-3121.55103
1212,-663,-3110,1211.22571,-661.909302,-3110.63281
1210,-650,-3121,1209.22595,-648.909241,-3121.63306
1205,-648,-3117,1204.22571,-646.909424,-3117.63281
1212,-663,-3110,1211.38477,-662.241882,-3110.78833
1205,-648,-3117,1204.38477,-647.241821,-3117.78833
1202,-650,-3113,1201.37988,-649.241638,-3113.78442
2832,-410,-1272,2831.00098,-343.432739,-1272.04297
2833,-410,-1292,2832.00098,-343.432739,-1292.04297
2832,-290,-1292,2831.00098,-223.582916,-1292.04297
3112,-150,-1820,3112.73071,-64.4686203,-1820.68237
3096,-210,-1836,3096.71509,-124.488182,-1836.69897
3112,-210,-1819,3112.73267,-124.509567,-1819.68042
2968,-360,-1612,2968.99878,-359.550812,-1612.04297
2968,-360,-1572,2968.99878,-359.550812,-1572.04297
2973,-354,-1578,2973.99878,-353.550903,-1578.04297
2968,-360,-1612,2968.99878,-359.550812,-1612.04297
2973,-354,-1578,2973.99878,-353.550903,-1578.04297
2973,-354,-1606,2973.99878,-353.550903,-1606.04297
2768,-360,-1612,2768.99902,-358.992126,-1612.04297
2768,-360,-1572,2768.99902,-358.992126,-1572.04297
2773,-354,-1578,2773.99902,-352.992218,-1578.04297
2768,-360,-1612,2768.99902,-358.992126,-1612.04297
2773,-354,-1578,2773.99902,-352.992218,-1578.04297
2773,-354,-1606,2773.99902,-352.992218,-1606.04297
2669,-210,-1873,2668.95605,-170.150528,-1873.99902
2804,-260,-1872,2803.95605,-220.170364,-1872.99902
2984,-260,-1872,2983.95605,-220.170364,-1872.99902
3102,-150,280,3102.70117,-43.4158173,279.287018
3102,243,274,3102.7002,349.360779,273.286072
3057,243,228,3057.70288,349.257904,227.288696
3102,-150,280,3102.70532,-51.3933907,279.291138
3057,243,228,3057.70532,341.726257,227.291122
3051,-150,228,3051.70044,-51.427002,227.286301
3090,-150,189,3089.27148,-55.2211723,189.685028
3090,243,195,3089.28711,337.589691,195.701248
3135,243,241,3134.27075,337.452545,241.684143
3090,-150,189,3089.29419,-53.9367294,189.708298
3135,243,241,3134.27368,339.171722,241.687164
3141,-150,241,3140.29126,-53.959137,241.705292
3051,-150,228,3051.70483,-53.1057243,228.709351
3057,243,228,3057.70435,339.560272,228.709702
3090,243,195,3090.70337,339.560272,195.710709
3051,-150,228,3051.70483,-53.1057243,228.709351
3090,243,195,3090.70337,339.560272,195.710709
3090,-150,189,3090.70215,-53.1057243,189.711914
2683,-150,-221,2682.29102,-26.0557022,-220.294785
2683,243,-215,2682.28613,366.632874,-214.299728
2723,243,-175,2722.28613,366.632874,-174.299728
2683,-150,-221,2682.29102,-26.0557022,-220.294785
2723,243,-175,2722.28613,366.632874,-174.299728
2729,-150,-175,2728.29102,-26.0557022,-174.294785
2729,-150,-175,2728.29688,-75.2519379,-175.71106
2723,243,-175,2722.29712,317.425354,-175.711243
2690,243,-142,2689.2981,317.425354,-142.71225
2729,-150,-175,2728.29688,-75.2519379,-175.71106
2690,243,-142,2689.2981,317.425354,-142.71225
2690,-150,-136,2689.2981,-75.2519379,-136.71225
2690,-150,-136,2690.70044,-80.4156265,-136.713638
2690,243,-142,2690.70044,312.261658,-142.713623
2650,243,-182,2650.7002,312.261658,-182.713943
2690,-150,-136,2690.70044,-80.4156265,-136.713638
2650,243,-182,2650.7002,312.261658,-182.713943
2644,-150,-182,2644.70068,-80.4156265,-182.713455
2688,-150,193,2687.29443,-8.96017838,193.708633
2688,243,199,2687.29443,383.717102,199.708588
2721,243,232,2720.29321,383.717102,232.707413
2688,-150,193,2687.29443,-8.96017838,193.708633
2721,243,232,2720.29321,383.717102,232.707413
2727,-150,232,2726.29395,-8.96017838,232.70813
2727,-150,232,2726.28149,-78.3439789,231.304489
2721,243,232,2720.26855,314.694305,231.3181
2681,243,273,2680.27637,314.716644,272.309845
2727,-150,232,2726.27051,-97.2770309,231.316025
2681,243,273,2680.28125,295.602417,272.304749
2681,-150,279,2680.28442,-97.2770309,278.301483
2642,-150,240,2642.70215,-20.6366577,240.711975
2647,243,240,2647.70215,372.056458,240.711975
2688,243,199,2688.70239,372.056458,199.711716
2642,-150,240,2642.70215,-103.813972,240.711731
2688,243,199,2688.70215,289.042603,199.711853
2688,-150,193,2688.70215,-103.83683,193.711884
3058,-150,-172,3058.70215,-41.2416801,-171.287979
3064,243,-172,3064.70264,351.435608,-171.288452
3104,243,-212,3104.70215,351.435608,-211.287979
3058,-150,-172,3058.70215,-41.2416801,-171.287979
3104,243,-212,3104.70215,351.435608,-211.287979
3104,-150,-218,3104.70215,-41.2416801,-217.287979
3097,-150,-133,3097.7002,-20.3157635,-133.713654
3097,243,-139,3097.70557,372.372803,-139.708618
3064,243,-172,3064.7002,372.372803,-172.713821
3097,-150,-133,3097.7002,-20.3157635,-133.713654
3064,243,-172,3064.7002,372.372803,-172.713821
3058,-150,-172,3058.7002,-20.3157635,-172.713837
3143,-150,-179,3142.29614,-65.2183456,-179.710159
3137,243,-179,3136.28809,327.470245,-179.702225
3097,243,-139,3096.29028,327.470245,-139.704483
3143,-150,-179,3142.29614,-65.2183456,-179.710159
3097,243,-139,3096.29028,327.470245,-139.704483
3097,-150,-133,3096.29614,-65.2183456,-133.71019
2751,-118,173,2750.2356,-111.19101,172.35527
2705,-76,215,2704.2356,-69.1946793,214.35527
2715,-150,224,2714.2356,-143.199585,223.35527
2751,-118,173,2750.34521,-115.007195,172.244186
2715,-150,224,2714.33984,-147.008179,223.248886
2762,-150,184,2761.34375,-147.0065,183.245468
2740,-150,163,2740.68677,-143.243973,163.726837
2696,-150,205,2696.68774,-143.243973,205.725906
2705,-76,215,2705.68677,-69.2486115,215.726807
2740,-150,163,2740.41724,-146.553452,163.908768
2705,-76,215,2705.42773,-72.5526199,215.903793
2751,-118,173,2751.41724,-114.553497,173.908783
2759,-150,-122,2758.27271,-142.348282,-121.313683
2717,-150,-166,2716.26685,-142.348953,-165.319946
2707,-76,-157,2706.26782,-68.3529282,-156.318893
2759,-150,-122,2758.09229,-147.491318,-121.580414
2707,-76,-157,2706.08936,-73.4911118,-156.586823
2749,-118,-111,2748.0896,-115.491684,-110.586273
2749,-118,-111,2749.6416,-112.885445,-111.767029
2707,-76,-157,2707.64893,-70.8884354,-157.760818
2698,-150,-147,2698.64258,-144.894028,-147.766098
2749,-118,-111,2749.75928,-115.5886,-111.650711
2698,-150,-147,2698.76294,-147.58931,-147.646469
2738,-150,-100,2738.75903,-147.587906,-100.650902
3033,-118,-113,3033.75122,-113.889,-112.339951
3079,-76,-155,3079.74683,-71.8926697,-154.334991
3069,-150,-164,3069.75415,-145.897583,-163.343353
3033,-118,-113,3033.64087,-115.981339,-112.232353
3069,-150,-164,3069.64844,-147.98204,-163.238739
3022,-150,-124,3022.64062,-147.980362,-123.232147
3043,-150,-103,3042.31201,-143.961487,-103.725708
3088,-150,-145,3087.32251,-143.962845,-145.735458
3079,-76,-155,3078.31274,-69.9610062,-155.726334
3043,-150,-103,3042.56543,-147.201202,-103.900612
3079,-76,-155,3078.55762,-73.1988754,-155.89682
3033,-118,-113,3032.56445,-115.200279,-113.900154
3025,-150,181,3025.73218,-144.051575,180.318893
3067,-150,226,3067.72778,-144.052948,225.314209
3077,-76,217,3077.73364,-70.0511093,216.320465
3025,-150,181,3025.89697,-146.364197,180.557922
3077,-76,217,3077.89697,-72.3618622,216.557922
3035,-118,171,3035.89722,-114.363266,170.558411
3035,-118,171,3034.34375,-112.194565,171.754425
3077,-76,217,3076.34375,-70.1982346,217.754395
3086,-150,207,3085.34375,-144.20314,207.754456
3035,-118,171,3034.2356,-115.399651,171.644714
3086,-150,207,3085.2373,-147.40036,207.646744
3046,-150,160,3045.2356,-147.398956,160.644669
