142,180,74,141.956696,182.006424,73.0009384
200,128,111,199.956345,130.007355,110.000954
200,180,74,199.956696,182.006424,73.0009384
200,130,-110,199.986481,131.443298,-109.000092
149,187,-65,148.986481,188.442413,-64.0000916
200,187,-65,199.986481,188.442413,-64.0000916
200,58,87,199.95314,73.9833908,87.9989014
200,120,91,199.95314,135.997635,91.9989014
400,120,100,399.953308,135.994781,100.998909
200,0,60,199.986755,3.0837605,60.9999123
200,58,87,199.986481,61.0823059,87.9999084
400,0,60,399.986755,3.0837605,60.9999123
400,0,-60,399.956696,1.36686015,-60.9990616
200,64,-86,199.956696,65.3665314,-86.9990616
200,0,-60,199.956696,1.36686015,-60.9990616
200,123,-89,199.938522,150.423462,-89.9981079
200,64,-86,199.938522,91.4096146,-86.9981079
400,120,-100,399.938293,147.4216,-100.998093
200,58,87,200.045441,62.3355904,87.9989624
400,120,100,400.045349,124.338959,100.99897
400,0,60,400.045349,4.33895493,60.9989662
400,0,-60,400.043335,2.23364162,-60.9990578
400,120,-100,400.043335,122.23748,-100.999054
200,64,-86,200.043411,66.2386627,-86.999054
60,0,-400,60.9888802,2.08114123,-400.148712
100,120,-400,100.988831,122.08503,-400.149017
0,0,-800,0.98813796,2.07134438,-800.153564
-100,120,-400,-100.989944,122.084984,-400.141449
-60,0,-400,-60.9898605,2.08104372,-400.141968
0,0,-800,-0.98813796,2.07134438,-800.153564
-60,0,-400,-60.9990578,2.23364162,-400.043304
-100,120,-400,-100.999062,122.237503,-400.043274
-86,64,-200,-86.999054,66.2386627,-200.043411
87,58,-200,87.9989471,62.3355904,-200.045853
100,120,-400,100.998947,124.338959,-400.045837
60,0,-400,60.9989738,4.33897877,-400.045288
-89,123,-200,-89.9981079,150.423462,-199.938522
-86,64,-200,-86.9981079,91.4096146,-199.938522
-100,120,-400,-100.998093,147.4216,-399.938293
-60,0,-400,-60.9990616,1.36686015,-400.043274
-86,64,-200,-86.9990616,65.3665314,-200.043274
-60,0,-200,-60.9990616,1.36686015,-200.043274
60,0,-200,60.9999123,3.0837605,-200.013062
87,58,-200,87.9999084,61.0823059,-200.013062
60,0,-400,60.9999123,3.0837605,-400.013062
87,58,-200,87.9989014,73.9833908,-199.95314
91,120,-200,91.9989014,135.997635,-199.95314
100,120,-400,100.998909,135.994781,-399.953308
-110,130,-200,-109.000092,131.443298,-200.013062
-65,187,-149,-64.0000916,188.442413,-149.013062
-65,187,-200,-64.0000916,188.442413,-200.013062
74,180,-142,73.0009384,182.006424,-142.043274
111,128,-200,110.000938,130.007355,-200.043274
74,180,-200,73.0009384,182.006424,-200.043274
-74,180,142,-73.0000916,182.007599,141.986481
-111,128,200,-110.000092,130.00856,199.986481
-74,180,200,-73.0000916,182.007599,199.986481
110,130,200,109.000938,131.442215,199.956696
65,187,149,64.0009384,188.44133,148.956696
65,187,200,64.0009384,188.44133,199.956696
100,120,400,100.988823,122.08503,400.149078
60,0,400,60.9888802,2.08114123,400.148712
0,0,800,0.98813796,2.07134438,800.153564
-60,0,400,-60.9898529,2.08104372,400.142029
-100,120,400,-100.989944,122.084984,400.141449
0,0,800,-0.98813796,2.07134438,800.153564
-87,58,200,-87.9989777,73.9833908,199.954803
-91,120,200,-91.9989777,135.997635,199.954803
-100,120,400,-100.998978,135.994781,399.954803
-60,0,200,-60.9990616,3.08193469,199.956696
-87,58,200,-87.999054,61.0804825,199.956528
-60,0,400,-60.9990616,3.08193469,399.956696
60,0,400,60.9999084,1.36894798,399.986481
86,64,200,86.9999084,65.3686218,199.986481
60,0,200,60.9999084,1.36894798,199.986481
89,123,200,89.9979706,150.423172,199.936325
86,64,200,86.9979706,91.409317,199.936325
100,120,400,100.997955,147.421295,399.936096
-87,58,200,-87.9990234,62.3356133,200.044159
-100,120,400,-100.998978,124.338982,400.045197
-60,0,400,-60.9990234,4.33900309,400.044159
60,0,400,60.9999008,2.23412418,400.014008
100,120,400,100.999901,122.237961,400.013885
86,64,200,86.9998932,66.2391205,200.014069
-142,180,-74,-142.013062,182.007599,-73.0000916
-200,128,-111,-200.013062,130.00856,-110.000092
-200,180,-74,-200.013062,182.007599,-73.0000916
-200,130,110,-200.043274,131.442215,109.000938
-149,187,65,-149.043274,188.44133,64.0009384
-200,187,65,-200.043274,188.44133,64.0009384
-200,58,-87,-199.954651,73.9833908,-87.99897
-200,120,-91,-199.954651,135.997635,-91.99897
-400,120,-100,-399.954651,135.994781,-100.99897
-200,0,-60,-200.043274,3.08193469,-60.9990616
-200,58,-87,-200.043274,61.0804825,-87.999054
-400,0,-60,-400.043274,3.08193469,-60.9990616
-400,0,60,-400.013062,1.36894798,60.9999084
-200,64,86,-200.013062,65.3686218,86.9999084
-200,0,60,-200.013062,1.36894798,60.9999084
-200,123,89,-199.936325,150.423172,89.9979706
-200,64,86,-199.936325,91.409317,86.9979706
-400,120,100,-399.936096,147.421295,100.997955
-200,58,-87,-200.043274,62.3356133,-87.9990616
-400,120,-100,-400.043274,124.338982,-100.999062
-400,0,-60,-400.043274,4.33900309,-60.9990616
-400,0,60,-400.015076,2.2341485,60.9998856
-400,120,100,-400.014526,122.237991,100.999893
-200,64,86,-200.014435,66.2391434,86.9998932
1252,-94,388,1252.91736,-78.1589966,388.398041
1250,-180,374,1250.92053,-164.157822,374.390503
1234,-128,423,1234.92053,-112.160843,423.390625
1234,-143,423,1234.87671,-139.705063,422.518982
1250,-180,466,1250.88074,-176.7043,465.526398
1252,-142,456,1252.88098,-138.705811,455.526855
1298,-137,399,1297.64368,-131.43045,399.934357
1250,-180,374,1249.64368,-174.430862,374.934357
1252,-94,388,1251.63586,-88.4309006,388.931335
1298,-137,399,1297.80518,-133.139313,399.980835
1316,-180,387,1315.80505,-176.139511,387.980804
1250,-180,374,1249.80505,-176.14061,374.980804
1293,-94,440,1292.00098,-84.2398071,439.955841
1300,-180,454,1299.00098,-170.235764,453.955841
1298,-137,399,1297.00098,-127.232117,398.955841
1300,-180,454,1299.02454,-176.350403,453.779846
1316,-180,387,1315.02417,-176.348892,386.781494
1298,-137,399,1297.02515,-133.350113,398.777161
1252,-142,456,1251.82031,-134.323135,455.016296
1300,-180,454,1299.82031,-172.323761,453.016296
1293,-94,440,1292.82043,-86.3295746,439.016266
1252,-142,456,1251.76392,-138.29155,455.02829
1250,-180,466,1249.76758,-176.289093,465.027405
1300,-180,454,1299.7677,-176.291168,453.027374
1151,-180,319,1150.44446,-178.921753,319.831482
1169,-160,353,1168.4502,-158.921448,353.835205
1204,-180,355,1203.4502,-178.921021,355.835266
1151,-180,319,1150.2522,-178.533875,319.663879
1154,-140,350,1153.25208,-138.535828,350.663696
1169,-160,353,1168.25208,-158.53508,353.663757
1128,-180,372,1127.71521,-175.778061,371.041412
1169,-160,353,1168.71655,-155.779037,352.041016
1154,-140,350,1153.71484,-135.778732,349.041534
1128,-180,372,1127.78516,-176.740128,371.023376
1204,-180,355,1203.78516,-176.738708,354.023376
1169,-160,353,1168.78516,-156.740173,352.023376
1253,-94,452,1252.70862,-79.2632217,451.043396
1252,-142,456,1251.70972,-127.257614,455.04306
1293,-94,440,1292.70813,-79.2632217,439.043549
1225,-115,462,1224.70972,-104.549416,461.04306
1252,-142,456,1251.70801,-131.540314,455.04361
1253,-94,452,1252.70862,-83.5467453,451.043396
1214,-163,422,1214.6543,-161.375854,422.756226
1234,-143,423,1234.6554,-141.375946,423.75528
1250,-180,374,1250.66174,-178.376572,374.749725
1234,-143,423,1234.64355,-142.239151,422.234619
1214,-163,422,1214.64307,-162.239487,421.234192
1250,-180,466,1250.64307,-179.237427,465.234192
874,180,-142,873.000916,180.580795,-142.042267
911,128,-200,910.000916,128.581741,-200.042267
874,180,-200,873.000916,180.580795,-200.042267
690,130,-200,690.999023,131.280869,-200.042267
735,187,-149,735.999084,188.280014,-149.042267
735,187,-200,735.999084,188.280014,-200.042267
887,58,-200,887.999084,66.7374039,-199.95723
891,120,-200,891.999084,128.751648,-199.95723
900,120,-400,900.998962,128.74881,-399.955658
860,0,-200,860.999084,1.34351242,-200.042267
887,58,-200,887.999084,59.3420334,-200.042267
860,0,-400,860.999084,1.34351242,-400.042267
740,0,-400,739.000916,3.53301477,-400.042267
714,64,-200,713.000916,67.5326843,-200.042267
740,0,-200,739.000916,3.53301477,-200.042267
711,123,-200,710.000977,136.033173,-199.955826
714,64,-200,713.000977,77.0187225,-199.955826
700,120,-400,699.001831,133.031464,-399.939514
887,58,-200,887.999023,60.5824089,-200.043442
900,120,-400,900.999023,122.585922,-400.044037
860,0,-400,860.999023,2.58591819,-400.044067
740,0,-400,739.000916,2.98204994,-400.042267
700,120,-400,699.000916,122.985916,-400.042267
714,64,-200,713.000916,66.9870453,-200.042267
726,180,142,726.999084,181.707245,141.95723
689,128,200,689.999084,129.708206,199.95723
726,180,200,726.999084,181.707245,199.95723
910,130,200,909.000916,131.603546,199.95723
865,187,149,864.000916,188.602707,148.95723
865,187,200,864.000916,188.602707,199.95723
900,120,400,900.989075,123.253204,400.147064
860,0,400,860.98938,3.24946213,400.145325
800,0,800,800.988159,3.23951888,800.153076
740,0,400,739.01062,4.10730267,400.145325
700,120,400,699.01062,124.111237,400.145294
800,0,800,799.011536,4.09755468,800.151367
713,58,200,712.000916,81.2286606,199.95723
709,120,200,708.000916,143.242905,199.95723
700,120,400,699.000916,143.240051,399.957245
740,0,200,739.000916,2.45115089,199.95723
713,58,200,712.000916,60.4496727,199.95723
740,0,400,739.000916,2.45115089,399.957245
860,0,400,860.999084,1.85772336,399.957245
886,64,200,886.999084,65.8573914,199.95723
860,0,200,860.999084,1.85772336,199.95723
889,123,200,889.997986,145.085281,199.936584
886,64,200,886.997986,86.0720291,199.936584
900,120,400,900.997986,142.084763,399.936584
713,58,200,712.000854,60.9244537,200.041321
700,120,400,699.000916,122.927773,400.042358
740,0,400,739.000916,2.92777157,400.042389
860,0,400,860.999084,1.48523319,400.041626
900,120,400,900.999084,121.489098,400.041595
886,64,200,886.999084,65.4904251,200.042175
658,180,-74,657.987061,182.007614,-73.0000839
600,128,-111,599.987061,130.008575,-110.000084
600,180,-74,599.987061,182.007614,-73.0000839
600,130,110,599.956909,131.44223,109.000931
651,187,65,650.956909,188.441345,64.0009308
600,187,65,599.956909,188.441345,64.0009308
600,58,-87,600.042969,72.2690353,-87.9990692
600,120,-91,600.042969,134.283279,-91.9990692
400,120,-100,400.044006,134.280548,-100.999031
600,0,-60,599.95697,3.08196187,-60.999073
600,58,-87,599.956909,61.0805016,-87.9990692
400,0,-60,399.956696,3.08193469,-60.9990616
400,0,60,399.986481,1.36894798,60.9999084
600,64,86,599.987061,65.3686371,86.9999161
600,0,60,599.987061,1.36895812,60.9999161
600,123,89,600.063538,140.239548,89.9979782
600,64,86,600.063538,81.2257004,86.9979782
400,120,100,400.063477,137.237686,100.997978
600,58,-87,599.956543,62.0886879,-87.999054
400,120,-100,399.955139,124.092056,-100.998993
400,0,-60,399.956543,4.09206486,-60.999054
400,0,60,399.984924,3.18076015,60.9998856
400,120,100,399.984924,123.184601,100.999886
600,64,86,599.985352,67.1857529,86.9998856
1358,-128,-200,1358.93921,-125.653015,-199.656662
1322,-147,-115,1322.94104,-144.655701,-114.661736
1348,-97,-142,1348.94275,-94.6539612,-141.666504
1358,-128,-200,1358.95581,-125.539169,-199.706024
1313,-180,-137,1313.95544,-177.534958,-136.704834
1322,-147,-115,1322.95471,-144.535309,-114.702713
1313,-180,-137,1313.46973,-178.662048,-136.117203
1216,-180,-85,1216.47949,-178.661743,-84.1224594
1322,-147,-115,1322.47986,-145.66217,-114.122658
1400,-140,-120,1399.95691,-138.164551,-120.999069
1322,-147,-115,1321.95691,-145.165619,-115.999069
1339,-180,-97,1338.95691,-178.16481,-97.9990692
1400,-140,-120,1399.95691,-137.368134,-120.999069
1348,-97,-142,1347.95691,-94.3672256,-142.999069
1322,-147,-115,1321.95691,-144.366394,-115.999069
1322,-147,-115,1321.89941,-145.32164,-115.994926
1216,-180,-85,1215.90063,-178.320145,-85.9950485
1339,-180,-97,1338.90063,-178.321762,-97.9950485
1358,-128,-200,1358.97925,-120.813789,-199.797546
1348,-97,-142,1348.97534,-89.8240967,-141.779419
1353,-24,-138,1353.97742,-16.82164,-137.788681
1400,-140,-120,1399.86658,-133.536362,-120.991058
1400,-25,-144,1399.86658,-18.5395012,-144.991058
1353,-24,-138,1352.86658,-17.5411873,-138.991058
1365,62,-8,1364.95703,75.9434052,-8.99907589
1345,62,-8,1344.95703,75.9434052,-8.99907589
1345,43,-6,1344.95703,56.9422417,-6.99907637
1365,62,-8,1364.95703,75.9434052,-8.99907589
1345,43,-6,1344.95703,56.9422417,-6.99907637
1365,43,-6,1364.95703,56.9422417,-6.99907637
1345,71,-42,1344.98706,72.0108414,-41.0000839
1365,71,-42,1364.98706,72.0108414,-41.0000839
1365,56,-54,1364.98706,57.0103989,-53.0000839
1345,71,-42,1344.98706,72.0108414,-41.0000839
1365,56,-54,1364.98706,57.0103989,-53.0000839
1345,56,-54,1344.98706,57.0103989,-53.0000839
1353,71,-26,1353.99902,72.6302643,-26.0425262
1366,106,-26,1366.99902,107.631035,-26.0425262
1366,106,-34,1366.99902,107.631035,-34.0425262
1353,71,-26,1353.99902,72.6302643,-26.0425262
1366,106,-34,1366.99902,107.631035,-34.0425262
1353,71,-34,1353.99902,72.6302643,-34.0425262
942,180,-726,941.955872,181.707138,-726.999023
1000,128,-689,999.955872,129.708099,-689.999023
1000,180,-726,999.955872,181.707138,-726.999023
1000,130,-910,999.955872,131.603546,-909.000977
949,187,-865,948.955872,188.6026,-864.000977
1000,187,-865,999.955872,188.6026,-864.000977
1000,58,-713,999.955078,67.3913956,-712.001038
1000,120,-709,999.955078,129.40564,-708.001038
1200,120,-700,1199.95508,129.402802,-699.001038
1000,0,-740,999.955872,2.45100617,-739.000977
1000,58,-713,999.955872,60.4495277,-712.000977
1200,0,-740,1199.95593,2.45100617,-739.000977
1200,0,-860,1199.95593,1.85756111,-860.999023
1000,64,-886,999.955872,65.8572311,-886.999023
1000,0,-860,999.955872,1.85756111,-860.999023
1000,123,-889,999.937561,135.541916,-889.998047
1000,64,-886,999.937561,76.5286713,-886.998047
1200,120,-900,1199.9375,132.540207,-900.997986
1000,58,-713,1000.0426,61.1714783,-712.000916
1200,120,-700,1200.04309,123.174606,-699.000977
1200,0,-740,1200.04321,3.17460132,-739.000977
1200,0,-860,1200.04211,3.70178866,-860.999084
1200,120,-900,1200.04211,123.70565,-900.999084
1000,64,-886,1000.04272,67.7069778,-886.999084
726,180,-658,726.999023,181.707138,-658.042969
689,128,-600,689.999023,129.708099,-600.042969
726,180,-600,726.999023,181.707138,-600.042969
910,130,-600,909.000977,131.603546,-600.042969
865,187,-651,864.000977,188.6026,-651.042969
865,187,-600,864.000977,188.6026,-600.042969
713,58,-600,712.000977,79.5144272,-600.04364
709,120,-600,708.000977,141.528671,-600.04364
700,120,-400,699.000916,141.525818,-400.042267
740,0,-600,739.000977,2.45100617,-600.042969
713,58,-600,712.000977,60.4495277,-600.042969
740,0,-400,739.000916,2.45115089,-400.042267
860,0,-400,860.999084,1.85772336,-400.042267
886,64,-600,886.999023,65.8572311,-600.042969
860,0,-600,860.999023,1.85756111,-600.042969
889,123,-600,889.998047,134.902573,-600.062317
886,64,-600,886.998047,75.8893204,-600.062317
900,120,-400,900.997986,131.900848,-400.062988
713,58,-600,712.000916,60.6776237,-599.957275
700,120,-400,699.000916,122.680748,-399.957245
740,0,-400,739.000916,2.6807487,-399.957245
860,0,-400,860.999146,2.43201375,-399.958679
900,120,-400,900.999146,122.435875,-399.958679
886,64,-600,886.999084,66.4370117,-599.957275
658,180,-874,657.955078,180.580688,-873.001038
600,128,-911,599.955078,128.581635,-910.001038
600,180,-874,599.955078,180.580688,-873.001038
600,130,-690,599.955872,131.280869,-690.999023
651,187,-735,650.955078,188.279922,-735.998962
600,187,-735,599.955078,188.279922,-735.998962
400,120,-700,399.852997,121.879097,-699.010864
400,0,-740,399.852997,1.87516201,-739.010864
0,0,-800,-0.145009443,1.8654139,-799.01062
400,0,-860,399.852997,4.21160841,-860.989136
400,120,-900,399.852997,124.215546,-900.989136
0,0,-800,-0.146226048,4.20186043,-800.989197
600,58,-887,600.043579,80.5746689,-887.999023
600,120,-891,600.043579,142.588913,-891.999023
400,120,-900,400.042328,142.586075,-900.999084
600,0,-860,599.955872,1.34336782,-860.999023
600,58,-887,599.955872,59.3418884,-887.999023
400,0,-860,399.957245,1.34351242,-860.999084
400,0,-740,399.957245,3.53301477,-739.000916
600,64,-714,599.955872,67.5325241,-713.000977
600,0,-740,599.955872,3.53285265,-739.000977
600,123,-711,600.043762,145.576538,-710.000977
600,64,-714,600.043701,86.5620804,-713.000977
400,120,-700,400.042328,142.573624,-699.000916
600,58,-887,599.955078,60.3353844,-887.998901
400,120,-900,399.955841,122.338898,-900.999023
400,0,-860,399.955841,2.33889532,-860.999023
400,0,-740,399.955841,3.9286375,-739.000977
400,120,-700,399.955841,123.932503,-699.000977
600,64,-714,599.955078,67.9334412,-713.001038
1674,180,-942,1673.00098,180.879883,-942.042969
1711,128,-1000,1710.00098,128.880829,-1000.04297
1674,180,-1000,1673.00098,180.879883,-1000.04297
1490,130,-1000,1490.99902,131.119522,-1000.04297
1535,187,-949,1535.99902,188.118576,-949.042969
1535,187,-1000,1535.99902,188.118576,-1000.04297
1687,58,-1000,1687.99902,76.7570343,-999.956055
1691,120,-1000,1691.99902,138.771286,-999.956055
1700,120,-1200,1700.99902,138.769379,-1199.95593
1660,0,-1000,1660.99902,1.97434139,-1000.04297
1687,58,-1000,1687.99902,59.9727173,-1000.04297
1660,0,-1200,1660.99902,1.97434139,-1200.04297
1540,0,-1200,1539.00098,3.04215169,-1200.04297
1514,64,-1000,1513.00098,67.0418243,-1000.04297
1540,0,-1000,1539.00098,3.04215169,-1000.04297
1511,123,-1000,1510.00098,151.552277,-999.956055
1514,64,-1000,1513.00098,92.5390167,-999.956055
1500,120,-1200,1499.00098,148.551758,-1199.95605
1687,58,-1000,1687.99902,62.2404938,-1000.04297
1700,120,-1200,1700.9989,124.243813,-1200.04297
1660,0,-1200,1660.99902,4.24400377,-1200.04297
1540,0,-1200,1539.00098,2.78396749,-1200.04346
1500,120,-1200,1499.00098,122.787636,-1200.04358
1514,64,-1000,1513.00098,66.7889633,-1000.04401
1526,180,-658,1526.99902,181.407944,-658.042969
1489,128,-600,1489.99902,129.408905,-600.042969
1526,180,-600,1526.99902,181.407944,-600.042969
1710,130,-600,1709.00098,131.764893,-600.042969
1665,187,-651,1664.00098,188.763947,-651.042969
1665,187,-600,1664.00098,188.763947,-600.042969
1700,120,-400,1700.98914,122.189674,-399.852997
1660,0,-400,1660.98816,2.18554449,-399.846893
1600,0,0,1600.98816,2.17579627,0.152941614
1540,0,-400,1539.01062,3.9016161,-399.854675
1500,120,-400,1499.00977,123.905357,-399.860596
1600,0,0,1599.01074,3.89186788,0.14600943
1513,58,-600,1512.00098,71.2099762,-600.042969
1509,120,-600,1508.00098,133.222336,-600.042969
1500,120,-400,1499.00098,133.220428,-400.043549
1540,0,-600,1539.00098,1.82017732,-600.042969
1513,58,-600,1512.00098,59.8185539,-600.042969
1540,0,-400,1539.00098,1.82017732,-400.042267
1660,0,-400,1660.99902,2.3484242,-400.042267
1686,64,-600,1686.99902,66.3480911,-600.042969
1660,0,-600,1660.99902,2.3484242,-600.042969
1689,123,-600,1689.99805,149.293457,-600.061768
1686,64,-600,1686.99805,90.2778015,-600.06189
1700,120,-400,1700.99805,146.290543,-400.061401
1513,58,-600,1512.00098,62.430542,-599.955872
1500,120,-400,1499.00085,124.43425,-399.958679
1540,0,-400,1539.00085,4.43405104,-399.958679
1660,0,-400,1660.99902,1.68350875,-399.955841
1700,120,-400,1700.99902,121.687569,-399.955841
1686,64,-600,1686.99902,65.6885071,-599.955872
1458,180,-874,1457.95508,180.580688,-873.001038
1400,128,-911,1399.95508,128.581635,-910.001038
1400,180,-874,1399.95508,180.580688,-873.001038
1400,130,-690,1399.95593,131.280869,-690.999023
1451,187,-735,1450.95508,188.279922,-735.998962
1400,187,-735,1399.95508,188.279922,-735.998962
1400,58,-887,1400.04358,78.8604355,-887.999023
1400,120,-891,1400.04358,140.87468,-891.999023
1200,120,-900,1200.04199,140.871841,-900.999084
1400,0,-860,1399.95593,1.34336782,-860.999023
1400,58,-887,1399.95593,59.3418884,-887.999023
1200,0,-860,1199.95593,1.34336782,-860.999023
1200,0,-740,1199.95593,3.53285265,-739.000977
1400,64,-714,1399.95593,67.5325241,-713.000977
1400,0,-740,1399.95593,3.53285265,-739.000977
1400,123,-711,1400.04358,135.392624,-710.000977
1400,64,-714,1400.04333,76.3781662,-713.000977
1200,120,-700,1200.06055,132.3909,-699.001892
1400,58,-887,1399.95593,60.0885544,-887.999023
1200,120,-900,1199.95508,122.091873,-900.998962
1200,0,-860,1199.95508,2.09187245,-860.998962
1200,0,-740,1199.95593,1.71208203,-739.000977
1200,120,-700,1199.95593,121.71595,-699.000977
1400,64,-714,1399.95593,65.7170792,-713.000977
2300,-10,-793,2300.70117,-8.2047224,-792.287048
2260,-40,-793,2260.69629,-38.204792,-792.282288
2082,0,-566,2082.69629,1.79336333,-565.282288
1742,180,-1526,1741.95593,181.407944,-1526.99902
1800,128,-1489,1799.95593,129.408905,-1489.99902
1800,180,-1526,1799.95593,181.407944,-1526.99902
1800,130,-1710,1799.95593,131.764893,-1709.00098
1749,187,-1665,1748.95593,188.763947,-1664.00098
1800,187,-1665,1799.95593,188.763947,-1664.00098
2000,120,-1700,2000.13098,122.496552,-1700.99133
2000,0,-1660,2000.15173,2.49319744,-1660.9884
2400,0,-1600,2400.13794,2.48305917,-1600.99036
2000,0,-1540,2000.14478,4.20887899,-1539.01062
2000,120,-1500,2000.15259,124.213013,-1499.01172
2400,0,-1600,2400.13086,4.19874096,-1599.00867
1800,58,-1513,1799.95593,76.352684,-1512.00098
1800,120,-1509,1799.95508,138.365036,-1508.0011
2000,120,-1500,1999.95593,138.363129,-1499.00098
1800,0,-1540,1799.95593,1.82017732,-1539.00098
1800,58,-1513,1799.95593,59.8185539,-1512.00098
2000,0,-1540,1999.95593,1.82017732,-1539.00098
2000,0,-1660,1999.95593,2.3484242,-1660.99902
1800,64,-1686,1799.95593,66.3480911,-1686.99902
1800,0,-1660,1799.95593,2.3484242,-1660.99902
1800,123,-1689,1799.93762,140.38826,-1689.99805
1800,64,-1686,1799.93762,81.3725967,-1686.99805
2000,120,-1700,1999.93762,137.387741,-1700.99805
1800,58,-1513,1800.04065,60.0070496,-1512.00085
2000,120,-1500,2000.04102,122.010368,-1499.00085
2000,0,-1540,2000.04102,2.01017523,-1539.00085
2000,0,-1660,2000.04114,2.00708222,-1660.99915
2000,120,-1700,2000.04114,122.011139,-1700.99915
1800,64,-1686,1800.04102,66.0116882,-1686.99915
1674,180,-1742,1673.00098,180.879883,-1742.04297
1711,128,-1800,1710.00098,128.880829,-1800.04297
1674,180,-1800,1673.00098,180.879883,-1800.04297
1490,130,-1800,1490.99902,131.119522,-1800.04297
1535,187,-1749,1535.99902,188.118576,-1749.04297
1535,187,-1800,1535.99902,188.118576,-1800.04297
1687,58,-1800,1687.99902,78.4712677,-1799.95605
1691,120,-1800,1691.99902,140.485519,-1799.95605
1700,120,-2000,1700.99902,140.483612,-1999.95593
1660,0,-1800,1660.99902,1.97434139,-1800.04297
1687,58,-1800,1687.99902,59.9727173,-1800.04297
1660,0,-2000,1660.99902,1.97434139,-2000.04297
1540,0,-2000,1539.00098,3.04215169,-2000.04297
1514,64,-1800,1513.00098,67.0418243,-1800.04297
1540,0,-1800,1539.00098,3.04215169,-1800.04297
1511,123,-1800,1510.00098,142.008911,-1799.95593
1514,64,-1800,1513.00098,82.9956589,-1799.95593
1500,120,-2000,1499.00098,139.008408,-1999.95605
1687,58,-1800,1687.99902,62.487709,-1800.04407
1700,120,-2000,1700.9989,124.491028,-2000.04468
1660,0,-2000,1660.9989,4.49083328,-2000.04468
1540,0,-2000,1539.00098,1.83718681,-2000.04297
1500,120,-2000,1499.00098,121.840858,-2000.04297
1514,64,-1800,1513.00098,65.842186,-1800.04297
1526,180,-1458,1526.99902,181.407944,-1458.04297
1489,128,-1400,1489.99902,129.408905,-1400.04297
1526,180,-1400,1526.99902,181.407944,-1400.04297
1710,130,-1400,1709.00098,131.764893,-1400.04297
1665,187,-1451,1664.00098,188.763947,-1451.04297
1665,187,-1400,1664.00098,188.763947,-1400.04297
1513,58,-1400,1512.00098,69.4957428,-1400.04297
1509,120,-1400,1508.00098,131.508102,-1400.04297
1500,120,-1200,1499.00098,131.506195,-1200.0437
1540,0,-1400,1539.00098,1.82017732,-1400.04297
1513,58,-1400,1512.00098,59.8185539,-1400.04297
1540,0,-1200,1539.00098,1.82017732,-1200.04297
1660,0,-1200,1660.99902,2.3484242,-1200.04297
1686,64,-1400,1686.99902,66.3480911,-1400.04297
1660,0,-1400,1660.99902,2.3484242,-1400.04297
1689,123,-1400,1689.99805,139.109543,-1400.06165
1686,64,-1400,1686.99805,80.0938873,-1400.06152
1700,120,-1200,1700.99805,136.106628,-1200.06104
1513,58,-1400,1512.00085,62.183712,-1399.95874
1500,120,-1200,1499.00085,124.187035,-1199.95874
1540,0,-1200,1539.00085,4.18683481,-1199.95874
1660,0,-1200,1660.99915,2.63028932,-1199.95898
1700,120,-1200,1700.99915,122.634346,-1199.95898
1686,64,-1400,1686.99915,66.6352844,-1399.95898
1458,180,-1674,1457.95508,180.879883,-1673.0011
1400,128,-1711,1399.95593,128.880829,-1710.00098
1400,180,-1674,1399.95508,180.879883,-1673.0011
1400,130,-1490,1399.95593,131.119522,-1490.99902
1451,187,-1535,1450.95593,188.118576,-1535.99902
1400,187,-1535,1399.95593,188.118576,-1535.99902
1400,58,-1687,1400.04297,71.6143341,-1687.99902
1400,120,-1691,1400.04309,133.628586,-1691.99902
1200,120,-1700,1200.04358,133.626678,-1700.99902
1400,0,-1660,1399.95593,1.97434139,-1660.99902
1400,58,-1687,1399.95593,59.9727173,-1687.99902
1200,0,-1660,1199.95593,1.97434139,-1660.99902
1200,0,-1540,1199.95593,3.04215169,-1539.00098
1400,64,-1514,1399.95593,67.0418243,-1513.00098
1400,0,-1540,1399.95593,3.04215169,-1539.00098
1400,123,-1511,1400.04395,140.730209,-1510.00098
1400,64,-1514,1400.04395,81.7169571,-1513.00098
1200,120,-1500,1200.04346,137.729691,-1499.00098
1400,58,-1687,1399.95508,61.4996185,-1687.9989
1200,120,-1700,1199.95508,123.502937,-1700.9989
1200,0,-1660,1199.95593,3.50312805,-1660.99902
1200,0,-1540,1199.95508,2.46039391,-1539.0011
1200,120,-1500,1199.95508,122.464066,-1499.0011
1400,64,-1514,1399.95593,66.4653931,-1513.00098
-1058,-20,1674,-1058.04297,-19.2028675,1673.00098
-1000,-72,1711,-1000.04297,-71.2019119,1710.00098
-1000,-20,1674,-1000.04297,-19.2028675,1673.00098
-1000,-70,1490,-1000.04297,-68.9941559,1490.99902
-1051,-13,1535,-1051.04297,-11.9951029,1535.99902
-1000,-13,1535,-1000.04297,-11.9951029,1535.99902
-800,-80,1500,-799.84668,-78.4507141,1499.01184
-800,-200,1540,-799.853821,-198.454453,1539.01074
-400,-200,1600,-399.852997,-198.464203,1599.01086
-800,-200,1660,-799.84668,-196.976242,1660.98816
-800,-80,1700,-799.853821,-76.9721069,1700.98926
-400,-200,1600,-399.852997,-196.985992,1600.98914
-1000,-142,1686,-1000.04297,-128.953873,1686.99902
-1000,-80,1691,-1000.04297,-66.947403,1691.99902
-800,-80,1700,-800.042969,-66.9261246,1700.99902
-1000,-200,1660,-1000.04297,-198.823532,1660.9989
-1000,-142,1686,-1000.04297,-140.825897,1686.99902
-800,-200,1660,-800.042969,-198.823532,1660.9989
-800,-200,1540,-800.042969,-196.589554,1539.00098
-1000,-136,1516,-1000.04297,-132.587692,1515.00098
-1000,-200,1540,-1000.04297,-196.589554,1539.00098
-1000,-77,1511,-1000.06226,-62.6821289,1510.00195
-1000,-136,1516,-1000.06226,-121.674179,1515.00195
-800,-80,1500,-800.061768,-65.6541672,1499.00195
-1000,-142,1686,-999.958679,-139.161911,1686.99915
-800,-80,1700,-799.957031,-77.1574402,1700.99902
-800,-200,1660,-799.957031,-197.153778,1660.99902
-800,-200,1540,-799.959961,-196.121033,1539.00085
-800,-80,1500,-799.959961,-76.1212158,1499.00085
-1000,-136,1516,-999.962891,-132.112167,1515.00073
-1126,190,858,-1126.99902,190.750504,857.955872
-1089,128,800,-1089.99902,128.752625,799.955872
-1126,190,800,-1126.99902,190.750504,799.955872
-1310,130,800,-1309.00098,131.566193,799.955872
-1265,197,851,-1264.00098,198.56749,850.955872
-1265,197,800,-1264.00098,198.56749,799.955872
-1113,58,800,-1112.00098,67.1569443,800.042236
-1109,120,800,-1108.00098,129.171188,800.042297
-1100,120,600,-1099.00098,129.169296,600.042908
-1140,0,800,-1139.00098,3.32016778,799.955872
-1113,58,800,-1112.00098,61.3188324,799.955872
-1140,0,600,-1139.00098,3.32016778,599.955872
-1260,0,600,-1260.99902,3.4313395,599.955872
-1286,64,800,-1286.99902,67.4310074,799.955872
-1260,0,800,-1260.99902,3.4313395,799.955872
-1289,123,800,-1289.99902,134.618408,800.042542
-1286,64,800,-1286.99902,75.6051559,800.042542
-1300,120,600,-1300.99902,131.615494,600.042114
-1113,58,800,-1112.00098,62.283371,799.955872
-1100,120,600,-1099.00098,124.28669,599.955872
-1140,0,600,-1139.00098,4.28688002,599.955872
-1260,0,600,-1260.99902,2.29435992,599.955872
-1300,120,600,-1300.99902,122.298416,599.955872
-1286,64,800,-1286.99902,66.2993546,799.955872
-1400,-20,1674,-1400.04297,-19.2028675,1673.00098
-1400,-72,1711,-1400.04297,-71.2019119,1710.00098
-1342,-20,1674,-1342.04297,-19.2028675,1673.00098
-1400,-13,1535,-1400.04297,-11.9951029,1535.99902
-1349,-13,1535,-1349.04297,-11.9951029,1535.99902
-1400,-70,1490,-1400.04297,-68.9941559,1490.99902
-2000,-200,1600,-2000.15723,-198.157333,1599.01245
-1600,-200,1540,-1600.15796,-198.147186,1539.01257
-1600,-80,1500,-1600.15198,-78.1434479,1499.01172
-2000,-200,1600,-2000.15137,-196.678726,1600.9884
-1600,-80,1700,-1600.15723,-76.6652374,1700.98743
-1600,-200,1660,-1600.15137,-196.668976,1660.9884
-1600,-80,1700,-1599.95605,-73.4375153,1700.99902
-1400,-80,1691,-1399.95703,-73.4588013,1691.99902
-1400,-142,1686,-1399.95703,-135.465271,1686.99902
-1600,-200,1660,-1600.04297,-198.823532,1660.9989
-1400,-142,1686,-1400.04297,-140.825897,1686.99902
-1400,-200,1660,-1400.04297,-198.823532,1660.9989
-1400,-200,1540,-1400.04297,-196.589554,1539.00098
-1400,-136,1516,-1400.04297,-132.587692,1515.00098
-1600,-200,1540,-1600.04297,-196.589554,1539.00098
-1600,-80,1500,-1599.95593,-69.5715332,1499.00098
-1400,-136,1516,-1399.95593,-125.591537,1515.00098
-1400,-77,1511,-1399.95593,-66.5994873,1510.00098
-1600,-200,1660,-1600.04297,-197.529541,1660.99902
-1600,-80,1700,-1600.04297,-77.5332108,1700.99902
-1400,-142,1686,-1400.04297,-139.538071,1686.99902
-1400,-136,1516,-1400.04297,-134.253204,1515.00098
-1600,-80,1500,-1600.04297,-78.2618713,1499.00098
-1600,-200,1540,-1600.04309,-198.261673,1539.00098
-1142,-360,1239,-1141.49634,-300.153076,1238.13611
-1142,-10,1232,-1141.50977,49.8750191,1231.12842
-1161,-10,1221,-1160.50293,49.8750191,1220.13232
-1142,-360,1239,-1142.47986,-296.917755,1238.12268
-1122,-10,1221,-1122.48828,53.1621399,1220.12732
-1142,-10,1232,-1142.4801,53.1691093,1231.1228
-1122,-10,1221,-1122.99902,48.2547569,1220.95593
-1116,-360,1194,-1116.99902,-301.513916,1193.95593
-1122,-10,1198,-1122.99902,48.2547569,1197.95593
-1116,-360,1194,-1116.47961,-287.80423,1194.87744
-1142,-10,1187,-1142.47961,62.0214767,1187.87744
-1122,-10,1198,-1122.48828,62.034832,1198.87268
-1168,-360,1194,-1167.50293,-299.825195,1194.86768
-1161,-10,1198,-1160.51062,50.3328209,1198.87207
-1142,-10,1187,-1141.49719,50.3266869,1187.86438
-1168,-360,1194,-1167.00098,-287.734711,1193.95593
-1161,-10,1221,-1160.00098,62.3736649,1220.95593
-1161,-10,1198,-1160.00098,62.3736649,1197.95593
-1293,-360,1464,-1293.04297,-333.821899,1463.00098
-1259,50,1444,-1259.04297,76.3034363,1443.00098
-1328,50,1444,-1328.04297,76.3034363,1443.00098
-1259,50,1444,-1259.87146,66.2241516,1444.49023
-1259,-360,1404,-1259.87646,-343.842102,1404.48132
-1293,50,1384,-1293.87207,66.2190704,1384.48938
-1328,-360,1404,-1327.13574,-349.05957,1404.50293
-1328,50,1444,-1327.13513,60.884407,1444.50195
-1293,50,1384,-1292.1355,60.8931084,1384.50256
-1053,-360,1464,-1053.04297,-309.8078,1463.00098
-1036,50,1454,-1036.04297,100.167152,1453.00098
-1071,50,1454,-1071.04297,100.167152,1453.00098
-1036,50,1454,-1036.87646,71.84552,1454.48132
-1036,-360,1434,-1036.87646,-338.050598,1434.48145
-1053,50,1424,-1053.87634,71.84552,1424.48145
-1071,-360,1434,-1070.13818,-340.882538,1434.5072
-1071,50,1454,-1070.13818,69.1682053,1454.5072
-1053,50,1424,-1052.1499,69.1779404,1424.52661
-1102,-360,1759,-1102.04297,-336.112335,1758.00098
-1076,-10,1744,-1076.04297,13.892662,1743.00098
-1128,-10,1744,-1128.04297,13.892662,1743.00098
-1076,-10,1744,-1076.86389,12.3699932,1744.50366
-1076,-360,1714,-1076.87158,-337.590851,1714.49011
-1102,-10,1699,-1102.86768,12.3585968,1699.49707
-1128,-360,1714,-1127.13513,-328.982849,1714.50195
-1128,-10,1744,-1127.13513,20.9751434,1744.50195
-1102,-10,1699,-1101.13525,20.9651718,1699.5022
-1333,-344,1904,-1333.04297,-290.296783,1903.00098
-1316,50,1894,-1316.04297,103.881302,1893.00098
-1351,50,1894,-1351.04297,103.881302,1893.00098
-1316,50,1894,-1316.86768,81.2072754,1894.49707
-1316,-344,1874,-1316.87146,-312.67337,1874.49023
-1333,50,1864,-1333.87646,81.2170334,1864.48145
-1351,-344,1874,-1350.14978,-315.4617,1874.52637
-1351,50,1894,-1350.14978,78.76017,1894.52637
-1333,50,1864,-1332.1438,78.7578278,1864.5166
-1141,-200,2140,-1141.04297,-190.757278,2139.00098
-1106,50,2120,-1106.04297,59.246563,2119.00098
-1175,50,2120,-1175.04297,59.246563,2119.00098
-1106,50,2120,-1106.86389,62.2875023,2120.50366
-1106,-200,2080,-1106.86768,-187.725372,2080.49707
-1141,50,2060,-1141.86389,62.2875023,2060.50366
-1175,-200,2080,-1174.13147,-188.206131,2080.49561
-1175,50,2120,-1174.13147,61.774601,2120.49561
-1141,50,2060,-1140.1283,61.7668381,2060.48999
211,46,-1778,211.915009,47.9634895,-1778.40332
191,-20,-1697,191.912109,-18.0341949,-1697.40991
216,15,-1707,216.912445,16.964838,-1707.40918
191,-20,-1697,191.993988,-18.7305202,-1697.10938
200,-20,-1616,200.994934,-18.7319546,-1616.10046
216,15,-1707,216.994934,16.269949,-1707.10046
251,12,-1723,250.53746,14.1115179,-1723.8866
213,49,-1724,212.557922,51.1131783,-1724.89697
216,15,-1707,215.560654,17.1122627,-1707.89832
216,15,-1707,215.095245,15.6070995,-1707.4259
200,-20,-1616,199.095581,-19.3911896,-1616.42664
231,-20,-1682,230.095245,-19.3923683,-1682.4259
209,89,-1727,208.937546,105.627365,-1727.99805
213,49,-1724,212.937546,65.6240005,-1724.99805
251,12,-1723,250.936584,28.6201591,-1723.99792
230,156,-1709,230.970688,158.35408,-1709.24023
224,164,-1741,224.970673,166.354889,-1741.24023
209,89,-1727,209.971664,91.3580933,-1727.23633
224,164,-1741,224.98291,172.600906,-1740.81592
211,46,-1778,211.982864,54.5929947,-1777.81567
209,89,-1727,209.982956,97.5924377,-1726.81616
251,12,-1723,250.566696,15.9121208,-1723.90125
263,56,-1742,262.567993,59.9112358,-1742.90186
209,89,-1727,208.564667,92.9067993,-1727.90027
263,-20,-1783,262.955841,-11.7685299,-1782.00098
213,-20,-1783,212.955826,-11.7685299,-1782.00098
211,46,-1778,210.955826,54.2367325,-1777.00098
255,68,-1773,254.937546,77.6420593,-1772.00195
263,-20,-1783,262.937561,-10.3542128,-1782.00195
211,46,-1778,210.936584,55.6432533,-1777.00208
263,-20,-1783,262.022949,-13.4727278,-1782.78711
255,68,-1773,254.022934,74.5371323,-1772.78711
263,56,-1742,262.022949,62.5342255,-1741.78711
263,-20,-1783,262.173126,-16.968317,-1782.43762
263,56,-1742,262.172546,59.0285263,-1741.43848
311,-20,-1713,310.173126,-16.9708271,-1712.43762
263,56,-1742,262.936584,58.2054405,-1742.99792
251,12,-1723,250.936584,14.2045565,-1723.99792
311,-20,-1713,310.937561,-17.7951031,-1713.99805
211,46,-1778,211.560974,49.1763763,-1777.17224
224,164,-1741,224.558151,167.178741,-1740.17029
246,168,-1754,246.561188,171.178223,-1753.17236
231,-20,-1682,230.10318,-18.8750706,-1682.44238
251,-20,-1723,250.102402,-18.8751774,-1723.4408
216,15,-1707,215.102341,16.124342,-1707.44067
255,68,-1773,255.106888,74.0230408,-1772.00574
246,168,-1754,246.106781,174.019287,-1753.00574
266,147,-1760,266.106781,153.019058,-1759.00574
255,68,-1773,254.955826,71.4300995,-1772.00098
211,46,-1778,210.955826,49.4297981,-1777.00098
246,168,-1754,245.955826,171.434189,-1753.00098
1200,0,-1660,1200.04358,2.95347667,-1660.99902
1200,120,-1700,1200.04358,122.957535,-1700.99902
1000,64,-1686,1000.03809,66.9584732,-1686.99927
1000,58,-1513,1000.04102,59.7598343,-1512.00085
1200,120,-1500,1200.04236,121.763542,-1499.00098
1200,0,-1540,1200.04236,1.76334548,-1539.00098
1000,123,-1689,999.937561,149.934021,-1689.99805
1000,64,-1686,999.937561,90.9183578,-1686.99805
1200,120,-1700,1199.93762,146.931107,-1700.99805
1200,0,-1660,1199.95593,2.3484242,-1660.99902
1000,64,-1686,999.955872,66.3480911,-1686.99902
1000,0,-1660,999.955872,2.3484242,-1660.99902
1000,0,-1540,999.955872,1.82017732,-1539.00098
1000,58,-1513,999.955872,59.8185539,-1512.00098
1200,0,-1540,1199.95593,1.82017732,-1539.00098
1000,58,-1513,999.955872,74.6384506,-1512.00098
1000,120,-1509,999.955078,136.650803,-1508.0011
1200,120,-1500,1199.95593,136.648895,-1499.00098
1000,130,-1710,999.955872,131.764893,-1709.00098
949,187,-1665,948.955872,188.763947,-1664.00098
1000,187,-1665,999.955872,188.763947,-1664.00098
942,180,-1526,941.955872,181.407944,-1526.99902
1000,128,-1489,999.955872,129.408905,-1489.99902
1000,180,-1526,999.955872,181.407944,-1526.99902
1742,180,-2326,1741.95593,181.108749,-2326.99902
1800,128,-2289,1799.95593,129.109711,-2289.99902
1800,180,-2326,1799.95593,181.108749,-2326.99902
1800,130,-2510,1799.95593,131.926239,-2509.00098
1749,187,-2465,1748.95593,188.925293,-2464.00098
1800,187,-2465,1799.95593,188.925293,-2464.00098
2000,120,-2500,2000.13745,123.664772,-2500.99023
2000,0,-2460,2000.12988,3.66064072,-2460.99146
2400,0,-2400,2400.14429,3.65128255,-2400.98926
2000,0,-2340,2000.15173,3.04065585,-2339.01172
2000,120,-2300,2000.15723,123.044785,-2299.01245
2400,0,-2400,2400.13892,3.03090763,-2399.00977
1800,58,-2313,1799.95593,68.0453873,-2312.00098
1800,120,-2309,1799.95593,130.061539,-2308.00098
2000,120,-2300,1999.95593,130.057739,-2299.00098
1800,0,-2340,1799.95593,1.18934834,-2339.00098
1800,58,-2313,1799.95508,59.1874352,-2312.00122
2000,0,-2340,1999.95593,1.18934834,-2339.00098
2000,0,-2460,1999.95593,2.83912539,-2460.99902
1800,64,-2486,1799.95593,66.8384705,-2486.99902
1800,0,-2460,1799.95593,2.83912539,-2460.99902
1800,123,-2489,1799.92358,135.047058,-2489.99707
1800,64,-2486,1799.93762,76.03862,-2486.99805
2000,120,-2500,1999.93762,132.046539,-2500.99805
1800,58,-2313,1800.0426,61.7599678,-2312.00098
2000,120,-2300,2000.04297,123.764061,-2299.00098
2000,0,-2340,2000.04297,3.7638638,-2339.00098
2000,0,-2460,2000.04382,4.42191362,-2460.99902
2000,120,-2500,2000.03296,124.425972,-2500.99927
1800,64,-2486,1800.03906,68.4269104,-2486.99902
1674,180,-2542,1673.00098,180.879883,-2542.04297
1711,128,-2600,1710.00098,128.880829,-2600.04297
1674,180,-2600,1673.00098,180.879883,-2600.04297
1490,130,-2600,1490.99902,131.119522,-2600.04297
1535,187,-2549,1535.99902,188.118576,-2549.04297
1535,187,-2600,1535.99902,188.118576,-2600.04297
1500,120,-2800,1499.01172,123.250473,-2800.15259
1540,0,-2800,1539.01062,3.24653745,-2800.14478
1600,0,-3200,1599.00867,3.23639941,-3200.13086
1660,0,-2800,1660.98828,1.53085589,-2800.15259
1700,120,-2800,1700.98743,121.534599,-2800.15796
1600,0,-3200,1600.98804,1.52071786,-3200.15332
1687,58,-2600,1687.99902,80.1855011,-2599.95605
1691,120,-2600,1691.99902,142.199753,-2599.95605
1700,120,-2800,1700.99902,142.197845,-2799.95605
1660,0,-2600,1660.99902,1.97434139,-2600.04297
1687,58,-2600,1687.99902,59.9727173,-2600.04297
1660,0,-2800,1660.99902,1.97434139,-2800.04297
1540,0,-2800,1539.00098,3.04215169,-2800.04297
1514,64,-2600,1513.00098,67.0418243,-2600.04297
1540,0,-2600,1539.00098,3.04215169,-2600.04297
1511,123,-2600,1510.00098,152.192825,-2599.95605
1514,64,-2600,1513.00098,93.1795807,-2599.95605
1500,120,-2800,1499.00098,149.192322,-2799.95605
1687,58,-2600,1687.99902,59.5701752,-2600.04346
1700,120,-2800,1700.9989,121.573494,-2800.04395
1660,0,-2800,1660.99902,1.57368445,-2800.0437
1540,0,-2800,1539.00098,4.05354929,-2800.04297
1500,120,-2800,1499.00098,124.05722,-2800.04297
1514,64,-2600,1513.00098,68.058548,-2600.04297
1526,180,-2258,1526.99902,181.407944,-2258.04297
1489,128,-2200,1489.99902,129.408905,-2200.04297
1526,180,-2200,1526.99902,181.407944,-2200.04297
1710,130,-2200,1709.00098,131.764893,-2200.04297
1665,187,-2251,1664.00098,188.763947,-2251.04297
1665,187,-2200,1664.00098,188.763947,-2200.04297
1513,58,-2200,1512.00098,67.7815094,-2200.04321
1509,120,-2200,1508.00098,129.793869,-2200.04321
1500,120,-2000,1499.00098,129.791962,-2000.04358
1540,0,-2200,1539.00098,1.82017732,-2200.04297
1513,58,-2200,1512.00098,59.8185539,-2200.04297
1540,0,-2000,1539.00098,1.82017732,-2000.04297
1660,0,-2000,1660.99902,2.3484242,-2000.04297
1686,64,-2200,1686.99902,66.3480911,-2200.04297
1660,0,-2200,1660.99902,2.3484242,-2200.04297
1689,123,-2200,1689.99805,148.652908,-2200.06128
1686,64,-2200,1686.99805,89.6372452,-2200.06152
1700,120,-2000,1700.99805,145.649979,-2000.06091
1513,58,-2200,1512.00098,61.9364929,-2199.95605
1500,120,-2000,1499.00098,123.940201,-1999.95605
1540,0,-2000,1539.00098,3.94000506,-1999.95605
1660,0,-2000,1660.99902,3.576684,-1999.95703
1700,120,-2000,1700.99902,123.580742,-1999.95703
1686,64,-2200,1686.99902,67.5816803,-2199.95605
1458,180,-2474,1457.95593,181.179077,-2473.00098
1400,128,-2511,1399.95593,129.180038,-2510.00098
1400,180,-2474,1399.95593,181.179077,-2473.00098
1400,130,-2290,1399.95593,130.958176,-2290.99902
1451,187,-2335,1450.95593,187.95723,-2335.99902
1400,187,-2335,1399.95593,187.95723,-2335.99902
1400,58,-2487,1400.04163,79.9216309,-2487.99902
1400,120,-2491,1400.04163,141.933975,-2491.99902
1200,120,-2500,1200.04236,141.933975,-2500.99902
1400,0,-2460,1399.95508,2.60488105,-2460.99878
1400,58,-2487,1399.95593,60.6035461,-2487.99902
1200,0,-2460,1199.95508,2.60488105,-2460.99878
1200,0,-2340,1199.95593,2.55112624,-2339.00098
1400,64,-2314,1399.95593,66.5511246,-2313.00098
1400,0,-2340,1399.95593,2.55112624,-2339.00098
1400,123,-2311,1400.04285,146.066589,-2310.00098
1400,64,-2314,1400.04297,87.0533371,-2313.00098
1200,120,-2300,1200.04016,143.061264,-2299.00098
1400,58,-2487,1399.95593,59.7467003,-2487.99902
1200,120,-2500,1199.95593,121.750023,-2500.99902
1200,0,-2460,1199.95593,1.74982584,-2460.99902
1200,0,-2340,1199.95593,3.2087059,-2339.00098
1200,120,-2300,1199.95593,123.212761,-2299.00098
1400,64,-2314,1399.95593,67.2136993,-2313.00098
942,180,-2326,941.955872,181.108749,-2326.99902
1000,128,-2289,999.955872,129.109711,-2289.99902
1000,180,-2326,999.955872,181.108749,-2326.99902
1000,130,-2510,999.955872,131.926239,-2509.00098
949,187,-2465,948.955872,188.925293,-2464.00098
1000,187,-2465,999.955872,188.925293,-2464.00098
1000,58,-2313,999.937561,66.3292542,-2312.00195
1000,120,-2309,999.937561,128.345398,-2308.00195
1200,120,-2300,1199.93762,128.341599,-2299.00195
1000,0,-2340,999.955872,1.18934834,-2339.00098
1000,58,-2313,999.955078,59.1874352,-2312.00122
1200,0,-2340,1199.95593,1.18934834,-2339.00098
1200,0,-2460,1199.95593,2.83912539,-2460.99902
1000,64,-2486,999.955872,66.8384705,-2486.99902
1000,0,-2460,999.955872,2.83912539,-2460.99902
1000,123,-2489,999.937561,144.592819,-2489.99805
1000,64,-2486,999.937561,85.579567,-2486.99805
1200,120,-2500,1199.93762,141.592316,-2500.99805
1000,58,-2313,1000.04004,61.5127525,-2312.00098
1200,120,-2300,1200.04065,123.516846,-2299.00098
1200,0,-2340,1200.04065,3.51664782,-2339.00098
1200,0,-2460,1200.03516,2.20555091,-2460.99927
1200,120,-2500,1200.03528,122.20961,-2500.99927
1000,64,-2486,1000.04132,66.2105484,-2486.99902
874,180,-2542,873.000977,180.580688,-2542.04297
911,128,-2600,910.000977,128.581635,-2600.04297
874,180,-2600,873.000977,180.580688,-2600.04297
690,130,-2600,690.999023,131.280869,-2600.04297
735,187,-2549,735.998962,188.279922,-2549.04297
735,187,-2600,735.998962,188.279922,-2600.04297
700,120,-2800,699.011536,124.418503,-2800.15137
740,0,-2800,739.011536,4.41456604,-2800.15137
800,0,-3200,799.011536,4.40491533,-3200.15137
860,0,-2800,860.988281,3.55692005,-2800.15259
900,120,-2800,900.987122,123.560272,-2800.15918
800,0,-3200,800.988037,3.54678178,-3200.15332
887,58,-2600,887.998962,71.8801041,-2599.95508
891,120,-2600,891.998962,133.894348,-2599.95508
900,120,-2800,900.999084,133.892456,-2799.95728
860,0,-2600,860.999023,1.34336782,-2600.04297
887,58,-2600,887.999023,59.3418884,-2600.04297
860,0,-2800,860.999023,1.34336782,-2800.04297
740,0,-2800,739.000977,3.53285265,-2800.04297
714,64,-2600,713.000977,67.5325241,-2600.04297
740,0,-2600,739.000977,3.53285265,-2600.04297
711,123,-2600,710.000977,146.856445,-2599.95605
714,64,-2600,713.000977,87.8419952,-2599.95605
700,120,-2800,699.000977,143.853531,-2799.95605
887,58,-2600,887.998901,61.3230896,-2600.04395
900,120,-2800,900.998962,123.326607,-2800.04492
860,0,-2800,860.998962,3.32660031,-2800.04468
740,0,-2800,739.000977,3.30523729,-2800.04297
700,120,-2800,699.000977,123.309105,-2800.04321
714,64,-2600,713.000977,67.3102341,-2600.04346
726,180,-2258,726.999023,181.707138,-2258.04297
689,128,-2200,689.999023,129.708099,-2200.04297
726,180,-2200,726.999023,181.707138,-2200.04297
910,130,-2200,909.000977,131.603546,-2200.04297
865,187,-2251,864.000977,188.6026,-2251.04297
865,187,-2200,864.000977,188.6026,-2200.04297
900,120,-2000,900.958984,123.985184,-1999.71655
860,0,-2000,860.958984,3.98522878,-1999.71655
800,0,-1800,800.955933,3.97710133,-1799.70642
740,0,-2000,739.04071,4.28804922,-1999.71765
700,120,-2000,699.04071,124.288406,-1999.71765
800,0,-1800,799.04071,4.28002214,-1799.71765
713,58,-2200,712.000977,76.0859604,-2200.04395
709,120,-2200,708.000977,138.100204,-2200.04395
700,120,-2000,699.000977,138.097351,-2000.04297
740,0,-2200,739.000977,2.45100617,-2200.04297
713,58,-2200,712.000977,60.4495277,-2200.04297
740,0,-2000,739.000977,2.45100617,-2000.04297
860,0,-2000,860.999023,1.85756111,-2000.04297
886,64,-2200,886.999023,65.8572311,-2200.04297
860,0,-2200,860.999023,1.85756111,-2200.04297
889,123,-2200,889.998047,134.262009,-2200.06177
886,64,-2200,886.998047,75.2487564,-2200.06177
900,120,-2000,900.998047,131.261505,-2000.06238
713,58,-2200,712.000916,60.1835785,-2199.95728
700,120,-2000,699.000977,122.186897,-1999.95593
740,0,-2000,739.000977,2.18689609,-1999.95593
860,0,-2000,860.998962,4.32499599,-1999.95605
900,120,-2000,900.999023,124.328857,-1999.95593
886,64,-2200,886.999023,68.3301849,-2199.95605
658,180,-2474,657.955872,181.179077,-2473.00098
600,128,-2511,599.955872,129.180038,-2510.00098
600,180,-2474,599.955872,181.179077,-2473.00098
600,130,-2290,599.955872,130.958176,-2290.99902
651,187,-2335,650.955872,187.95723,-2335.99902
600,187,-2335,599.955872,187.95723,-2335.99902
400,120,-2300,399.835236,122.736748,-2299.01367
400,0,-2340,399.847382,2.73339272,-2339.01172
0,0,-2400,-0.16300948,2.72325468,-2399.01343
400,0,-2460,399.835236,3.35337782,-2460.98633
400,120,-2500,399.847382,123.357506,-2500.98828
0,0,-2400,-0.151009455,3.34401941,-2400.98853
600,58,-2487,600.038086,66.0824661,-2487.99927
600,120,-2491,600.038086,128.094818,-2491.99927
400,120,-2500,400.039459,128.094818,-2500.99902
600,0,-2460,599.955078,2.60488105,-2460.99878
600,58,-2487,599.955872,60.6035461,-2487.99902
400,0,-2460,399.955719,2.60488105,-2460.99878
400,0,-2340,399.955841,2.55112624,-2339.00098
600,64,-2314,599.955872,66.5511246,-2313.00098
600,0,-2340,599.955872,2.55112624,-2339.00098
600,123,-2311,600.040955,136.520828,-2310.00098
600,64,-2314,600.041016,77.5075684,-2313.00098
400,120,-2300,400.042694,133.520309,-2299.00098
600,58,-2487,599.955872,59.9939194,-2487.99902
400,120,-2500,399.955841,121.997238,-2500.99902
400,0,-2460,399.955841,1.99704182,-2460.99902
400,0,-2340,399.955841,2.26192522,-2339.00098
400,120,-2300,399.955841,122.265984,-2299.00098
600,64,-2314,599.955872,66.266922,-2313.00098
-658,180,74,-658.042969,182.006424,73.0009308
-600,128,111,-600.042969,130.00737,110.000931
-600,180,74,-600.042969,182.006424,73.0009308
-600,130,-110,-600.012695,131.443298,-109.000084
-651,187,-65,-651.012695,188.442413,-64.0000839
-600,187,-65,-600.012695,188.442413,-64.0000839
-600,58,87,-600.044922,72.2690353,87.9989853
-600,120,91,-600.044922,134.283279,91.9989853
-400,120,100,-400.045288,134.280441,100.99897
-600,0,60,-600.012695,3.08376956,60.9999161
-600,58,87,-600.012695,61.082325,87.9999161
-400,0,60,-400.013062,3.0837605,60.9999123
-400,0,-60,-400.043274,1.36686015,-60.9990616
-600,64,-86,-600.042969,65.3665543,-86.9990692
-600,0,-60,-600.042969,1.36689055,-60.999073
-600,123,-89,-600.061584,140.239853,-89.9981003
-600,64,-86,-600.061584,81.2259979,-86.9981003
-400,120,-100,-400.061432,137.237991,-100.998108
-600,58,87,-599.954468,62.0886497,87.9989624
-400,120,100,-399.954468,124.092033,100.998962
-400,0,60,-399.954132,4.09202862,60.9989471
-400,0,-60,-399.956604,3.18025327,-60.9990578
-400,120,-100,-399.956543,123.18412,-100.999054
-600,64,-86,-599.956909,67.1852951,-86.9990692
-1274,180,342,-1273.00098,180.730392,341.955841
-1311,128,400,-1310.00098,128.731339,399.955841
-1274,180,400,-1273.00098,180.730392,399.955841
-1090,130,400,-1090.99902,131.200195,399.955841
-1135,187,349,-1135.99902,188.199249,348.955841
-1135,187,400,-1135.99902,188.199249,399.955841
-1287,58,400,-1287.99902,79.0958328,399.955841
-1291,120,400,-1291.99902,141.110077,399.955841
-1300,120,600,-1300.9989,141.106277,599.955078
-1260,0,400,-1260.99902,2.84350276,399.955841
-1287,58,400,-1287.99902,60.8421669,399.955841
-1260,0,600,-1260.99902,2.84350276,599.955872
-1140,0,600,-1139.00098,1.95891213,599.955872
-1114,64,400,-1113.00098,65.95858,399.955841
-1140,0,400,-1139.00098,1.95891213,399.955841
-1111,123,400,-1110.00195,136.316132,399.937561
-1114,64,400,-1113.00195,77.3028793,399.937561
-1100,120,600,-1099.00195,133.313217,599.937561
-1287,58,400,-1287.99902,62.1408348,400.043213
-1300,120,600,-1300.99902,124.144539,600.043884
-1260,0,600,-1260.99902,4.14434481,600.043884
-1140,0,600,-1139.00085,3.11989689,600.039673
-1100,120,600,-1099.00085,123.123566,600.039673
-1114,64,400,-1113.00085,67.1248932,400.040222
