3200,40,-800,3200.80591,41.7582817,-800.591736
3270,280,-897,3270.80322,281.757263,-897.595581
2740,314,-1664,2740.80591,315.799225,-1664.5918
3200,40,-800,3200.80933,42.1243782,-800.587341
2740,314,-1664,2740.81885,316.136078,-1664.57397
2680,74,-1560,2680.80884,76.132782,-1560.58789
2740,314,-1664,2739.92285,315.186493,-1664.99695
2318,108,-1549,2317.91187,109.186897,-1549.99609
2680,74,-1560,2679.92285,75.1874542,-1560.99695
2255,369,-1609,2255.0437,370.741241,-1609.99902
1284,480,-1680,1284.0437,481.712616,-1680.99902
2199,268,-1550,2199.02197,269.740051,-1550.99976
2255,369,-1609,2255.02832,369.811005,-1609.99951
2199,268,-1550,2199.03003,268.810303,-1550.99951
2318,268,-1549,2318.03076,268.80838,-1549.99951
2740,314,-1664,2739.80786,315.620361,-1664.98132
2255,369,-1609,2254.79395,370.608856,-1609.97852
2318,268,-1549,2317.80273,269.611664,-1549.98035
1284,480,-1680,1283.93762,482.700989,-1680.99805
1283,240,-1560,1282.93762,242.700104,-1560.99805
2200,108,-1550,2199.92285,110.713425,-1550.99695
2105,269,-1401,2104.13525,342.150482,-1401.50195
2099,113,-1386,2098.13525,186.155243,-1386.50208
2115,113,-1413,2114.13818,186.170563,-1413.50708
2105,269,-1401,2104.11475,305.166077,-1401.46497
2115,113,-1413,2114.11621,149.164856,-1413.46777
2113,269,-1416,2112.11572,305.17807,-1416.4668
2100,385,-1396,2099.11475,459.194275,-1396.46497
2105,269,-1401,2104.11475,343.094543,-1401.46497
2113,269,-1416,2112.11572,343.08078,-1416.4668
2100,385,-1396,2099.11572,416.679138,-1396.4668
2113,269,-1416,2112.12305,300.761963,-1416.48047
2107,385,-1409,2106.11572,416.693573,-1409.4668
2400,244,-1407,2400.78833,302.637756,-1407.61523
2388,88,-1418,2388.78442,146.727875,-1418.62
2407,88,-1393,2407.78442,146.727875,-1393.62
2400,244,-1407,2400.80884,280.662018,-1407.58789
2407,88,-1393,2407.81372,124.752533,-1393.58105
2410,244,-1393,2410.80615,280.646423,-1393.59155
2397,361,-1413,2397.80908,530.741455,-1413.58752
2400,244,-1407,2400.80908,413.748474,-1407.58752
2410,244,-1393,2410.80884,413.748474,-1393.58789
2397,361,-1413,2397.76782,415.94342,-1413.64062
2410,244,-1393,2410.77319,298.964813,-1393.63416
2406,361,-1402,2406.76782,415.94342,-1402.64062
2406,361,-1402,2405.06226,382.501007,-1402.34692
2410,244,-1393,2409.06226,265.528931,-1393.34692
2416,244,-1409,2415.06348,265.528931,-1409.35059
2406,361,-1402,2405.08887,384.309387,-1402.41211
2416,244,-1409,2415.08472,267.310059,-1409.40259
2412,361,-1415,2411.08887,384.304718,-1415.41174
2416,244,-1409,2416.08716,261.534027,-1408.00391
2419,88,-1421,2419.09814,105.514191,-1420.00488
2388,88,-1418,2388.09814,105.520744,-1417.00488
2416,244,-1409,2416.11548,251.756653,-1408.00671
2388,88,-1418,2388.11426,95.7537155,-1417.00659
2400,244,-1407,2400.11523,251.758194,-1406.00671
2107,385,-1409,2106.95605,407.251984,-1408.00098
2113,269,-1416,2112.95605,291.265686,-1415.00098
2096,269,-1416,2095.95605,291.265686,-1415.00098
2107,385,-1409,2106.95605,407.251984,-1408.00098
2096,269,-1416,2095.95605,291.265686,-1415.00098
2093,385,-1409,2092.95605,407.251984,-1408.00098
2096,269,-1416,2096.87158,282.469391,-1416.49011
2084,113,-1413,2084.86768,126.464561,-1413.49707
2099,113,-1386,2099.86768,126.461365,-1386.49683
2096,269,-1416,2096.84912,282.733276,-1416.52808
2099,113,-1386,2099.84912,126.763298,-1386.52808
2105,269,-1401,2105.84912,282.733276,-1401.52795
-629,284,288,-629.330811,332.059814,287.056305
-559,-32,273,-559.332031,15.9066124,272.056732
-535,306,254,-535.331116,354.049225,253.056412
-559,-32,273,-559.507141,81.6027069,272.138153
-498,-32,237,-498.507812,81.5507278,236.138535
-535,306,254,-535.507751,419.353546,253.138504
-535,306,254,-535.999207,310.58902,254.039169
-498,-32,237,-498.999115,-27.43923,237.041489
-537,316,148,-537.999084,320.584808,148.042419
-498,-32,237,-498.999054,-18.925703,236.956528
-498,-32,165,-498.999054,-18.925703,164.956528
-537,316,148,-537.999084,329.103699,147.95723
-537,316,148,-537.49707,410.34967,148.867676
-559,-32,129,-559.49707,62.0296021,129.867706
-628,303,95,-628.499268,397.371735,95.8664474
-537,316,148,-537.517578,358.85379,148.855591
-498,-32,165,-498.500488,10.9955664,165.865723
-559,-32,129,-559.517578,10.9853201,129.855606
-624,159,-277,-623.450195,162.846207,-276.164734
-722,-32,-276,-721.450195,-28.1494446,-275.164734
-678,149,-245,-677.458008,152.843994,-244.159622
-624,159,-277,-623.500977,161.272095,-276.133423
-632,-32,-329,-631.500977,-29.7242832,-328.133423
-722,-32,-276,-721.500977,-29.7188663,-275.133423
-678,149,-245,-677.000916,153.047516,-245.042267
-722,-32,-169,-721.000916,-27.9549599,-169.042267
-678,149,-182,-677.000916,153.047516,-182.042267
-678,149,-245,-677.000916,153.047516,-245.042267
-722,-32,-276,-721.000916,-27.9549599,-276.042267
-722,-32,-169,-721.000916,-27.9549599,-169.042267
-678,149,-182,-677.480713,152.617233,-182.854599
-722,-32,-169,-721.480591,-28.372303,-169.854523
-624,159,-151,-623.481995,162.613724,-151.855377
-722,-32,-169,-721.767944,-2.96799469,-169.972702
-637,-32,-148,-636.767578,-2.9873364,-148.97261
-624,159,-151,-623.767944,188.018448,-151.972702
-624,159,-151,-624.488281,165.833786,-151.872665
-541,-32,-169,-541.488281,-25.160862,-169.872681
-571,170,-182,-571.488281,176.832489,-182.872681
-571,170,-182,-571.999084,175.624054,-182.042267
-541,-32,-169,-541.999084,-26.361887,-169.042267
-571,170,-245,-571.999084,175.624054,-245.042267
-541,-32,-169,-541.999084,-26.361887,-169.042267
-541,-32,-276,-541.999084,-26.361887,-276.042267
-571,170,-245,-571.999084,175.624054,-245.042267
-571,170,-245,-571.486389,173.886353,-244.126266
-632,-32,-329,-632.486633,-28.1208839,-328.126404
-624,159,-277,-624.486755,162.887405,-276.126465
-571,170,-245,-571.498352,172.661423,-244.133026
-541,-32,-276,-541.497864,-29.3354931,-275.132751
-632,-32,-329,-632.49707,-29.3427086,-328.132294
-1652,1566,15,-1652.47949,1579.76367,14.1224546
-1692,1671,23,-1692.47607,1684.7561,22.1205959
-1709,1611,39,-1709.47754,1624.76086,38.1213913
-1691,1671,5,-1691.99792,1672.94556,4.93693209
-1692,1671,23,-1692.99805,1672.94629,22.9375324
-1652,1566,15,-1652.99902,1567.94666,14.9558172
-1708,1611,-12,-1708.50293,1623.17761,-11.1356735
-1691,1671,5,-1691.50098,1683.18164,5.86539412
-1652,1566,15,-1652.50293,1578.17419,15.8643093
-1752,1725,84,-1752.93921,1727.19067,83.6566544
-1729,1684,100,-1729.9425,1686.19043,99.6658096
-1692,1671,23,-1692.94238,1673.19299,22.6654644
-1752,1725,84,-1752.36145,1726.63391,83.0676117
-1800,1680,131,-1800.37036,1681.63135,130.071121
-1729,1684,100,-1729.36328,1685.63391,99.0683212
-1691,1671,5,-1691.95972,1672.61755,5.28066206
-1723,1684,-74,-1723.96375,1685.61743,-73.7331772
-1747,1725,-60,-1747.96167,1726.61621,-59.7257919
-1723,1684,-74,-1723.43042,1686.77832,-73.097374
-1792,1680,-111,-1792.42871,1682.78076,-110.096565
-1747,1725,-60,-1747.42969,1727.77771,-59.097023
-1686,1794,-49,-1686.91858,1799.27307,-48.6047668
-1659,1801,15,-1659.9137,1806.271,15.406332
-1641,1699,4,-1641.91724,1704.27905,4.39833784
-1642,1699,27,-1642.99902,1706.48206,26.9558182
-1641,1699,4,-1641.9989,1706.48279,3.95493078
-1659,1801,15,-1659.99902,1808.48975,14.9558172
-1642,1699,27,-1642.97546,1706.64417,26.7798405
-1659,1801,15,-1659.97437,1808.65125,14.7753134
-1670,1777,82,-1670.97449,1784.64941,81.7755737
-1827,1431,-65,-1826.95679,1436.34912,-65.9990616
-1897,1576,-85,-1896.95752,1581.32642,-85.9990921
-1994,1421,-65,-1993.95776,1426.3385,-65.9991074
-1889,1593,-158,-1889.97534,1594.70154,-158.220383
-1897,1576,-85,-1897.97534,1577.69934,-85.2198257
-1810,1408,-102,-1810.97742,1409.7002,-102.210976
-1827,1431,-65,-1827.99207,1433.42126,-65.1252518
-1810,1408,-102,-1810.99023,1410.42102,-102.139145
-1897,1576,-85,-1897.98938,1578.42358,-85.1453018
-1778,1295,-27,-1778.97546,1300.68176,-26.7798405
-1810,1408,-102,-1810.97449,1413.69421,-101.775673
-1756,1335,83,-1756.97449,1340.68579,83.2242737
-1810,1408,-102,-1810.99939,1409.36133,-101.965073
-1827,1431,-65,-1827.99939,1432.36072,-64.9650726
-1773,1362,72,-1773.99902,1363.36462,72.0421143
-1756,1335,83,-1756.99902,1336.57312,83.043045
-1810,1408,-102,-1810.99902,1409.56946,-101.955818
-1773,1362,72,-1773.99902,1363.57336,72.0433884
-1832,1364,203,-1832.9165,1365.05481,202.60022
-1756,1335,83,-1756.91882,1336.05188,82.6053314
-1773,1362,72,-1773.91846,1363.05225,71.6046677
-1771,696,-57,-1771.92944,697.563965,-56.6310387
-1590,538,153,-1590.92346,539.568298,153.383591
-1759,656,-86,-1759.9292,657.565735,-85.6307526
-1759,656,-86,-1759.84033,662.148743,-85.4579315
-1590,538,153,-1590.84436,544.103516,153.535645
-1744,611,-71,-1744.84436,617.14386,-70.4642258
-1820,709,144,-1820.64844,717.680603,143.238739
-1836,629,165,-1836.65442,637.667603,164.243881
-1750,611,94,-1750.65332,619.677612,93.2429199
-1776,696,78,-1776.86755,697.835083,77.5027237
-1820,709,144,-1820.86572,710.834961,143.499512
-1750,611,94,-1750.86755,612.831665,93.5027237
-2006,735,292,-2006.62793,748.489502,291.221741
-1836,629,165,-1836.62793,642.50293,164.221741
-1820,709,144,-1820.62793,722.495789,143.221741
-1810,722,-299,-1810.33081,727.498779,-299.943695
-1718,675,-322,-1718.33008,680.491516,-322.943939
-1699,731,-340,-1699.33008,736.490173,-340.943939
-1810,722,-299,-1810.33008,730.364197,-299.943939
-1699,731,-340,-1699.33008,739.36322,-340.943939
-1787,790,-320,-1787.33203,798.359314,-320.943268
-1688,1124,-4,-1688.96948,1126.41382,-3.75509024
-1717,1228,-16,-1717.96753,1230.41748,-15.747447
-1703,1204,16,-1703.97046,1206.41614,16.2411213
-1689,1124,32,-1689.99902,1129.59509,31.9558182
-1688,1124,-4,-1688.99902,1129.59229,-4.04306936
-1703,1204,16,-1703.99902,1209.59399,15.9558172
-1719,1228,47,-1719.948,1233.29773,46.6817245
-1689,1124,32,-1689.948,1129.3031,31.6817245
-1703,1204,16,-1703.9502,1209.29895,15.6883459
-1835,1325,-188,-1835.66809,1328.60596,-187.25592
-1783,1272,-170,-1783.66846,1275.60535,-169.256256
-1854,1246,-248,-1854.66797,1249.60046,-247.255814
-1783,1272,-170,-1783.94629,1272.55994,-169.676682
-1835,1325,-188,-1835.94202,1325.55884,-187.664612
-1758,1284,-72,-1758.94104,1284.56152,-71.6617355
-1778,1295,-27,-1778.98035,1295.59473,-27.1970177
-1717,1228,-16,-1717.97925,1228.59485,-16.2023354
-1758,1284,-72,-1758.97925,1284.59387,-72.2022247
-1872,1246,264,-1872.62793,1247.32239,263.221741
-1796,1272,191,-1796.62805,1273.32275,190.221832
-1848,1325,205,-1848.61987,1326.3241,204.215302
-1984,1364,241,-1984.40881,1365.38672,240.087387
-1872,1246,264,-1872.40149,1247.38916,263.084137
-1848,1325,205,-1848.4082,1326.38672,204.087112
-1779,1293,90,-1779.99902,1294.69397,89.9558182
-1719,1228,47,-1719.99902,1229.69214,46.9558182
-1778,1294,54,-1778.9989,1295.69409,53.9554749
-1779,1293,90,-1779.94226,1294.48621,89.665123
-1848,1325,205,-1848.94226,1326.48682,204.665131
-1796,1272,191,-1796.94617,1273.48816,190.676331
-1707,1258,32,-1707.99902,1259.16345,31.9558182
-1696,1242,16,-1696.99902,1243.16418,15.9558172
-1706,1258,0,-1706.9989,1259.16382,-0.0443911701
-1746,1303,-6,-1746.95959,1304.04272,-6.28089571
-1766,1318,14,-1766.95764,1319.04187,13.7122879
-1706,1258,0,-1706.95972,1259.04431,-0.280796945
-1707,1258,32,-1707.9989,1258.51636,31.9554749
-1706,1258,0,-1706.9989,1258.51648,-0.0443850718
-1747,1303,35,-1747.99902,1303.51587,34.9558182
-1719,1228,47,-1719.40234,1230.31458,46.0845146
-1707,1258,32,-1707.40234,1260.31543,31.0845127
-1747,1303,35,-1747.40234,1305.3158,34.0845146
-1719,1228,47,-1719.45605,1229.81653,46.1100502
-1747,1303,35,-1747.47754,1304.81287,34.1213913
-1778,1294,54,-1778.47754,1295.81311,53.1213913
-1778,1295,-27,-1778.49048,1298.57422,-26.1285477
-1746,1303,-6,-1746.49219,1306.57532,-5.12951088
-1706,1258,0,-1706.49109,1261.57483,0.871105015
-1778,1295,-27,-1778.48035,1298.0426,-26.1229229
-1706,1258,0,-1706.47949,1261.04602,0.877482176
-1717,1228,-16,-1717.48425,1231.04749,-15.1250725
-1776,696,78,-1776.87585,698.02124,77.5174255
-1719,606,51,-1719.87146,608.022034,50.5097198
-1732,682,12,-1732.86963,684.022644,11.5062943
-1776,696,78,-1776.83435,699.714478,77.4487686
-1750,611,94,-1750.83826,614.709839,93.4547501
-1719,606,51,-1719.83228,609.710327,50.445755
-1822,1134,-210,-1822.44238,1143.91187,-209.10318
-1783,1272,-170,-1783.44434,1281.90063,-169.104141
-1680,1165,-134,-1680.44824,1174.89441,-133.106094
-1680,1165,-134,-1680.94592,1166.62659,-133.67569
-1783,1272,-170,-1783.94702,1273.62671,-169.678833
-1758,1284,-72,-1758.93835,1285.6261,-71.6543274
-1680,1165,-134,-1680.99805,1165.94263,-133.937546
-1758,1284,-72,-1758.99902,1284.94617,-71.9565735
-1717,1228,-16,-1717.99902,1228.9458,-15.9558172
-1680,1165,-134,-1680.98914,1168.22168,-134.146545
-1717,1228,-16,-1717.98718,1231.22278,-16.1592598
-1688,1124,-4,-1688.99011,1127.22034,-4.13970804
-1689,1124,32,-1689.99915,1128.68225,32.0409966
-1719,1228,47,-1719.99902,1232.67822,47.0430069
-1706,1191,132,-1706.99902,1195.68054,132.042892
-1689,1124,32,-1689.99304,1125.45801,32.1173019
-1706,1191,132,-1706.99402,1192.45813,132.108597
-1690,1145,100,-1690.99316,1146.45898,100.116364
-1719,1228,47,-1719.98315,1228.51697,46.8175507
-1779,1293,90,-1779.98328,1293.51648,89.8178864
-1706,1191,132,-1706.98035,1191.51636,131.802719
-1751,1226,178,-1751.39465,1236.19202,177.081177
-1796,1272,191,-1796.39465,1282.19653,190.081177
-1816,1203,209,-1816.39453,1213.18958,208.081131
-1779,1293,90,-1779.94702,1293.60291,89.678833
-1796,1272,191,-1796.94592,1272.60156,190.675751
-1751,1226,178,-1751.94629,1226.60071,177.676682
-1779,1293,90,-1779.95374,1295.04456,89.6996155
-1751,1226,178,-1751.94617,1228.04187,177.676331
-1706,1191,132,-1706.94897,1193.04163,131.684814
-1978,884,-302,-1978.86572,884.899414,-301.499481
-1970,853,-337,-1970.86841,853.900696,-336.504486
-2032,894,-380,-2032.86865,894.90033,-379.504608
-1498,722,-299,-1498.60742,728.494995,-299.794342
-1485,683,-299,-1485.60352,689.4953,-299.797272
-1459,705,-324,-1459.60352,711.498962,-324.797241
-1496,731,-314,-1496.77954,732.5672,-314.626282
-1498,722,-299,-1498.77942,723.567139,-299.626373
-1459,705,-324,-1459.78833,706.568359,-324.615143
-1990,1049,163,-1990.44055,1061.71252,162.10228
-2036,831,206,-2036.44238,843.723694,205.10318
-1794,974,71,-1794.43262,986.69519,70.0984268
-1872,1246,264,-1872.66052,1247.14917,263.249207
-1984,1364,241,-1984.66016,1365.15308,240.248886
-1966,1235,356,-1966.64844,1236.15186,355.238739
-1998,1117,365,-1998.92676,1119.1676,364.624359
-1951,1087,305,-1951.92883,1089.16663,304.629517
-1967,1137,248,-1967.92639,1139.16589,247.623444
-1911,729,-301,-1910.82703,734.375732,-301.984924
-1970,853,-337,-1969.83789,858.376404,-337.986755
-1985,735,-315,-1984.83789,740.374512,-315.986755
-1911,729,-301,-1911.09863,731.776245,-301.995117
-1807,728,-311,-1807.1084,730.779602,-311.99408
-1970,853,-337,-1970.09863,855.779358,-337.995117
-1970,853,-337,-1970.06177,856.416077,-337.998077
-1807,728,-311,-1807.06165,731.425842,-311.998077
-1789,783,-328,-1789.06165,786.42572,-328.998077
-1846,810,125,-1846.78076,812.96051,124.375175
-1820,709,144,-1820.78857,711.964966,143.385071
-1751,800,11,-1751.78564,802.965637,10.3813219
-1751,800,11,-1751.84998,807.950806,10.4731913
-1820,709,144,-1820.85193,716.930359,143.476349
-1732,682,12,-1732.85022,689.944763,11.4735727
-2036,831,206,-2036.44043,832.39209,205.102219
-1998,769,229,-1998.4425,770.392212,228.103241
-1846,810,125,-1846.43457,811.396545,124.099365
-1846,810,125,-1846.51074,812.696167,124.140266
-1998,769,229,-1998.50781,771.684937,228.138535
-1820,709,144,-1820.50586,711.698547,143.13739
-2036,831,206,-2036.4082,839.351074,205.087112
-1846,810,125,-1846.40271,818.351929,124.084679
-1794,974,71,-1794.40295,982.355957,70.0847855
-1794,974,71,-1794.84265,1013.89075,70.4615479
-1751,800,11,-1751.83911,839.842896,10.4561844
-1755,972,11,-1755.83911,1011.85016,10.4561844
-1755,972,11,-1755.90674,1028.93066,11.4215717
-1751,800,11,-1751.90674,856.836853,11.4215708
-1813,1022,-107,-1813.90979,1078.96411,-106.584938
-1732,682,12,-1732.87793,692.013855,12.4787664
-1811,709,-126,-1811.87952,719.022888,-125.524139
-1751,800,11,-1751.88232,810.027222,11.4705849
-1751,800,11,-1751.82947,804.016602,11.5585251
-1811,709,-126,-1811.82361,713.019653,-125.432861
-1838,810,-108,-1838.82605,814.019653,-107.436409
-1811,709,-126,-1811.51758,713.223145,-125.144371
-2022,869,-200,-2022.52246,873.234436,-199.147339
-1838,810,-108,-1838.52734,814.223572,-107.150352
-1813,1022,-107,-1813.25977,1026.46777,-106.034332
-2022,869,-200,-2022.26575,873.469543,-199.035965
-1979,986,-160,-1979.26562,990.470764,-159.035934
-1558,690,-295,-1558.06177,716.344482,-295.998077
-1485,683,-299,-1485.06152,709.394897,-299.998077
-1498,722,-299,-1498.06152,748.395325,-299.998077
-1686,720,338,-1685.95703,721.258606,338.999023
-1645,736,352,-1644.95801,737.258606,352.999084
-1577,711,326,-1576.95947,712.258911,326.999176
-1738,676,342,-1737.89954,698.114075,342.994934
-1686,720,338,-1685.89954,742.127808,338.994934
-1577,711,326,-1576.89978,733.169373,326.994965
-1950,1137,-240,-1950.23047,1153.44385,-240.973068
-1953,1055,-235,-1953.23828,1071.43298,-235.97113
-1897,1249,-259,-1897.23047,1265.44775,-259.973053
-1543,738,-449,-1543.04199,753.865662,-448.000885
-1544,761,-447,-1544.04199,776.862915,-446.000885
-1520,784,-444,-1520.04199,799.855957,-443.000885
-1520,784,-444,-1520.0752,813.143372,-443.002838
-1544,761,-447,-1544.0752,790.152527,-446.002838
-1547,825,-444,-1547.07568,854.143921,-443.002869
-1514,699,-436,-1514.58325,709.593384,-435.187714
-1472,744,-401,-1472.58301,754.590149,-400.187561
-1465,712,-400,-1465.58301,722.591125,-399.187561
-1514,699,-436,-1513.95605,700.129211,-435.000977
-1531,741,-401,-1530.95703,742.130737,-400.000946
-1472,744,-401,-1471.95654,745.130249,-400.000946
-1514,699,-436,-1514.93628,741.221191,-435.648773
-1520,784,-444,-1520.93616,826.22052,-443.648499
-1512,788,-423,-1512.93604,830.220398,-422.648499
-1531,741,-401,-1530.36047,745.304688,-401.768768
-1526,786,-406,-1525.35571,790.304077,-406.764771
-1552,737,-418,-1551.35559,741.302429,-418.764679
-1547,839,-410,-1546.922,845.174255,-410.996948
-1576,829,-411,-1575.93665,835.17334,-411.997986
-1551,796,-406,-1550.92236,802.172485,-406.996979
-1551,796,-406,-1551.04297,812.102356,-406.999054
-1526,786,-406,-1526.04297,802.102356,-406.999054
-1547,839,-410,-1547.04309,855.104126,-410.999054
-1539,843,-428,-1539.91174,845.614197,-427.589264
-1512,788,-423,-1512.91174,790.616272,-422.589264
-1520,784,-444,-1520.91077,786.616699,-443.587097
-1539,843,-428,-1539.63281,844.363708,-427.225708
-1520,784,-444,-1520.63342,785.364258,-443.226196
-1547,825,-444,-1547.6377,826.364441,-443.229736
-1539,843,-428,-1539.88098,845.646912,-428.473114
-1547,839,-410,-1547.88647,841.645996,-410.462738
-1526,786,-406,-1526.88037,788.646912,-406.47406
-1539,843,-428,-1539.74719,844.281372,-428.66452
-1526,786,-406,-1526.74731,787.280945,-406.664398
-1512,788,-423,-1512.74744,789.280884,-423.664276
-1472,744,-401,-1471.95654,756.32666,-400.000946
-1448,812,-397,-1447.95728,824.323242,-396.000916
-1421,808,-398,-1420.95801,820.329224,-397.000885
-1472,744,-401,-1471.96021,757.506714,-400.000793
-1421,808,-398,-1420.96179,821.499207,-397.000732
-1438,746,-401,-1437.96106,759.513489,-400.000763
-1480,706,362,-1480.52246,709.144043,362.8526
-1504,684,336,-1504.51819,687.144409,336.855255
-1522,699,333,-1522.51855,702.144592,333.855042
-1580,837,480,-1580.61914,859.534851,479.214722
-1572,720,481,-1572.61914,742.525269,480.214722
-1548,790,458,-1548.61938,812.536926,457.214935
-1558,727,432,-1558.67676,731.928528,432.736176
-1548,790,458,-1548.67798,794.932739,458.735046
-1542,706,441,-1542.67676,710.927734,441.736115
-1571,783,438,-1571.61536,788.927917,438.788177
-1548,790,458,-1548.62402,795.928894,458.781311
-1558,727,432,-1558.61523,732.92627,432.7883
-1571,783,438,-1570.86523,802.149353,438.990875
-1617,838,447,-1616.86523,857.134399,447.990875
-1581,837,442,-1580.86523,856.144226,442.990875
-1581,837,442,-1581.63281,842.785583,442.77417
-1548,790,458,-1548.63306,795.787354,458.774078
-1571,783,438,-1571.63281,788.788635,438.774261
-1580,837,480,-1580.94604,839.990845,479.675995
-1548,790,458,-1548.94727,792.993042,457.679565
-1579,848,461,-1579.94604,850.990845,460.675995
-1548,790,458,-1548.92102,792.947449,458.389465
-1581,837,442,-1581.92053,839.948669,442.390656
-1579,848,461,-1579.92041,850.948853,461.390594
-1498,745,441,-1497.78516,748.930725,440.023376
-1558,727,432,-1557.78528,730.933533,431.023346
-1542,706,441,-1541.78516,709.934448,440.023376
-1464,747,440,-1463.89941,760.082458,439.005096
-1447,809,439,-1446.89941,822.079224,438.005096
-1474,813,436,-1473.89941,826.068115,435.005096
-1464,747,440,-1464.04333,768.73407,439.000946
-1474,813,436,-1474.04297,834.73114,435.000946
-1498,745,441,-1498.04346,766.727478,440.000946
-1480,706,362,-1480.89246,754.424133,362.451019
-1461,760,403,-1461.88733,808.356628,403.46109
-1451,749,423,-1451.89648,797.369141,423.442932
-1588,526,-30,-1588.99304,527.50885,-30.1170578
-1462,369,-32,-1462.99316,370.511902,-32.1163788
-1565,536,-275,-1565.99109,537.505066,-275.132874
-1462,369,-32,-1462.99902,370.9328,-31.9558182
-1417,284,-169,-1417.99915,285.930176,-168.959686
-1565,536,-275,-1565.99915,537.929626,-274.959686
-1417,284,-169,-1417.91174,286.1362,-168.589249
-1522,198,-479,-1522.91223,200.135437,-478.590332
-1565,536,-275,-1565.91187,538.128174,-274.589539
-1522,198,-479,-1522.99109,202.069138,-478.867035
-1582,576,-341,-1582.99109,580.0849,-340.867035
-1565,536,-275,-1565.99219,540.084351,-274.875275
-1522,198,-479,-1522.99011,203.783096,-478.859985
-1604,627,-426,-1604.99109,632.804077,-425.867035
-1582,576,-341,-1582.99109,581.794861,-340.867035
-1836,629,165,-1836.74792,629.40094,164.336227
-1743,557,165,-1743.74805,557.402222,164.336365
-1750,611,94,-1750.7511,611.401062,93.3398132
-1750,611,94,-1750.85913,612.075562,93.4882507
-1743,557,165,-1743.85217,558.076416,164.476746
-1719,606,51,-1719.85876,607.074097,50.4877319
-1684,679,469,-1684.99902,680.166687,468.955841
-1549,375,482,-1549.99902,376.175659,481.955841
-1588,469,329,-1588.99902,470.170227,328.955841
-1588,469,329,-1588.99792,469.570312,329.061462
-1639,518,209,-1639.99902,518.572083,209.043335
-1722,620,344,-1722.99902,620.567932,344.042633
-1588,469,329,-1588.99902,469.645721,329.041931
-1722,620,344,-1722.99915,620.6427,344.040619
-1693,589,373,-1693.99902,589.643188,373.040588
-1648,601,417,-1648.58301,602.027039,417.812347
-1588,469,329,-1588.58313,470.025909,329.812378
-1693,589,373,-1693.58411,590.028198,373.811676
-2001,2000,1044,-2001.77686,2015.20911,1043.37036
-2120,2000,1190,-2120.77686,2015.18274,1189.37036
-2120,400,1390,-2120.77686,415.337738,1389.37036
-2001,2000,1044,-2001.86389,2011.05322,1043.49634
-2120,400,1390,-2120.86377,410.803436,1389.49622
-2000,400,1190,-2000.86365,410.854919,1189.49609
-2000,400,-1190,-2000.84949,412.559906,-1189.47241
-2120,400,-1390,-2120.86377,412.559906,-1389.49622
-2120,2000,-1190,-2120.86523,2012.55859,-1189.49866
-2000,400,-1190,-2000.75134,424.981079,-1189.34009
-2120,2000,-1190,-2120.75122,2025.30493,-1189.33997
-2001,2002,-1053,-2001.7522,2027.32544,-1052.34106
-2032,894,-380,-2032.16016,897.224304,-380.987061
-1786,807,-390,-1786.16016,810.238586,-390.987091
-1780,817,-394,-1780.16016,820.238953,-394.987091
-2032,894,-380,-2032.1084,900.196411,-380.994049
-1780,817,-394,-1780.10864,823.207336,-394.99408
-1703,858,-409,-1703.1084,864.206482,-409.994049
-1811,808,405,-1811.22168,810.018066,405.975067
-2059,894,382,-2059.22168,896.012756,382.975037
-1805,818,410,-1805.22217,820.018677,410.975006
-1597,1105,479,-1597.15332,1114.78125,479.988159
-1805,818,410,-1805.15369,827.789795,410.988098
-2059,894,382,-2059.15381,903.808228,382.988098
-2000,400,1190,-1999.96887,406.068726,1189.00049
-2001,1855,1057,-2001.01465,1860.93542,1056.00012
-2867,1847,1056,-2866.95703,1852.99609,1055.00098
-2000,400,1190,-1999.95605,412.991089,1189.00098
-2867,1847,1056,-2866.9668,1860.13257,1055.00061
-2866,247,1201,-2865.9668,259.970428,1200.00061
-2956,1850,-1065,-2956.04297,1856.5929,-1064.00098
-2001,1852,-1064,-2001.04297,1858.67676,-1063.00098
-2000,400,-1190,-2000.04297,406.798737,-1189.00098
-2954,250,-1211,-2954.04297,259.630768,-1210.00098
-2956,1850,-1065,-2956.04297,1859.52283,-1064.00098
-2000,400,-1190,-2000.04309,409.640961,-1189.00098
-2000,400,-1190,-2000.46765,411.841278,-1189.11609
-2001,2002,-1053,-2001.4668,2013.7876,-1052.11572
-1727,2000,-915,-1727.4668,2011.75964,-914.115662
-2000,400,-1190,-2000.46692,412.334839,-1189.11572
-1727,2000,-915,-1727.4668,2012.17627,-914.115662
-1684,200,-1041,-1684.46692,212.400375,-1040.11572
-1446,2000,-602,-1446.85547,2024.04553,-601.482178
-1373,0,-675,-1373.86121,23.559988,-674.49176
-1489,100,-858,-1489.85547,123.571579,-857.482178
-1547,2000,-759,-1547.84497,2010.16345,-758.46521
-1446,2000,-602,-1446.84436,2010.16125,-601.464233
-1489,100,-858,-1489.849,109.771912,-857.47168
-1684,200,-1041,-1684.6582,211.79631,-1040.24719
-1727,2000,-915,-1727.65137,2011.58789,-914.241272
-1547,2000,-759,-1547.65845,2011.59863,-758.247375
-1684,200,-1041,-1684.69678,222.151886,-1040.28271
-1547,2000,-759,-1547.70032,2022.16162,-758.286194
-1489,100,-858,-1489.6991,122.078735,-857.284973
-1547,2000,759,-1547.65845,2011.59863,758.247375
-1727,2000,915,-1727.65137,2011.58789,914.241272
-1684,200,1041,-1684.6582,211.79631,1040.24719
-1547,2000,759,-1547.70032,2022.16162,758.286194
-1684,200,1041,-1684.69678,222.151886,1040.28271
-1489,100,858,-1489.6991,122.078735,857.284973
-1446,2000,602,-1446.84436,2010.16125,601.464233
-1547,2000,759,-1547.84497,2010.16345,758.46521
-1489,100,858,-1489.849,109.771912,857.47168
-1373,0,675,-1373.86121,23.559988,674.49176
-1446,2000,602,-1446.85547,2024.04553,601.482178
-1489,100,858,-1489.85547,123.571579,857.482178
-1727,2000,915,-1727.42651,2012.07764,914.09552
-2001,2000,1044,-2001.4248,2012.09094,1043.09473
-2000,400,1190,-2000.42664,412.283173,1189.09558
-1684,200,1041,-1684.46692,212.400375,1040.11572
-1727,2000,915,-1727.4668,2012.17627,914.115662
-2000,400,1190,-2000.46692,412.334839,1189.11572
-1939,1409,381,-1939.99976,1411.69348,381.017792
-1936,1397,74,-1936.99951,1399.70764,74.027153
-1992,1581,205,-1992.99951,1583.70496,205.023163
-1939,1409,381,-1939.34375,1419.39917,381.939056
-1597,1105,479,-1597.34375,1115.401,479.939056
-1966,1235,356,-1966.34399,1245.43359,356.938965
-1978,1581,-198,-1978.7074,1605.30884,-198.706802
-2000,1393,-162,-2000.70825,1417.26721,-162.705811
-1850,1373,-312,-1850.70227,1397.27258,-312.711823
-1373,0,675,-1373.99927,3.00831652,675.037048
-1400,48,200,-1400.99902,51.0138092,200.041351
-1549,375,482,-1549.99915,378.016022,482.039581
-1522,198,-479,-1522.99902,199.032547,-479.042267
-1400,8,-200,-1400.99902,9.03112888,-200.042267
-1400,8,-400,-1400.99902,9.03112888,-400.042267
-1522,198,-479,-1522.99805,198.709885,-479.061981
-1400,8,-400,-1400.99805,8.7116375,-400.062042
-1373,0,-675,-1373.99695,0.710569382,-675.076721
-1522,198,-479,-1522.93921,206.433807,-478.656677
-1417,284,-169,-1417.93616,292.457214,-168.648499
-1400,48,-200,-1400.93921,56.4546471,-199.656662
-1417,284,-169,-1417.99902,286.140625,-169.043182
-1462,369,-32,-1462.99902,371.132599,-32.0426216
-1429,284,168,-1429.99902,286.13031,167.955826
-1373,0,-675,-1373.95581,24.5969486,-675.293762
-1446,2000,-602,-1446.95618,2025.43494,-602.292786
-1465,1620,-511,-1465.95581,1645.32397,-511.293762
-1465,1620,-511,-1465.96753,1694.94031,-511.25235
-1446,2000,-602,-1446.9646,2075.16064,-602.26355
-1483,1906,-462,-1483.9646,1981.09155,-462.263641
-1373,0,675,-1373.78833,18.521553,675.615051
-1549,375,482,-1549.78027,393.518219,482.625427
-1597,1105,479,-1597.77979,1123.43237,479.626007
-2006,825,292,-2006.95581,826.389709,292.293671
-1998,769,229,-1998.95618,770.390808,229.29277
-2036,831,206,-2036.95483,832.391907,206.296982
-1474,813,436,-1473.06714,815.432434,436.360107
-1464,808,403,-1463.06885,810.431335,403.364594
-1496,746,403,-1495.06909,748.432373,403.365082
-1474,813,436,-1473.00085,817.299866,436.041321
-1496,746,403,-1495.00085,750.302917,403.041321
-1498,745,441,-1497.00098,749.302307,441.043152
-1720,731,361,-1719.552,733.996887,361.894012
-1686,720,338,-1685.55566,722.996765,338.895844
-1738,676,342,-1737.55396,678.995605,342.894989
-1806,791,335,-1805.01062,793.922913,335.145111
-1809,784,343,-1808.00879,786.92395,343.131866
-1811,808,405,-1810.00964,810.927002,405.138
-1806,791,335,-1805.03198,793.134949,335.250793
-1811,808,405,-1810.03198,810.132996,405.250793
-1805,818,410,-1804.0321,820.132812,410.251129
-1472,744,-401,-1471.00085,745.101868,-400.958679
-1472,745,-366,-1471.00061,746.103027,-365.965088
-1440,807,-364,-1439.00061,808.102478,-363.965088
-1472,744,-401,-1471.03979,746.571411,-401.278961
-1440,807,-364,-1439.04004,809.566589,-364.279877
-1448,812,-397,-1447.0437,814.567749,-397.292328
-1699,731,-340,-1698.49219,734.407776,-340.86145
-1718,675,-322,-1717.49219,678.406494,-322.86145
-1667,719,-315,-1666.49219,722.406067,-315.86145
-1789,783,-328,-1788.00098,786.006104,-328.042267
-1787,790,-320,-1786.00098,793.006104,-320.042267
-1780,817,-394,-1779.00098,820.006897,-394.043793
-1789,783,-328,-1788.02515,784.682434,-328.222778
-1780,817,-394,-1779.02539,818.681519,-394.223877
-1786,807,-390,-1785.02527,808.681458,-390.223267
-1810,722,-299,-1809.00085,725.436401,-298.958679
-1787,790,-320,-1786.00085,793.43512,-319.958679
-1789,783,-328,-1788.00085,786.435364,-327.958679
-1810,722,-299,-1809.00671,724.281128,-298.884338
-1789,783,-328,-1788.00671,785.282837,-327.884338
-1807,728,-311,-1806.00574,730.281616,-310.893036
-1583,858,-433,-1582.73242,858.784973,-433.963531
-1576,829,-411,-1575.73242,829.785828,-411.963531
-1547,839,-410,-1546.7334,839.785034,-410.963806
-1539,843,-428,-1539.34387,844.079651,-427.061005
-1547,825,-444,-1547.34375,826.080444,-443.060944
-1583,858,-433,-1583.34375,859.080505,-432.060944
-1780,817,-394,-1780.99902,817.578979,-394.042999
-1699,731,-340,-1699.99902,731.577087,-340.042572
-1703,738,-409,-1703.9989,738.577148,-409.04361
-1771,696,-57,-1771.95129,698.012695,-56.6917152
-1759,656,-86,-1759.95288,658.010681,-85.6967163
-1819,750,-114,-1819.94824,752.012939,-113.682457
-1978,884,-302,-1978.90186,885.773071,-302.431854
-2022,869,-200,-2022.89734,870.770935,-200.441315
-1982,809,-231,-1982.89929,810.77417,-231.437317
-2022,869,-200,-2022.7627,870.880859,-199.353424
-1819,750,-114,-1819.75977,751.878723,-113.349808
-1982,809,-231,-1982.77454,810.881897,-230.367523
-1812,703,-138,-1812.68652,704.053162,-137.272903
-1982,809,-231,-1982.6875,810.060913,-230.273865
-1819,750,-114,-1819.70239,751.052063,-113.288216
-1812,703,-138,-1812.73157,732.097595,-137.318237
-1744,611,-71,-1744.72461,640.126465,-70.3109283
-1818,649,-146,-1818.72961,678.112244,-145.316162
-1759,656,-86,-1759.85583,659.430054,-85.4828339
-1812,703,-138,-1812.86292,706.431458,-137.494659
-1819,750,-114,-1819.85901,753.430908,-113.488045
-1818,649,-146,-1818.48645,663.789368,-145.126297
-1988,735,-233,-1988.49707,749.749451,-232.132294
-1812,703,-138,-1812.48633,717.782043,-137.126236
-1588,526,-30,-1588.99792,527.663879,-30.0605164
-1445,329,175,-1445.99805,330.666473,174.937546
-1462,369,-32,-1462.99707,370.668976,-32.0754509
-1462,369,-32,-1462.99927,371.452026,-31.9625702
-1445,329,175,-1445.99939,331.454712,175.034454
-1429,284,168,-1429.99902,286.454987,168.039673
-1445,329,175,-1445.53284,340.727509,174.153793
-1530,290,232,-1530.5332,301.733276,231.154022
-1429,284,168,-1429.53223,295.732452,167.153412
-1530,290,232,-1530.3656,292.773376,231.069229
-1445,329,175,-1445.37012,331.773193,174.07103
-1610,496,144,-1610.36694,498.781006,143.069763
-1806,791,335,-1805.00073,797.745728,335.035614
-1827,696,332,-1826.00098,702.742432,332.043304
-1826,701,345,-1825.00061,707.743408,345.034271
-1806,791,335,-1805.02222,798.290894,335.209503
-1826,701,345,-1825.02051,708.291748,345.201324
-1809,784,343,-1808.02039,791.291443,343.200806
-1806,791,335,-1806.40149,797.292969,335.915863
-1720,731,361,-1720.4082,737.285339,361.912842
-1738,676,342,-1738.4082,682.285828,342.912811
-1429,284,168,-1429.54016,290.335632,167.158447
-1530,290,232,-1530.54895,296.343689,231.164154
-1400,48,200,-1400.54858,54.3345947,199.16391
-1530,290,232,-1530.96753,291.002258,231.747253
-1610,496,144,-1610.96265,496.994019,143.729248
-1639,518,209,-1639.96484,518.993042,208.737183
-1400,48,200,-1400.99402,51.4234543,199.891266
-1500,307,282,-1500.99109,310.438324,281.867096
-1549,375,482,-1549.99109,378.449036,481.867096
-1588,469,329,-1588.99805,469.892242,328.937561
-1549,375,482,-1549.99805,375.888641,481.937561
-1500,307,282,-1500.99805,307.892822,281.937561
-1530,290,232,-1530.7627,291.273102,232.646561
-1588,469,329,-1588.75525,470.267609,329.655396
-1500,307,282,-1500.75513,308.272186,282.655548
-1400,48,200,-1400.77942,49.5235634,200.626343
-1530,290,232,-1530.77454,291.522186,232.632339
-1500,307,282,-1500.77991,308.522644,282.625885
-1639,518,209,-1639.97534,519.047607,209.220352
-1588,469,329,-1588.97546,470.046692,329.220123
-1530,290,232,-1530.97534,291.056396,232.220505
-1738,676,342,-1738.04199,681.123352,342.999115
-1753,634,337,-1753.04199,639.126404,337.999115
-1777,653,338,-1777.04199,658.126953,338.999084
-1804,655,-308,-1804.09863,681.217651,-308.995117
-1807,728,-311,-1807.09863,754.233093,-311.995117
-1911,729,-301,-1911.09863,755.233093,-301.995117
-1804,655,-308,-1804.16016,676.186951,-308.987091
-1718,675,-322,-1718.16016,696.174561,-322.987061
-1807,728,-311,-1807.16016,749.175598,-311.98703
-1689,608,-313,-1688.85168,628.925903,-313.988922
-1668,681,-315,-1667.84619,701.938416,-315.988098
-1718,675,-322,-1717.84619,695.931335,-322.988098
-1604,627,-426,-1604.86328,634.912354,-425.4953
-1609,688,-421,-1609.86328,695.909912,-420.4953
-1561,656,-348,-1561.8634,663.915283,-347.495514
-1561,656,-348,-1561.26562,690.768799,-348.96402
-1689,608,-313,-1689.26562,642.679688,-313.96405
-1582,576,-341,-1582.26562,610.749451,-341.963989
-1804,655,-308,-1804.11719,661.885742,-308.993103
-1689,608,-313,-1689.11877,614.885986,-313.99292
-1718,675,-322,-1718.11719,681.88446,-322.993103
-1639,518,209,-1638.13037,526.958984,208.506302
-1723,631,39,-1722.13147,639.966736,38.504364
-1719,606,51,-1718.13135,614.967529,50.5045815
-1690,670,353,-1690.23438,701.533936,353.972137
-1722,620,344,-1722.23828,651.526306,344.971191
-1753,634,337,-1753.23828,665.530457,337.971191
-1690,670,353,-1690.23438,686.028381,353.972076
-1753,634,337,-1753.22217,650.048828,337.975006
-1738,676,342,-1738.22217,692.035217,342.975006
1519,146,-268,1519.04309,148.532074,-268.999054
1474,393,-321,1474.04321,395.540161,-321.999054
1147,190,-295,1147.0448,192.507996,-295.998993
1474,393,-321,1474.06189,397.237701,-321.998077
1221,423,-343,1221.06177,427.237061,-343.998077
1147,190,-295,1147.06152,194.240692,-295.998077
1147,190,-295,1147.88623,193.512695,-295.463074
1052,443,-616,1052.8833,446.514465,-616.468506
958,217,-678,958.883911,220.508026,-678.467651
1147,190,-295,1147.8374,192.577866,-295.546539
1221,423,-343,1221.83728,425.577209,-343.546722
1052,443,-616,1052.83154,445.571777,-616.55542
958,217,-678,958.039795,219.197189,-677.000793
1052,443,-616,1052.04126,445.190735,-615.000854
1558,171,-700,1558.04236,173.202438,-699.000916
1052,443,-616,1051.95593,444.939362,-615.000977
1520,385,-619,1519.95593,386.938049,-618.000977
1558,171,-700,1557.95593,172.941528,-699.000977
1558,171,-700,1557.00391,175.525101,-700.087524
1520,385,-619,1519.00488,389.52121,-619.098206
1519,146,-268,1518.00488,150.513504,-268.098206
1520,385,-619,1519.01062,391.570251,-619.144592
1474,393,-321,1473.01062,399.583557,-321.145142
1519,146,-268,1518.01062,152.58934,-268.14505
-2000,400,1190,-2000.64502,403.209961,1189.23584
-2000,160,1330,-2000.64502,163.200958,1329.23584
-1684,200,1041,-1684.64502,203.204971,1040.23584
-2000,400,1330,-2000.8186,402.948456,1330.57422
-1638,240,1714,-1638.82068,242.927521,1714.57129
-1600,0,1600,-1600.81848,2.92579484,1600.57422
-1600,0,1600,-1600.04297,2.70651102,1600.9989
-1638,240,1714,-1638.04297,242.707443,1714.99902
-800,0,1600,-800.042969,2.70651102,1600.9989
-1638,240,1714,-1638.04297,243.227112,1714.99902
-798,241,1719,-798.042969,244.20488,1719.99902
-800,0,1600,-800.042969,3.19968176,1600.99902
-800,0,1600,-800.579529,1.17868888,1600.81494
-798,241,1719,-798.579468,242.18158,1719.81494
-199,135,2093,-199.576767,136.150131,2093.81689
-798,241,1719,-798.585999,243.416412,1719.8103
-276,382,2165,-276.579102,384.417725,2165.81519
-199,135,2093,-199.575012,137.416,2093.81812
195,80,2548,194.558914,81.2919235,2548.89746
96,320,2615,95.5372238,321.285522,2615.88647
995,80,2948,994.537231,81.2609634,2948.88647
96,320,2615,95.5386353,323.256592,2615.88721
995,320,3068,994.53125,323.223663,3068.8833
995,80,2948,994.534485,83.2330856,2948.88501
-276,382,2165,-276.786774,385.052643,2165.61719
195,80,2548,194.21167,83.0599747,2548.61523
-199,135,2093,-199.7845,138.053467,2093.62012
-276,382,2165,-276.810974,383.116699,2165.58496
96,320,2615,95.1910629,321.118591,2615.58789
195,80,2548,194.194641,81.1182251,2548.59277
995,80,2948,995.425781,81.1678925,2948.90479
995,320,3068,995.424805,321.168335,3068.90527
1795,80,2548,1795.43262,81.1684875,2548.90137
995,320,3068,995.424316,322.109253,3068.90527
1886,320,2627,1886.42407,322.114502,2627.90552
1795,80,2548,1795.42383,82.1119308,2548.90552
1795,80,2548,1795.98718,83.4176025,2548.15918
1886,320,2627,1886.98425,323.419586,2627.17627
1904,80,1892,1904.98718,83.4039536,1892.15881
1886,320,2627,1886.9823,320.885803,2627.18726
2019,320,1925,2019.97839,320.905579,1925.20667
1904,80,1892,1904.97937,80.9074097,1892.2019
2304,40,1040,2304.78442,41.1719894,1040.62
2851,280,509,2851.77539,281.185028,509.631439
2800,40,400,2800.77954,41.1863708,400.626343
2304,40,1040,2304.78857,42.8208351,1040.61487
2406,280,1103,2406.7915,282.815704,1103.61096
2851,280,509,2851.79907,282.835999,509.601105
1904,80,1892,1904.88452,80.9545593,1892.46643
2019,320,1925,2019.89709,320.95166,1925.44128
2304,40,1040,2304.8833,40.9446869,1040.46863
2019,320,1925,2019.88428,321.67691,1925.46667
2406,280,1103,2406.8833,281.669342,1103.46863
2304,40,1040,2304.88452,41.6701012,1040.46631
4000,0,116,3999.24731,3.02216935,116.658195
3950,241,224,3949.25269,244.029709,224.664459
5200,240,1600,5199.24756,243.018967,1600.65845
2800,40,400,2800.22168,42.0935059,400.975098
3950,241,224,3950.20801,243.061371,224.978119
4000,0,116,4000.20801,2.06597376,116.978058
2800,40,400,2800.23438,42.1454239,400.972107
2851,280,509,2851.22192,282.148346,509.975037
3950,241,224,3950.22168,243.159912,224.975006
-244,240,1184,-243.27359,243.051361,1184.68726
4,240,920,4.72802734,243.059418,920.685547
-400,0,1200,-399.273132,3.05472994,1200.68677
4,240,920,4.68209219,244.259964,920.731262
0,-32,800,0.683139682,-27.7485905,800.730286
-400,0,1200,-399.318176,4.2619915,1200.73145
195,80,1748,195.68515,83.9075165,1747.27161
178,322,1634,178.698395,325.903656,1633.2843
-400,0,1200,-399.296021,3.94302011,1199.28979
178,322,1634,178.772675,323.641937,1633.36523
-244,240,1184,-243.2258,241.646606,1183.36707
-400,0,1200,-399.229736,1.64593136,1199.3623
607,240,993,606.154785,241.739578,993.534424
562,425,1074,561.154663,426.73999,1074.53418
816,160,1255,815.154663,161.727249,1255.53418
562,425,1074,561.135254,427.911102,1074.5022
698,400,1278,697.138611,402.916656,1278.50793
816,160,1255,815.141296,162.923264,1255.51245
0,-32,800,-0.107480548,-28.9143105,800.994202
562,425,1074,561.891907,428.073425,1074.99414
607,240,993,606.891907,243.071869,993.994141
0,-32,800,-0.138009429,-29.5254269,800.990417
4,240,920,3.8677094,242.476822,920.991211
562,425,1074,561.867737,427.481934,1074.99121
816,160,1255,815.210144,162.655502,1254.38672
698,400,1278,697.210144,402.651672,1277.38672
603,80,1576,602.204895,82.6435928,1575.39355
698,400,1278,697.331055,402.356049,1277.25671
533,320,1479,532.330139,322.354645,1478.25757
603,80,1576,602.331177,82.3597717,1575.25659
603,80,1576,602.596375,82.5393295,1575.08508
178,322,1634,177.60054,324.545776,1633.08325
195,80,1748,194.60054,82.547493,1747.08325
603,80,1576,602.585754,81.85289,1575.08984
533,320,1479,532.586914,321.842224,1478.08936
178,322,1634,177.589142,323.84494,1633.08838
-2000,400,-1190,-2000.58667,402.398529,-1189.19019
-1684,200,-1041,-1684.5863,202.403671,-1040.18994
-2017,165,-1298,-2017.58716,167.384125,-1297.19055
-1485,0,-2414,-1485.95874,2.6967423,-2414.28418
-1575,240,-2494,-1575.96057,242.701508,-2494.27734
-2000,400,-1334,-2000.9646,402.726105,-1334.26367
-650,0,-2734,-650.372131,0.947394729,-2734.92798
-1575,240,-2494,-1575.3623,240.947266,-2494.93188
-1485,0,-2414,-1485.37305,0.947994769,-2414.92773
-650,0,-2734,-650.377686,1.23814249,-2734.92578
-639,240,-2854,-639.372314,241.236176,-2854.92798
-1575,240,-2494,-1575.3772,241.252228,-2494.92603
24,0,-2283,24.5521469,2.9438715,-2283.83374
-639,240,-2854,-638.44751,242.935349,-2854.8335
-650,0,-2734,-649.444336,2.941149,-2734.8313
24,0,-2283,24.5521469,1.04117537,-2283.83374
123,240,-2351,123.549149,241.046616,-2351.83569
-639,240,-2854,-638.46521,241.076797,-2854.84497
800,240,-1200,800.601685,243.707291,-1200.79871
791,480,-1320,791.606384,483.706909,-1320.79517
170,-32,-1551,170.604279,-28.2917004,-1551.79675
791,480,-1320,791.632935,481.178009,-1320.77417
229,240,-1655,229.630859,241.189941,-1655.77588
170,-32,-1551,170.631927,-30.7977695,-1551.77502
170,-32,-1551,170.977707,-28.3224392,-1551.20996
229,240,-1655,229.977707,243.683426,-1655.20996
24,0,-2283,24.9777088,3.65881562,-2283.20996
229,240,-1655,229.987839,242.282242,-1655.15527
123,240,-2351,123.988762,242.274734,-2351.14941
24,0,-2283,24.9890289,2.28154707,-2283.14771
1283,240,-1560,1282.40112,242.221512,-1560.80078
1284,480,-1680,1283.40833,482.235474,-1680.80615
800,240,-1200,799.408325,242.199417,-1200.80615
1284,480,-1680,1283.41284,481.097015,-1680.80945
791,480,-1320,790.41217,481.096527,-1320.80896
800,240,-1200,799.412659,241.102615,-1200.80933
5200,240,-2000,5199.29541,242.710724,-2000.70959
3941,240,-749,3940.28931,242.720871,-749.703369
4000,0,-645,3999.28442,2.71805716,-645.698425
4000,0,-645,4000.1748,2.09632349,-645.984497
3941,240,-749,3941.15723,242.097839,-749.987427
3200,40,-800,3200.1748,42.0998611,-800.984558
3941,240,-749,3941.18555,242.425964,-749.982544
3270,280,-897,3270.17505,282.435425,-897.984558
3200,40,-800,3200.18555,42.4308853,-800.982605
-518,306,288,-518.747314,310.847046,287.335541
-542,425,288,-542.748108,429.839294,287.336426
-649,404,413,-649.747375,408.830414,412.335602
-518,306,288,-518.747314,311.12381,287.335541
-649,404,413,-649.747864,409.111938,412.336151
-625,284,413,-625.747314,289.116821,412.335541
-479,343,-13,-479.987823,347.185852,-13.1554556
-503,463,-13,-503.987793,467.193359,-13.1556587
-542,425,288,-542.989136,429.194824,287.852997
-479,343,-13,-479.987823,348.850708,-13.1555567
-542,425,288,-542.989136,430.867096,287.852997
-518,306,288,-518.989136,311.863861,287.852997
-530,365,-315,-530.989136,370.178711,-314.852997
-554,484,-315,-554.989136,489.170563,-314.852997
-503,463,-13,-503.989777,468.152161,-12.8575382
-530,365,-315,-530.989136,369.82251,-314.852997
-503,463,-13,-503.989807,467.814178,-12.8575859
-479,343,-13,-479.989807,347.817993,-12.8575859
-645,383,-440,-645.746582,389.187286,-439.334717
-668,503,-440,-668.746582,509.191986,-439.334717
-554,484,-315,-554.746399,490.190643,-314.334503
-645,383,-440,-645.746277,387.942444,-439.334381
-554,484,-315,-554.74707,488.94223,-314.335266
-530,365,-315,-530.746643,369.940857,-314.334778
457,312,2331,456.13739,405.516541,2330.49414
462,196,2326,461.136536,289.437439,2325.49561
471,196,2311,470.144379,289.453979,2310.48242
457,312,2331,456.144379,421.156677,2330.48242
471,196,2311,470.144379,305.150391,2310.48242
465,312,2318,464.137817,421.156677,2317.49341
462,196,2326,461.119293,257.78299,2325.52637
457,40,2341,456.127319,101.813889,2340.51172
472,40,2314,471.126251,101.787743,2313.51367
462,196,2326,461.13739,282.562805,2325.49414
472,40,2314,471.13739,126.472328,2313.49414
471,196,2311,470.13739,282.546936,2310.49414
454,196,2311,454.858521,209.906433,2310.4873
441,40,2314,441.859436,53.9359932,2313.48877
457,40,2341,457.854431,53.9397507,2340.48047
454,196,2311,454.881683,203.449478,2310.52832
457,40,2341,457.880676,47.4625549,2340.52637
462,196,2326,462.882263,203.451141,2325.5293
465,312,2318,464.955841,329.055817,2318.99902
471,196,2311,470.955841,213.067459,2311.99902
454,196,2311,453.955841,213.067459,2311.99902
465,312,2318,464.955841,329.055817,2318.99902
454,196,2311,453.955841,213.067459,2311.99902
450,312,2318,449.955841,329.055817,2318.99902
1157,284,2372,1157.96948,372.92981,2372.24487
1154,167,2378,1154.96948,256.070618,2378.24487
1150,167,2394,1150.96948,256.09021,2394.24487
1157,284,2372,1157.97681,314.169312,2372.21411
1150,167,2394,1150.97827,197.18248,2394.20703
1154,284,2386,1154.97437,314.150146,2386.22461
1154,167,2378,1154.96326,256.731293,2378.26855
1156,11,2362,1156.9646,100.744751,2362.26367
1148,11,2392,1148.96265,100.727364,2392.27026
1154,167,2378,1154.96948,262.695312,2378.24512
1148,11,2392,1148.96948,106.574348,2392.24487
1150,167,2394,1150.96948,262.687469,2394.24487
1166,167,2390,1165.28345,186.051147,2390.69751
1177,11,2384,1176.28296,30.0598545,2384.69702
1156,11,2362,1155.28271,30.0582771,2362.69678
1166,167,2390,1165.28467,179.851929,2390.69873
1156,11,2362,1155.28442,23.8769455,2362.69849
1154,167,2378,1153.28345,179.851929,2378.69751
1154,284,2386,1153.75488,305.810577,2385.03052
1150,167,2394,1149.74805,188.83046,2393.03247
1166,167,2390,1165.73633,188.826248,2389.0354
1154,284,2386,1153.72266,305.308655,2385.03931
1166,167,2390,1165.71289,188.324753,2389.04224
1168,284,2382,1167.72949,305.308655,2381.03735
1104,284,2582,1104.2196,346.275146,2581.02441
1109,167,2586,1109.22266,229.343643,2585.02515
1126,167,2590,1126.2196,229.354034,2589.02441
1104,284,2582,1104.26184,345.201599,2581.03491
1126,167,2590,1126.26941,228.322037,2589.03711
1118,284,2586,1118.26172,345.201599,2585.03491
1109,167,2586,1109.24316,261.726013,2585.03003
1094,11,2584,1094.25,105.770172,2583.03198
1124,11,2592,1124.26184,105.770172,2591.03491
1109,167,2586,1109.22266,261.409851,2585.02515
1124,11,2592,1124.20605,105.375,2591.02148
1126,167,2590,1126.22314,261.409851,2589.02539
1121,167,2574,1121.69678,182.281281,2574.71729
1116,11,2562,1116.69629,26.2526741,2562.71753
1094,11,2584,1094.69629,26.2526741,2584.71753
1121,167,2574,1121.69678,182.281281,2574.71729
1094,11,2584,1094.69629,26.2526741,2584.71753
1109,167,2586,1109.69751,182.281281,2586.71655
1118,284,2586,1117.04382,303.621155,2586.29272
1126,167,2590,1125.04858,186.645813,2590.30786
1121,167,2574,1120.04382,186.643585,2574.29272
1118,284,2586,1117.03516,302.168915,2586.2627
1121,167,2574,1120.03674,185.191574,2574.26855
1114,284,2572,1113.03516,302.170074,2572.2627
1242,83,2026,1241.95593,83.8257904,2025.00098
1172,83,2026,1171.95593,83.8257904,2025.00098
1172,58,2049,1171.95593,58.8258781,2048.00098
1133,56,1838,1133.77429,57.4287033,1838.63281
1071,50,1906,1071.78442,51.4312439,1906.62012
1082,62,1911,1082.77258,63.4310532,1911.63477
1172,83,2026,1172.83154,84.4716187,2025.44458
1102,83,1921,1102.83142,84.4692688,1920.44446
1082,62,1911,1082.82947,63.4689903,1910.44153
1172,83,2026,1172.82947,85.0090561,2025.44153
1082,62,1911,1082.82959,64.0060806,1910.44165
1172,58,2049,1172.82959,60.0102196,2048.44165
1082,62,1911,1082.82959,64.9154816,1910.44165
1071,50,1906,1071.82996,52.9151993,1905.44226
1172,58,2049,1172.82959,60.9154778,2048.44165
1071,50,1906,1071.82947,50.9554825,1905.44153
1172,45,2062,1172.82959,45.95438,2061.44165
1172,58,2049,1172.82959,58.954361,2048.44165
