frame	home x	home y	home z	pos x	pos y	pos z	speedXZ	yaw	shape	velocity.y
4464	1022.00372	200	-1808.63184	1022.00372	200	-1808.63184	0	0x7F3A	0x7F3A	-4
4465	1022.00372	200	-1808.63184	1022.00372	200	-1808.63184	0	0x7F3A	0x7F3A	-4
4465	1022.00372	200	-1808.63184	1022.00372	200	-1808.63184	0	0x7F3A	0x7F3A	-4
4466	1022.00372	200	-1808.63184	1022.00372	200	-1808.63184	0	0x7F3A	0x7F3A	-4
4466	1022.00372	200	-1808.63184	1022.00372	200	-1808.63184	0	0x7F3A	0x7F3A	-4
4467	1022.00372	200	-1808.63184	1022.00372	200	-1808.63184	0	0x7F3A	0x7F3A	-4
4467	1022.00372	200	-1808.63184	1022.00372	200	-1808.63184	0	0x7F3A	0x7F3A	-4
4468	1022.00372	200	-1808.63184	1022.00372	200	-1808.63184	0	0x7F3A	0x7F3A	-4
4468	1022.00372	200	-1808.63184	1022.00372	200	-1808.63184	0	0x7F3A	0x7F3A	-4
4469	1022.00372	200	-1808.63184	1022.00372	200	-1808.63184	0	0x7F3A	0x7F3A	-4
4469	1022.00372	200	-1808.63184	1022.00372	200	-1808.63184	0	0x7F3A	0x7F3A	-4
4470	1022.00372	200	-1808.63184	1022.00372	200	-1808.63184	0	0x7F3A	0x7F3A	-4
4470	1022.00372	200	-1808.63184	1022.00372	200	-1808.63184	0	0x7F3A	0x7F3A	-4
4471	1022.00372	200	-1808.63184	1022.00372	200	-1808.63184	0	0x7F3A	0x7F3A	-4
4471	1022.00372	200	-1808.63184	1022.00372	200	-1808.63184	0	0x7F3A	0x7F3A	-4
4472	1022.00372	200	-1808.63184	1022.00372	200	-1808.63184	0	0x7F3A	0x7F3A	-4
4472	1022.00372	200	-1808.63184	1022.00372	200	-1808.63184	0	0x7F3A	0x7F3A	-4
4473	1022.00372	200	-1808.63184	1022.00372	200	-1808.63184	0	0x7F3A	0x7F3A	-4
4473	1022.00372	200	-1808.63184	1022.00372	200	-1808.63184	0	0x7F3A	0x7F3A	-4
4474	1022.00372	200	-1808.63184	1022.00372	200	-1808.63184	0	0x7F3A	0x7F3A	-4
4474	1022.00372	200	-1808.63184	1022.00372	200	-1808.63184	0	0x7F3A	0x7F3A	-4
4475	1022.00372	200	-1808.63184	1022.00372	200	-1808.63184	0	0x7F3A	0x7F3A	-4
4475	1022.00372	200	-1808.63184	1022.00372	200	-1808.63184	0	0x7F3A	0x7F3A	-4
4476	1022.00372	200	-1808.63184	1023.90662	200	-1811.53247	11.666666	0x7F3A	0x7F3A	-4
4476	1022.00372	200	-1808.63184	1023.90662	200	-1811.53247	11.666666	0x7F3A	0x7F3A	-4
4477	1024.12805	200	-1823.19641	1025.61682	200	-1825.77661	8.33333206	0x7F3A	0x7F3A	-4
4477	1024.12805	200	-1823.19641	1025.61682	200	-1825.77661	8.33333206	0x7F3A	0x7F3A	-4
4478	1025.77502	200	-1834.10803	1026.84985	200	-1836.36792	4.99999857	0x7F3A	0x7F3A	-4
4478	1025.77502	200	-1834.10803	1026.84985	200	-1836.36792	4.99999857	0x7F3A	0x7F3A	-4
4479	1026.9447	200	-1841.3667	1027.28271	200	-1842.27734	1.66666508	0x7F3A	0x7F3A	-4
4479	1026.9447	200	-1841.3667	1027.28271	200	-1842.27734	1.66666508	0x7F3A	0x7F3A	-4
4480	1027.31433	200	-1843.9436	1027.48328	200	-1844.39893	0	0x7F3A	0x7F3A	-4
4480	1027.31433	200	-1843.9436	1027.48328	200	-1844.39893	0	0x7F3A	0x7F3A	-4
4481	1027.48328	200	-1844.39893	1027.36426	200	-1844.63538	0	0x7F3A	0x7F3A	-4
4481	1027.48328	200	-1844.39893	1027.36426	200	-1844.63538	0	0x7F3A	0x7F3A	-4
4482	1027.36426	200	-1844.63538	1027.36426	200	-1844.63538	0	0x7F3A	0x7F3A	-4
4482	1027.36426	200	-1844.63538	1027.36426	200	-1844.63538	0	0x7F3A	0x7F3A	-4
4483	1027.36426	200	-1844.63538	1027.36426	200	-1844.63538	0	0x7F3A	0x7F3A	-4
4483	1027.36426	200	-1844.63538	1027.36426	200	-1844.63538	0	0x7F3A	0x7F3A	-4
4484	1027.36426	200	-1844.63538	1027.36426	200	-1844.63538	0	0x7F3A	0x7F3A	-4
4484	1027.36426	200	-1844.63538	1027.36426	200	-1844.63538	0	0x7F3A	0x7F3A	-4
4485	1027.36426	200	-1844.63538	1027.36426	200	-1844.63538	0	0x7F3A	0x7F3A	-4
4485	1027.36426	200	-1844.63538	1027.36426	200	-1844.63538	0	0x7F3A	0x7F3A	-4
4486	1027.36426	200	-1844.63538	1027.36426	200	-1844.63538	0	0x7F3A	0x7F3A	-4
4486	1027.36426	200	-1844.63538	1027.36426	200	-1844.63538	0	0x7F3A	0x7F3A	-4
4487	1027.36426	200	-1844.63538	1027.36426	200	-1844.63538	0	0x7F3A	0x7F3A	-4
4487	1027.36426	200	-1844.63538	1027.36426	200	-1844.63538	0	0x7F3A	0x7F3A	-4
4488	1027.36426	200	-1844.63538	1027.36426	200	-1844.63538	0	0x7F3A	0x7F3A	-4
4488	1027.36426	200	-1844.63538	1027.36426	200	-1844.63538	0	0x7F3A	0x7F3A	-4
4489	1027.36426	200	-1844.63538	1027.36426	200	-1844.63538	0	0x7F3A	0x7F3A	-4
4489	1027.36426	200	-1844.63538	1027.36426	200	-1844.63538	0	0x7F3A	0x7F3A	-4
4490	1027.36426	200	-1844.63538	1027.36426	200	-1844.63538	0	0x7F3A	0x7F3A	-4
4490	1027.36426	200	-1844.63538	1027.36426	200	-1844.63538	0	0x7F3A	0x7F3A	-4
4491	1027.36426	200	-1844.63538	1027.36426	200	-1844.63538	0	0x7F3A	0x7F3A	-4
4491	1027.36426	200	-1844.63538	1027.36426	200	-1844.63538	0	0x7F3A	0x7F3A	-4
4492	1027.36426	200	-1844.63538	1027.36426	200	-1844.63538	0	0x7F3A	0x7F3A	-4
4492	1027.36426	200	-1844.63538	1027.36426	200	-1844.63538	0	0x7F3A	0x7F3A	-4
4493	1027.36426	200	-1844.63538	1027.36426	200	-1844.63538	0	0x7F3A	0x7F3A	-4
4493	1027.36426	200	-1844.63538	1027.36426	200	-1844.63538	0	0x7F3A	0x7F3A	-4
4494	1027.36426	200	-1844.63538	1027.36426	200	-1844.63538	0	0x7F3A	0x7F3A	-4
4494	1027.36426	200	-1844.63538	1027.36426	200	-1844.63538	0	0x7F3A	0x7F3A	-4
4495	1027.36426	200	-1844.63538	1027.36426	200	-1844.63538	0	0x7F3A	0x7F3A	-4
4495	1027.36426	200	-1844.63538	1027.36426	200	-1844.63538	0	0x7F3A	0x7F3A	-4
4496	1027.36426	200	-1844.63538	1027.36426	200	-1844.63538	0	0x7F3A	0x7F3A	-4
4496	1027.36426	200	-1844.63538	1027.36426	200	-1844.63538	0	0x7F3A	0x7F3A	-4
4497	1027.36426	200	-1844.63538	1027.36426	200	-1844.63538	0	0x7F3A	0x7F3A	-4
4497	1027.36426	200	-1844.63538	1027.36426	200	-1844.63538	0	0x7F3A	0x7F3A	-4
4498	1027.36426	200	-1844.63538	1027.36426	200	-1844.63538	0	0x7F3A	0x7F3A	-4
4498	1027.36426	200	-1844.63538	1027.36426	200	-1844.63538	0	0x7F3A	0x7F3A	-4
4499	1027.36426	200	-1844.63538	1027.36426	200	-1844.63538	0	0x7F3A	0x7F3A	-4
4499	1027.36426	200	-1844.63538	1027.36426	200	-1844.63538	0	0x7F3A	0x7F3A	-4
4500	1027.36426	200	-1844.63538	1027.36426	200	-1844.63538	0	0x7F3A	0x7F3A	-4
4500	1027.36426	200	-1844.63538	1027.36426	200	-1844.63538	0	0x7F3A	0x7F3A	-4
4501	1027.36426	200	-1844.63538	1027.36426	200	-1844.63538	0	0x7F3A	0x7F3A	-4
4501	1027.36426	200	-1844.63538	1027.36426	200	-1844.63538	0	0x7F3A	0x7F3A	-4
4502	1027.36426	200	-1844.63538	1027.36426	200	-1844.63538	0	0x7F3A	0x7F3A	-4
4502	1027.36426	200	-1844.63538	1027.36426	200	-1844.63538	0	0x7F3A	0x7F3A	-4
4503	1027.36426	200	-1844.63538	1027.36426	200	-1844.63538	0	0x7F3A	0x7F3A	-4
4503	1027.36426	200	-1844.63538	1027.36426	200	-1844.63538	0	0x7F3A	0x7F3A	-4
4504	1027.36426	200	-1844.63538	1027.36426	200	-1844.63538	0	0x7F3A	0x7F3A	-4
4504	1027.36426	200	-1844.63538	1027.36426	200	-1844.63538	0	0x7F3A	0x7F3A	-4
4505	1027.36426	200	-1844.63538	1027.36426	200	-1844.63538	0	0x7F3A	0x7F3A	-4
4505	1027.36426	200	-1844.63538	1027.36426	200	-1844.63538	0	0x7F3A	0x7F3A	-4
4506	1027.36426	200	-1844.63538	1027.36426	200	-1844.63538	0	0x7F3A	0x7F3A	-4
4506	1027.36426	200	-1844.63538	1027.36426	200	-1844.63538	0	0x7F3A	0x7F3A	-4
4507	1027.36426	200	-1844.63538	1027.36426	200	-1844.63538	0	0x7F3A	0x7F3A	-4
4507	1027.36426	200	-1844.63538	1027.36426	200	-1844.63538	0	0x7F3A	0x7F3A	-4
4508	1027.36426	200	-1844.63538	1027.36426	200	-1844.63538	0	0x7F3A	0x7F3A	-4
4508	1027.36426	200	-1844.63538	1027.36426	200	-1844.63538	0	0x7F3A	0x7F3A	-4
4509	1027.36426	200	-1844.63538	1027.36426	200	-1844.63538	0	0x7F3A	0x7F3A	-4
4509	1027.36426	200	-1844.63538	1027.36426	200	-1844.63538	0	0x7F3A	0x7F3A	-4
4510	1027.36426	200	-1844.63538	1027.36426	200	-1844.63538	0	0x7F3A	0x7F3A	-4
4510	1027.36426	200	-1844.63538	1027.36426	200	-1844.63538	0	0x7F3A	0x7F3A	-4
4511	1027.36426	200	-1844.63538	1027.36426	200	-1844.63538	0	0x7F3A	0x7F3A	-4
4511	1027.36426	200	-1844.63538	1027.36426	200	-1844.63538	0	0x7F3A	0x7F3A	-4
4512	1027.36426	200	-1844.63538	1027.36426	200	-1844.63538	0	0x7F3A	0x7F3A	-4
4512	1027.36426	200	-1844.63538	1027.36426	200	-1844.63538	0	0x7F3A	0x7F3A	-4
4513	1027.36426	200	-1844.63538	1027.36426	200	-1844.63538	0	0x7F3A	0x7F3A	-4
4513	1027.36426	200	-1844.63538	1027.36426	200	-1844.63538	0	0x7F3A	0x7F3A	-4
4514	1027.36426	200	-1844.63538	1027.36426	200	-1844.63538	0	0x7F3A	0x7F3A	-4
4514	1027.36426	200	-1844.63538	1027.36426	200	-1844.63538	0	0x7F3A	0x7F3A	-4
4515	1027.36426	200	-1844.63538	1027.36426	200	-1844.63538	0	0x7F3A	0x7F3A	-4
4515	1027.36426	200	-1844.63538	1027.36426	200	-1844.63538	0	0x7F3A	0x7F3A	-4
4516	1027.36426	200	-1844.63538	1027.36426	200	-1844.63538	0	0x7F3A	0x7F3A	-4
4516	1027.36426	200	-1844.63538	1027.36426	200	-1844.63538	0	0x7F3A	0x7F3A	-4
4517	1027.36426	200	-1844.63538	1027.36426	200	-1844.63538	0	0x7F3A	0x7F3A	-4
4517	1027.36426	200	-1844.63538	1027.36426	200	-1844.63538	0	0x7F3A	0x7F3A	-4
4518	1027.36426	200	-1844.63538	1027.36426	200	-1844.63538	0	0x7F3A	0x7F3A	-4
4518	1027.36426	200	-1844.63538	1027.36426	200	-1844.63538	0	0x7F3A	0x7F3A	-4
4519	1027.36426	200	-1844.63538	1027.36426	200	-1844.63538	0	0x7F3A	0x7F3A	-4
