frame	home x	home y	home z	pos x	pos y	pos z	speedXZ	yaw	shape	velocity.y
4521	1022.00372	200	-1808.63184	1022.00372	200	-1808.63184	0	0x7F3A	0x7F3A	-4
4522	1022.00372	200	-1808.63184	1022.00372	200	-1808.63184	0	0x7F3A	0x7F3A	-4
4522	1022.00372	200	-1808.63184	1022.00372	200	-1808.63184	0	0x7F3A	0x7F3A	-4
4523	1022.00372	200	-1808.63184	1022.00372	200	-1808.63184	0	0x7F3A	0x7F3A	-4
4523	1022.00372	200	-1808.63184	1022.00372	200	-1808.63184	0	0x7F3A	0x7F3A	-4
4524	1022.00372	200	-1808.63184	1022.00372	200	-1808.63184	0	0x7F3A	0x7F3A	-4
4524	1022.00372	200	-1808.63184	1022.00372	200	-1808.63184	0	0x7F3A	0x7F3A	-4
4525	1022.00372	200	-1808.63184	1022.00372	200	-1808.63184	0	0x7F3A	0x7F3A	-4
4525	1022.00372	200	-1808.63184	1022.00372	200	-1808.63184	0	0x7F3A	0x7F3A	-4
4526	1022.00372	200	-1808.63184	1022.00372	200	-1808.63184	0	0x7F3A	0x7F3A	-4
4526	1022.00372	200	-1808.63184	1022.00372	200	-1808.63184	0	0x7F3A	0x7F3A	-4
4527	1022.00372	200	-1808.63184	1022.00372	200	-1808.63184	0	0x7F3A	0x7F3A	-4
4527	1022.00372	200	-1808.63184	1022.00372	200	-1808.63184	0	0x7F3A	0x7F3A	-4
4528	1022.00372	200	-1808.63184	1024.13306	200	-1811.66406	11.666666	0x7F3A	0x7F3A	-4
4528	1022.00372	200	-1808.63184	1024.13306	200	-1811.66406	11.666666	0x7F3A	0x7F3A	-4
4529	1024.35449	200	-1823.328	1026.08081	200	-1826.3042	8.33333206	0x7F3A	0x7F3A	-4
4529	1024.35449	200	-1823.328	1026.08081	200	-1826.3042	8.33333206	0x7F3A	0x7F3A	-4
4530	1026.23901	200	-1834.63562	1027.59827	200	-1837.3291	4.99999857	0x7F3A	0x7F3A	-4
4530	1026.23901	200	-1834.63562	1027.59827	200	-1837.3291	4.99999857	0x7F3A	0x7F3A	-4
4531	1027.69312	200	-1842.32788	1028.73401	200	-1844.3783	1.66666508	0x7F3A	0x7F3A	-4
4531	1027.69312	200	-1842.32788	1028.73401	200	-1844.3783	1.66666508	0x7F3A	0x7F3A	-4
4532	1028.76563	200	-1846.04456	1029.54102	200	-1847.32275	0	0x7F3A	0x7F3A	-4
4532	1028.76563	200	-1846.04456	1029.54102	200	-1847.32275	0	0x7F3A	0x7F3A	-4
4533	1029.54102	200	-1847.32275	1030.09326	200	-1847.94971	0	0x7F3A	0x7F3A	-4
4533	1029.54102	200	-1847.32275	1030.09326	200	-1847.94971	0	0x7F3A	0x7F3A	-4
4534	1030.09326	200	-1847.94971	1030.49121	200	-1848.54993	0	0x7F3A	0x7F3A	-4
4534	1030.09326	200	-1847.94971	1030.49121	200	-1848.54993	0	0x7F3A	0x7F3A	-4
4535	1030.49121	200	-1848.54993	1030.52966	200	-1848.93799	0	0x7F3A	0x7F3A	-4
4535	1030.49121	200	-1848.54993	1030.52966	200	-1848.93799	0	0x7F3A	0x7F3A	-4
4536	1030.52966	200	-1848.93799	1030.40002	200	-1849.32129	0	0x7F3A	0x7F3A	-4
4536	1030.52966	200	-1848.93799	1030.40002	200	-1849.32129	0	0x7F3A	0x7F3A	-4
4537	1030.40002	200	-1849.32129	1030.10229	200	-1849.69983	0	0x7F3A	0x7F3A	-4
4537	1030.40002	200	-1849.32129	1030.10229	200	-1849.69983	0	0x7F3A	0x7F3A	-4
4538	1030.10229	200	-1849.69983	1029.34326	200	-1849.88086	0	0x7F3A	0x7F3A	-4
4538	1030.10229	200	-1849.69983	1029.34326	200	-1849.88086	0	0x7F3A	0x7F3A	-4
4539	1029.34326	200	-1849.88086	1028.46362	200	-1849.73511	0	0x7F3A	0x7F3A	-4
4539	1029.34326	200	-1849.88086	1028.46362	200	-1849.73511	0	0x7F3A	0x7F3A	-4
4540	1028.46362	200	-1849.73511	1027.4635	200	-1849.2627	0	0x7F3A	0x7F3A	-4
4540	1028.46362	200	-1849.73511	1027.4635	200	-1849.2627	0	0x7F3A	0x7F3A	-4
4541	1027.4635	200	-1849.2627	1026.45313	200	-1848.25708	0	0x7F3A	0x7F3A	-4
4541	1027.4635	200	-1849.2627	1026.45313	200	-1848.25708	0	0x7F3A	0x7F3A	-4
4542	1026.45313	200	-1848.25708	1025.55847	200	-1847.31958	0	0x7F3A	0x7F3A	-4
4542	1026.45313	200	-1848.25708	1025.55847	200	-1847.31958	0	0x7F3A	0x7F3A	-4
4543	1025.55847	200	-1847.31958	1024.77954	200	-1846.45032	0	0x7F3A	0x7F3A	-4
4543	1025.55847	200	-1847.31958	1024.77954	200	-1846.45032	0	0x7F3A	0x7F3A	-4
4544	1024.77954	200	-1846.45032	1024.47473	200	-1846.45605	0	0x7F3A	0x7F3A	-4
4544	1024.77954	200	-1846.45032	1024.47473	200	-1846.45605	0	0x7F3A	0x7F3A	-4
4545	1024.47473	200	-1846.45605	1024.32227	200	-1846.45898	0	0x7F3A	0x7F3A	-4
4545	1024.47473	200	-1846.45605	1024.32227	200	-1846.45898	0	0x7F3A	0x7F3A	-4
4546	1024.32227	200	-1846.45898	1024.32227	200	-1846.45898	0	0x7F3A	0x7F3A	-4
4546	1024.32227	200	-1846.45898	1024.32227	200	-1846.45898	0	0x7F3A	0x7F3A	-4
4547	1024.32227	200	-1846.45898	1024.32227	200	-1846.45898	0	0x7F3A	0x7F3A	-4
4547	1024.32227	200	-1846.45898	1024.32227	200	-1846.45898	0	0x7F3A	0x7F3A	-4
4548	1024.32227	200	-1846.45898	1024.32227	200	-1846.45898	0	0x7F3A	0x7F3A	-4
4548	1024.32227	200	-1846.45898	1024.32227	200	-1846.45898	0	0x7F3A	0x7F3A	-4
4549	1024.32227	200	-1846.45898	1024.32227	200	-1846.45898	0	0x7F3A	0x7F3A	-4
4549	1024.32227	200	-1846.45898	1024.32227	200	-1846.45898	0	0x7F3A	0x7F3A	-4
4550	1024.32227	200	-1846.45898	1024.32227	200	-1846.45898	0	0x7F3A	0x7F3A	-4
4550	1024.32227	200	-1846.45898	1024.32227	200	-1846.45898	0	0x7F3A	0x7F3A	-4
4551	1024.32227	200	-1846.45898	1024.32227	200	-1846.45898	0	0x7F3A	0x7F3A	-4
4551	1024.32227	200	-1846.45898	1024.32227	200	-1846.45898	0	0x7F3A	0x7F3A	-4
4552	1024.32227	200	-1846.45898	1024.32227	200	-1846.45898	0	0x7F3A	0x7F3A	-4
4552	1024.32227	200	-1846.45898	1024.32227	200	-1846.45898	0	0x7F3A	0x7F3A	-4
4553	1024.32227	200	-1846.45898	1024.32227	200	-1846.45898	0	0x7F3A	0x7F3A	-4
4553	1024.32227	200	-1846.45898	1024.32227	200	-1846.45898	0	0x7F3A	0x7F3A	-4
4554	1024.32227	200	-1846.45898	1024.32227	200	-1846.45898	0	0x7F3A	0x7F3A	-4
4554	1024.32227	200	-1846.45898	1024.32227	200	-1846.45898	0	0x7F3A	0x7F3A	-4
4555	1024.32227	200	-1846.45898	1024.32227	200	-1846.45898	0	0x7F3A	0x7F3A	-4
4555	1024.32227	200	-1846.45898	1024.32227	200	-1846.45898	0	0x7F3A	0x7F3A	-4
4556	1024.32227	200	-1846.45898	1024.32227	200	-1846.45898	0	0x7F3A	0x7F3A	-4
4556	1024.32227	200	-1846.45898	1024.32227	200	-1846.45898	0	0x7F3A	0x7F3A	-4
4557	1024.32227	200	-1846.45898	1024.32227	200	-1846.45898	0	0x7F3A	0x7F3A	-4
4557	1024.32227	200	-1846.45898	1024.32227	200	-1846.45898	0	0x7F3A	0x7F3A	-4
4558	1024.32227	200	-1846.45898	1024.32227	200	-1846.45898	0	0x7F3A	0x7F3A	-4
4558	1024.32227	200	-1846.45898	1024.32227	200	-1846.45898	0	0x7F3A	0x7F3A	-4
4559	1024.32227	200	-1846.45898	1024.32227	200	-1846.45898	0	0x7F3A	0x7F3A	-4
