frame	home x	home y	home z	pos x	pos y	pos z	speedXZ	yaw	shape	velocity.y
7710	1022.00372	200	-1808.63184	1022.00372	200	-1808.63184	0	0x7F3A	0x7F3A	-4
7711	1022.00372	200	-1808.63184	1022.00372	200	-1808.63184	0	0x7F3A	0x7F3A	-4
7711	1022.00372	200	-1808.63184	1022.00372	200	-1808.63184	0	0x7F3A	0x7F3A	-4
7712	1022.00372	200	-1808.63184	1022.00372	200	-1808.63184	0	0x7F3A	0x7F3A	-4
7712	1022.00372	200	-1808.63184	1022.00372	200	-1808.63184	0	0x7F3A	0x7F3A	-4
7713	1022.00372	200	-1808.63184	1022.00372	200	-1808.63184	0	0x7F3A	0x7F3A	-4
7713	1022.00372	200	-1808.63184	1022.00372	200	-1808.63184	0	0x7F3A	0x7F3A	-4
7714	1022.00372	200	-1808.63184	1022.00372	200	-1808.63184	0	0x7F3A	0x7F3A	-4
7714	1022.00372	200	-1808.63184	1022.00372	200	-1808.63184	0	0x7F3A	0x7F3A	-4
7715	1022.00372	200	-1808.63184	1022.00372	200	-1808.63184	0	0xFF43	0x7F3A	-4
7715	1022.00372	200	-1808.63184	1022.00372	200	-1808.63184	0	0xFF43	0x7F3A	-4
7716	1022.00372	200	-1808.63184	1022.00372	200	-1808.63184	1	0xFF43	0x7F3A	-4
7716	1022.00372	200	-1808.63184	1022.00372	200	-1808.63184	1	0xFF43	0x7F3A	-4
7717	1021.9856	200	-1807.63208	1021.9856	200	-1807.63208	2	0xFF43	0x7F3A	-4
7717	1021.9856	200	-1807.63208	1021.9856	200	-1807.63208	2	0xFF43	0x7F3A	-4
7718	1021.94934	200	-1805.63257	1021.94934	200	-1805.63257	3	0xFF43	0x7F3A	-4
7718	1021.94934	200	-1805.63257	1021.94934	200	-1805.63257	3	0xFF43	0x7F3A	-4
7719	1021.89496	200	-1802.63318	1021.89496	200	-1802.63318	4	0xFF43	0x7F3A	-4
7719	1021.89496	200	-1802.63318	1021.89496	200	-1802.63318	4	0xFF43	0x7F3A	-4
7720	1021.82251	200	-1798.63403	1021.82251	200	-1798.63403	5	0xFF43	0x7F3A	-4
7720	1021.82251	200	-1798.63403	1021.82251	200	-1798.63403	5	0xFF43	0x7F3A	-4
7721	1021.73193	200	-1793.63513	1021.73193	200	-1793.63513	6	0xFF43	0x7F3A	-4
7721	1021.73193	200	-1793.63513	1021.73193	200	-1793.63513	6	0xFF43	0x7F3A	-4
7722	1021.62323	200	-1787.63647	1021.62323	200	-1787.63647	7	0xFF43	0x7F3A	-4
7722	1021.62323	200	-1787.63647	1021.62323	200	-1787.63647	7	0xFF43	0x7F3A	-4
7723	1021.4964	200	-1780.63806	1021.4964	200	-1780.63806	8	0xFF43	0x7F3A	-4
7723	1021.4964	200	-1780.63806	1021.4964	200	-1780.63806	8	0xFF43	0x7F3A	-4
7724	1021.35144	200	-1772.63989	1021.35144	200	-1772.63989	9	0xFF43	0x7F3A	-4
7724	1021.35144	200	-1772.63989	1021.35144	200	-1772.63989	9	0xFF43	0x7F3A	-4
7725	1021.18835	200	-1763.64185	1021.18835	200	-1763.64185	9	0xFF43	0x7F3A	-4
7725	1021.18835	200	-1763.64185	1021.18835	200	-1763.64185	9	0xFF43	0x7F3A	-4
7726	1021.02527	200	-1754.6438	1021.02527	200	-1754.6438	9	0xFF43	0xFF43	-4
7726	1021.02527	200	-1754.6438	1021.02527	200	-1754.6438	9	0xFF43	0xFF43	-4
7727	1020.86218	200	-1745.64575	1020.86218	200	-1745.64575	9	0xFF43	0xFF43	-4
7727	1020.86218	200	-1745.64575	1020.86218	200	-1745.64575	9	0xFF43	0xFF43	-4
7728	1020.6991	200	-1736.64771	1020.6991	200	-1736.64771	9.39999962	0xFF35	0x31E6	-4
7728	1020.6991	200	-1736.64771	1020.6991	200	-1736.64771	9.39999962	0xFF35	0x31E6	-4
7729	1020.51617	200	-1727.25	1020.51617	200	-1727.25	9.79999924	0xFF33	0x6332	-4
7729	1020.51617	200	-1727.25	1020.51617	200	-1727.25	9.79999924	0xFF33	0x6332	-4
7730	1020.32361	200	-1717.45239	1020.32361	200	-1717.45239	9.81081009	0xFF33	0x931C	-4
7730	1020.32361	200	-1717.45239	1020.32361	200	-1717.45239	9.81081009	0xFF33	0x931C	-4
7731	1020.1308	200	-1707.64392	1020.1308	200	-1707.64392	9.55135059	0xFF36	0xC1A6	-4
7731	1020.1308	200	-1707.64392	1020.1308	200	-1707.64392	9.55135059	0xFF36	0xC1A6	-4
7732	1019.94586	200	-1698.09485	1019.94586	200	-1698.09485	9.29189014	0xFF39	0xEECC	-4
7732	1019.94586	200	-1698.09485	1019.94586	200	-1698.09485	9.29189014	0xFF39	0xEECC	-4
7733	1019.76862	200	-1688.80518	1019.76862	200	-1688.80518	9.03243065	0xFF3B	0x1A8D	-4
7733	1019.76862	200	-1688.80518	1019.76862	200	-1688.80518	9.03243065	0xFF3B	0x1A8D	-4
7734	1019.59802	200	-1679.77478	1019.59802	200	-1679.77478	8.7729702	0xFF3D	0x44EB	-4
7734	1019.59802	200	-1679.77478	1019.59802	200	-1679.77478	8.7729702	0xFF3D	0x44EB	-4
7735	1019.43402	200	-1671.00378	1019.43402	200	-1671.00378	8.51351166	0xFF3E	0x6DE4	-4
7735	1019.43402	200	-1671.00378	1019.43402	200	-1671.00378	8.51351166	0xFF3E	0x6DE4	-4
7736	1019.2757	200	-1662.49219	1019.2757	200	-1662.49219	8.25405312	0xFF40	0x957B	-4
7736	1019.2757	200	-1662.49219	1019.2757	200	-1662.49219	8.25405312	0xFF40	0x957B	-4
7737	1019.12378	200	-1654.23999	1019.12378	200	-1654.23999	7.99459362	0xFF41	0xBBAD	-4
7737	1019.12378	200	-1654.23999	1019.12378	200	-1654.23999	7.99459362	0xFF41	0xBBAD	-4
7738	1018.97742	200	-1646.24719	1018.97742	200	-1646.24719	7.73513412	0xFF42	0xE07C	-4
7738	1018.97742	200	-1646.24719	1018.97742	200	-1646.24719	7.73513412	0xFF42	0xE07C	-4
7739	1018.83655	200	-1638.51379	1018.83655	200	-1638.51379	7.47567463	0xFF44	0x03E8	-4
7739	1018.83655	200	-1638.51379	1018.83655	200	-1638.51379	7.47567463	0xFF44	0x03E8	-4
7740	1018.70184	200	-1631.03979	1018.70184	200	-1631.03979	7.21621513	0xFF45	0x25F0	-4
7740	1018.70184	200	-1631.03979	1018.70184	200	-1631.03979	7.21621513	0xFF45	0x25F0	-4
7741	1018.57251	200	-1623.8252	1018.57251	200	-1623.8252	6.95675611	0xFF46	0x4694	-4
7741	1018.57251	200	-1623.8252	1018.57251	200	-1623.8252	6.95675611	0xFF46	0x4694	-4
7742	1018.44849	200	-1616.87	1018.44849	200	-1616.87	6.69729614	0xFF47	0x65D4	-4
7742	1018.44849	200	-1616.87	1018.44849	200	-1616.87	6.69729614	0xFF47	0x65D4	-4
7743	1018.32971	200	-1610.17419	1018.32971	200	-1610.17419	6.4378376	0xFF48	0x83B1	-4
7743	1018.32971	200	-1610.17419	1018.32971	200	-1610.17419	6.4378376	0xFF48	0x83B1	-4
7744	1018.21613	200	-1603.73779	1018.21613	200	-1603.73779	6.17837811	0xFF49	0xA02A	-4
7744	1018.21613	200	-1603.73779	1018.21613	200	-1603.73779	6.17837811	0xFF49	0xA02A	-4
7745	1018.10773	200	-1597.56079	1018.10773	200	-1597.56079	5.91891861	0xFF4A	0xBB40	-4
7745	1018.10773	200	-1597.56079	1018.10773	200	-1597.56079	5.91891861	0xFF4A	0xBB40	-4
7746	1018.00446	200	-1591.64319	1018.00446	200	-1591.64319	5.65945959	0xFF4B	0xD4F2	-4
7746	1018.00446	200	-1591.64319	1018.00446	200	-1591.64319	5.65945959	0xFF4B	0xD4F2	-4
7747	1017.90625	200	-1585.98499	1017.90625	200	-1585.98499	5.4000001	0xFF4C	0xED41	-4
7747	1017.90625	200	-1585.98499	1017.90625	200	-1585.98499	5.4000001	0xFF4C	0xED41	-4
7748	1017.81305	200	-1580.58618	1017.81305	200	-1580.58618	5.14054108	0xFF4D	0xFF4D	-4
7748	1017.81305	200	-1580.58618	1017.81305	200	-1580.58618	5.14054108	0xFF4D	0xFF4D	-4
7749	1017.72485	200	-1575.44678	1017.72485	200	-1575.44678	5.54054117	0xFF4E	0xFF4E	-4
7749	1017.72485	200	-1575.44678	1017.72485	200	-1575.44678	5.54054117	0xFF4E	0xFF4E	-4
7750	1017.63031	200	-1569.90735	1017.63031	200	-1569.90735	3.54054117	0xFF4E	0xFF4E	-4
7750	1017.63031	200	-1569.90735	1017.63031	200	-1569.90735	3.54054117	0xFF4E	0xFF4E	-4
7751	1017.56989	200	-1566.36755	1017.56989	200	-1566.36755	1.54054117	0xFF4E	0xFF4E	-4
7751	1017.56989	200	-1566.36755	1017.56989	200	-1566.36755	1.54054117	0xFF4E	0xFF4E	-4
7752	1017.54358	200	-1564.82739	1017.54358	200	-1564.82739	0	0xFF4E	0xFF4E	-4
7752	1017.54358	200	-1564.82739	1017.54358	200	-1564.82739	0	0xFF4E	0xFF4E	-4
7753	1017.54358	200	-1564.82739	1017.54358	200	-1564.82739	0	0xFF4E	0xFF4E	-4
7753	1017.54358	200	-1564.82739	1017.54358	200	-1564.82739	0	0xFF4E	0xFF4E	-4
7754	1017.54358	200	-1564.82739	1017.54358	200	-1564.82739	0	0xFF4E	0xFF4E	-4
7754	1017.54358	200	-1564.82739	1017.54358	200	-1564.82739	0	0xFF4E	0xFF4E	-4
7755	1017.54358	200	-1564.82739	1017.54358	200	-1564.82739	0	0xFF4E	0xFF4E	-4
7755	1017.54358	200	-1564.82739	1017.54358	200	-1564.82739	0	0xFF4E	0xFF4E	-4
7756	1017.54358	200	-1564.82739	1017.54358	200	-1564.82739	0	0xFF4E	0xFF4E	-4
7756	1017.54358	200	-1564.82739	1017.54358	200	-1564.82739	0	0xFF4E	0xFF4E	-4
7757	1017.54358	200	-1564.82739	1017.54358	200	-1564.82739	0	0xFF4E	0xFF4E	-4
7757	1017.54358	200	-1564.82739	1017.54358	200	-1564.82739	0	0xFF4E	0xFF4E	-4
7758	1017.54358	200	-1564.82739	1017.54358	200	-1564.82739	0	0xFF4E	0xFF4E	-4
7758	1017.54358	200	-1564.82739	1017.54358	200	-1564.82739	0	0xFF4E	0xFF4E	-4
7759	1017.54358	200	-1564.82739	1017.54358	200	-1564.82739	0	0xFF4E	0xFF4E	-4
7759	1017.54358	200	-1564.82739	1017.54358	200	-1564.82739	0	0xFF4E	0xFF4E	-4
7760	1017.54358	200	-1564.82739	1017.54358	200	-1564.82739	0	0xFF4E	0xFF4E	-4
7760	1017.54358	200	-1564.82739	1017.54358	200	-1564.82739	0	0xFF4E	0xFF4E	-4
7761	1017.54358	200	-1564.82739	1017.54358	200	-1564.82739	0	0xFF4E	0xFF4E	-4
7761	1017.54358	200	-1564.82739	1017.54358	200	-1564.82739	0	0xFF4E	0xFF4E	-4
7762	1017.54358	200	-1564.82739	1017.54358	200	-1564.82739	0	0xFF4E	0xFF4E	-4
7762	1017.54358	200	-1564.82739	1017.54358	200	-1564.82739	0	0xFF4E	0xFF4E	-4
7763	1017.54358	200	-1564.82739	1017.54358	200	-1564.82739	0	0xFF4E	0xFF4E	-4
7763	1017.54358	200	-1564.82739	1017.54358	200	-1564.82739	0	0xFF4E	0xFF4E	-4
7764	1017.54358	200	-1564.82739	1017.54358	200	-1564.82739	0	0xFF4E	0xFF4E	-4
7764	1017.54358	200	-1564.82739	1017.54358	200	-1564.82739	0	0xFF4E	0xFF4E	-4
7765	1017.54358	200	-1564.82739	1017.54358	200	-1564.82739	0	0xFF4E	0xFF4E	-4
