frame	home x	home y	home z	pos x	pos y	pos z	speedXZ	yaw	shape	velocity.y
7593	1022.00372	200	-1808.63184	1022.00372	200	-1808.63184	0	0x7F3A	0x7F3A	-4
7594	1022.00372	200	-1808.63184	1022.00372	200	-1808.63184	0	0x7F3A	0x7F3A	-4
7594	1022.00372	200	-1808.63184	1022.00372	200	-1808.63184	0	0x7F3A	0x7F3A	-4
7595	1022.00372	200	-1808.63184	1022.00372	200	-1808.63184	0	0x7F3A	0x7F3A	-4
7595	1022.00372	200	-1808.63184	1022.00372	200	-1808.63184	0	0x7F3A	0x7F3A	-4
7596	1022.00372	200	-1808.63184	1022.00372	200	-1808.63184	0	0x7F3A	0x7F3A	-4
7596	1022.00372	200	-1808.63184	1022.00372	200	-1808.63184	0	0x7F3A	0x7F3A	-4
7597	1022.00372	200	-1808.63184	1022.00372	200	-1808.63184	0	0x7F3A	0x7F3A	-4
7597	1022.00372	200	-1808.63184	1022.00372	200	-1808.63184	0	0x7F3A	0x7F3A	-4
7598	1022.00372	200	-1808.63184	1022.00372	200	-1808.63184	0	0x7EA0	0x7EA0	-4
7598	1022.00372	200	-1808.63184	1022.00372	200	-1808.63184	0	0x7EA0	0x7EA0	-4
7599	1022.00372	200	-1808.63184	1022.00372	200	-1808.63184	0.399999976	0x7EA1	0x7EA1	-4
7599	1022.00372	200	-1808.63184	1022.00372	200	-1808.63184	0.399999976	0x7EA1	0x7EA1	-4
7600	1022.01715	200	-1809.03162	1022.01715	200	-1809.03162	0.799999952	0x7EA2	0x7EA2	-4
7600	1022.01715	200	-1809.03162	1022.01715	200	-1809.03162	0.799999952	0x7EA2	0x7EA2	-4
7601	1022.04401	200	-1809.83105	1022.04401	200	-1809.83105	1.19999993	0x7EA2	0x7EA2	-4
7601	1022.04401	200	-1809.83105	1022.04401	200	-1809.83105	1.19999993	0x7EA2	0x7EA2	-4
7602	1022.08429	200	-1811.03027	1022.08429	200	-1811.03027	1.5999999	0x7EA2	0x7EA2	-4
7602	1022.08429	200	-1811.03027	1022.08429	200	-1811.03027	1.5999999	0x7EA2	0x7EA2	-4
7603	1022.13794	200	-1812.62927	1022.13794	200	-1812.62927	1.99999988	0x7EA2	0x7EA2	-4
7603	1022.13794	200	-1812.62927	1022.13794	200	-1812.62927	1.99999988	0x7EA2	0x7EA2	-4
7604	1022.20502	200	-1814.62805	1022.20502	200	-1814.62805	2.39999986	0x7EA1	0x7EA1	-4
7604	1022.20502	200	-1814.62805	1022.20502	200	-1814.62805	2.39999986	0x7EA1	0x7EA1	-4
7605	1022.28577	200	-1817.02649	1022.28577	200	-1817.02649	2.79999971	0x7E9F	0x7E9F	-4
7605	1022.28577	200	-1817.02649	1022.28577	200	-1817.02649	2.79999971	0x7E9F	0x7E9F	-4
7606	1022.38049	200	-1819.82471	1022.38049	200	-1819.82471	3.19999981	0x7E9C	0x7E9C	-4
7606	1022.38049	200	-1819.82471	1022.38049	200	-1819.82471	3.19999981	0x7E9C	0x7E9C	-4
7607	1022.48969	200	-1823.02258	1022.48969	200	-1823.02258	3.5999999	0x7E98	0x7E98	-4
7607	1022.48969	200	-1823.02258	1022.48969	200	-1823.02258	3.5999999	0x7E98	0x7E98	-4
7608	1022.61389	200	-1826.62012	1022.61389	200	-1826.62012	4	0x7E94	0x7E94	-4
7608	1022.61389	200	-1826.62012	1022.61389	200	-1826.62012	4	0x7E94	0x7E94	-4
7609	1022.75342	200	-1830.61743	1022.75342	200	-1830.61743	4.4000001	0x7E8F	0x7E8F	-4
7609	1022.75342	200	-1830.61743	1022.75342	200	-1830.61743	4.4000001	0x7E8F	0x7E8F	-4
7610	1022.90906	200	-1835.0144	1022.90906	200	-1835.0144	4.80000019	0x7E8A	0x7E8A	-4
7610	1022.90906	200	-1835.0144	1022.90906	200	-1835.0144	4.80000019	0x7E8A	0x7E8A	-4
7611	1023.08112	200	-1839.81091	1023.08112	200	-1839.81091	5.20000029	0x7E85	0x7E85	-4
7611	1023.08112	200	-1839.81091	1023.08112	200	-1839.81091	5.20000029	0x7E85	0x7E85	-4
7612	1023.27002	200	-1845.00708	1023.27002	200	-1845.00708	5.60000038	0x7E7F	0x7E7F	-4
7612	1023.27002	200	-1845.00708	1023.27002	200	-1845.00708	5.60000038	0x7E7F	0x7E7F	-4
7613	1023.47668	200	-1850.60291	1023.47668	200	-1850.60291	6	0x7E79	0x7E79	-4
7613	1023.47668	200	-1850.60291	1023.47668	200	-1850.60291	6	0x7E79	0x7E79	-4
7614	1023.70154	200	-1856.59827	1023.70154	200	-1856.59827	6	0x7E76	0x7E76	-4
7614	1023.70154	200	-1856.59827	1023.70154	200	-1856.59827	6	0x7E76	0x7E76	-4
7615	1023.9281	200	-1862.59351	1023.9281	200	-1862.59351	6	0x7E76	0x7E76	-4
7615	1023.9281	200	-1862.59351	1023.9281	200	-1862.59351	6	0x7E76	0x7E76	-4
7616	1023.9281	200	-1862.59351	1024.15466	200	-1868.58875	6.4000001	0x7E6A	0xB11B	-4
7616	1024.15466	200	-1868.58875	1024.15466	200	-1868.58875	6.4000001	0x7E6A	0xB11B	-4
7617	1024.40369	200	-1874.9834	1024.40369	200	-1874.9834	6.80000019	0x7E65	0xE264	-4
7617	1024.40369	200	-1874.9834	1024.40369	200	-1874.9834	6.80000019	0x7E65	0xE264	-4
7618	1024.67151	200	-1881.77759	1024.67151	200	-1881.77759	7.20000029	0x7E5F	0x1248	-4
7618	1024.67151	200	-1881.77759	1024.67151	200	-1881.77759	7.20000029	0x7E5F	0x1248	-4
7619	1024.95923	200	-1888.97131	1024.95923	200	-1888.97131	7.60000038	0x7E59	0x40C9	-4
7619	1024.95923	200	-1888.97131	1024.95923	200	-1888.97131	7.60000038	0x7E59	0x40C9	-4
7620	1025.26733	200	-1896.56458	1025.26733	200	-1896.56458	8	0x7E53	0x6DE6	-4
7620	1025.26733	200	-1896.56458	1025.26733	200	-1896.56458	8	0x7E53	0x6DE6	-4
7621	1025.59631	200	-1904.55725	1025.59631	200	-1904.55725	8.39999962	0x7E4D	0x999F	-4
7621	1025.59631	200	-1904.55725	1025.59631	200	-1904.55725	8.39999962	0x7E4D	0x999F	-4
7622	1025.94653	200	-1912.94946	1025.94653	200	-1912.94946	8.7729702	0x7E46	0xC3F4	-4
7622	1025.94653	200	-1912.94946	1025.94653	200	-1912.94946	8.7729702	0x7E46	0xC3F4	-4
7623	1026.31812	200	-1921.71399	1026.31812	200	-1921.71399	8.51351166	0x7E40	0xECE6	-4
7623	1026.31812	200	-1921.71399	1026.31812	200	-1921.71399	8.51351166	0x7E40	0xECE6	-4
7624	1026.68359	200	-1930.21912	1026.68359	200	-1930.21912	8.25405312	0x7E3A	0x1475	-4
7624	1026.68359	200	-1930.21912	1026.68359	200	-1930.21912	8.25405312	0x7E3A	0x1475	-4
7625	1027.04272	200	-1938.46497	1027.04272	200	-1938.46497	7.99459362	0x7E34	0x3AA0	-4
7625	1027.04272	200	-1938.46497	1027.04272	200	-1938.46497	7.99459362	0x7E34	0x3AA0	-4
7626	1027.39514	200	-1946.45142	1027.39514	200	-1946.45142	7.73513412	0x7E2E	0x5F68	-4
7626	1027.39514	200	-1946.45142	1027.39514	200	-1946.45142	7.73513412	0x7E2E	0x5F68	-4
7627	1027.7406	200	-1954.17847	1027.7406	200	-1954.17847	7.47567463	0x7E29	0x82CD	-4
7627	1027.7406	200	-1954.17847	1027.7406	200	-1954.17847	7.47567463	0x7E29	0x82CD	-4
7628	1028.078	200	-1961.64624	1028.078	200	-1961.64624	7.21621513	0x7E23	0xA4CE	-4
7628	1028.078	200	-1961.64624	1028.078	200	-1961.64624	7.21621513	0x7E23	0xA4CE	-4
7629	1028.40784	200	-1968.85461	1028.40784	200	-1968.85461	6.95675611	0x7E1E	0xC56C	-4
7629	1028.40784	200	-1968.85461	1028.40784	200	-1968.85461	6.95675611	0x7E1E	0xC56C	-4
7630	1028.72925	200	-1975.80371	1028.72925	200	-1975.80371	6.69729614	0x7E19	0xE4A6	-4
7630	1028.72925	200	-1975.80371	1028.72925	200	-1975.80371	6.69729614	0x7E19	0xE4A6	-4
7631	1029.04187	200	-1982.49353	1029.04187	200	-1982.49353	6.4378376	0x7E14	0x027D	-4
7631	1029.04187	200	-1982.49353	1029.04187	200	-1982.49353	6.4378376	0x7E14	0x027D	-4
7632	1029.34546	200	-1988.92407	1029.34546	200	-1988.92407	6.17837811	0x7E0F	0x1EF0	-4
7632	1029.34546	200	-1988.92407	1029.34546	200	-1988.92407	6.17837811	0x7E0F	0x1EF0	-4
7633	1029.63977	200	-1995.09534	1029.63977	200	-1995.09534	5.91891861	0x7E0A	0x3A00	-4
7633	1029.63977	200	-1995.09534	1029.63977	200	-1995.09534	5.91891861	0x7E0A	0x3A00	-4
7634	1029.92456	200	-2001.00732	1029.92456	200	-2001.00732	5.65945959	0x7E05	0x53AC	-4
7634	1029.92456	200	-2001.00732	1029.92456	200	-2001.00732	5.65945959	0x7E05	0x53AC	-4
7635	1030.19958	200	-2006.66003	1030.19958	200	-2006.66003	5.4000001	0x7E01	0x6BF6	-4
7635	1030.19958	200	-2006.66003	1030.19958	200	-2006.66003	5.4000001	0x7E01	0x6BF6	-4
7636	1030.46399	200	-2012.05359	1030.46399	200	-2012.05359	5.14054108	0x7DFC	0x7DFC	-4
7636	1030.46399	200	-2012.05359	1030.46399	200	-2012.05359	5.14054108	0x7DFC	0x7DFC	-4
7637	1030.71814	200	-2017.18787	1030.71814	200	-2017.18787	5.54054117	0x7DF8	0x7DF8	-4
7637	1030.71814	200	-2017.18787	1030.71814	200	-2017.18787	5.54054117	0x7DF8	0x7DF8	-4
7638	1030.99426	200	-2022.72144	1030.99426	200	-2022.72144	3.54054117	0x7D70	0x7D70	-4
7638	1030.99426	200	-2022.72144	1030.99426	200	-2022.72144	3.54054117	0x7D70	0x7D70	-4
7639	1031.2168	200	-2026.25476	1031.2168	200	-2026.25476	1.54054117	0x7D70	0x7D70	-4
7639	1031.2168	200	-2026.25476	1031.2168	200	-2026.25476	1.54054117	0x7D70	0x7D70	-4
7640	1031.3136	200	-2027.79211	1031.3136	200	-2027.79211	0	0x7D70	0x7D70	-4
7640	1031.3136	200	-2027.79211	1031.3136	200	-2027.79211	0	0x7D70	0x7D70	-4
7641	1031.3136	200	-2027.79211	1031.3136	200	-2027.79211	0	0x7D70	0x7D70	-4
7641	1031.3136	200	-2027.79211	1031.3136	200	-2027.79211	0	0x7D70	0x7D70	-4
7642	1031.3136	200	-2027.79211	1031.3136	200	-2027.79211	0	0x7D70	0x7D70	-4
7642	1031.3136	200	-2027.79211	1031.3136	200	-2027.79211	0	0x7D70	0x7D70	-4
7643	1031.3136	200	-2027.79211	1031.3136	200	-2027.79211	0	0x7D70	0x7D70	-4
7643	1031.3136	200	-2027.79211	1031.3136	200	-2027.79211	0	0x7D70	0x7D70	-4
7644	1031.3136	200	-2027.79211	1031.3136	200	-2027.79211	0	0x7D70	0x7D70	-4
7644	1031.3136	200	-2027.79211	1031.3136	200	-2027.79211	0	0x7D70	0x7D70	-4
7645	1031.3136	200	-2027.79211	1031.3136	200	-2027.79211	0	0x7D70	0x7D70	-4
7645	1031.3136	200	-2027.79211	1031.3136	200	-2027.79211	0	0x7D70	0x7D70	-4
7646	1031.3136	200	-2027.79211	1031.3136	200	-2027.79211	0	0x7D70	0x7D70	-4
7646	1031.3136	200	-2027.79211	1031.3136	200	-2027.79211	0	0x7D70	0x7D70	-4
7647	1031.3136	200	-2027.79211	1031.3136	200	-2027.79211	0	0x7D70	0x7D70	-4
7647	1031.3136	200	-2027.79211	1031.3136	200	-2027.79211	0	0x7D70	0x7D70	-4
7648	1031.3136	200	-2027.79211	1031.3136	200	-2027.79211	0	0x7D70	0x7D70	-4
7648	1031.3136	200	-2027.79211	1031.3136	200	-2027.79211	0	0x7D70	0x7D70	-4
7649	1031.3136	200	-2027.79211	1031.3136	200	-2027.79211	0	0x7D70	0x7D70	-4
7649	1031.3136	200	-2027.79211	1031.3136	200	-2027.79211	0	0x7D70	0x7D70	-4
7650	1031.3136	200	-2027.79211	1031.3136	200	-2027.79211	0	0x7D70	0x7D70	-4
7650	1031.3136	200	-2027.79211	1031.3136	200	-2027.79211	0	0x7D70	0x7D70	-4
7651	1031.3136	200	-2027.79211	1031.3136	200	-2027.79211	0	0x7D70	0x7D70	-4
7651	1031.3136	200	-2027.79211	1031.3136	200	-2027.79211	0	0x7D70	0x7D70	-4
7652	1031.3136	200	-2027.79211	1031.3136	200	-2027.79211	0	0x7D70	0x7D70	-4
7652	1031.3136	200	-2027.79211	1031.3136	200	-2027.79211	0	0x7D70	0x7D70	-4
7653	1031.3136	200	-2027.79211	1031.3136	200	-2027.79211	0	0x7D70	0x7D70	-4
