frame	home x	home y	home z	pos x	pos y	pos z	speedXZ	yaw	shape	velocity.y
7308	1022.00372	200	-1808.63184	1022.00372	200	-1808.63184	0	0x7F3A	0x7F3A	-4
7309	1022.00372	200	-1808.63184	1022.00372	200	-1808.63184	0	0x7F3A	0x7F3A	-4
7309	1022.00372	200	-1808.63184	1022.00372	200	-1808.63184	0	0x7F3A	0x7F3A	-4
7310	1022.00372	200	-1808.63184	1022.00372	200	-1808.63184	0	0x7F3A	0x7F3A	-4
7310	1022.00372	200	-1808.63184	1022.00372	200	-1808.63184	0	0x7F3A	0x7F3A	-4
7311	1022.00372	200	-1808.63184	1022.00372	200	-1808.63184	0	0x7F3A	0x7F3A	-4
7311	1022.00372	200	-1808.63184	1022.00372	200	-1808.63184	0	0x7F3A	0x7F3A	-4
7312	1022.00372	200	-1808.63184	1022.00372	200	-1808.63184	0	0x7F3A	0x7F3A	-4
7312	1022.00372	200	-1808.63184	1022.00372	200	-1808.63184	0	0x7F3A	0x7F3A	-4
7313	1022.00372	200	-1808.63184	1022.00372	200	-1808.63184	0	0x7F3A	0x7F3A	-4
7313	1022.00372	200	-1808.63184	1022.00372	200	-1808.63184	0	0x7F3A	0x7F3A	-4
7314	1022.00372	200	-1808.63184	1022.00372	200	-1808.63184	0	0x7F3A	0x7F3A	-4
7314	1022.00372	200	-1808.63184	1022.00372	200	-1808.63184	0	0x7F3A	0x7F3A	-4
7315	1022.00372	200	-1808.63184	1022.15338	200	-1808.78723	11.666666	0x7F3A	0x7F3A	-4
7315	1022.00372	200	-1808.63184	1022.15338	200	-1808.78723	11.666666	0x7F3A	0x7F3A	-4
7316	1022.37482	200	-1820.45117	1022.58606	200	-1820.87476	8.33333206	0x7F3A	0x7F3A	-4
7316	1022.37482	200	-1820.45117	1022.58606	200	-1820.87476	8.33333206	0x7F3A	0x7F3A	-4
7317	1022.74426	200	-1829.20618	1022.9931	200	-1829.84119	4.99999857	0x7F3A	0x7F3A	-4
7317	1022.74426	200	-1829.20618	1022.9931	200	-1829.84119	4.99999857	0x7F3A	0x7F3A	-4
7318	1023.08801	200	-1834.83997	1023.34119	200	-1835.60498	1.66666508	0x7F3A	0x7F3A	-4
7318	1023.08801	200	-1834.83997	1023.34119	200	-1835.60498	1.66666508	0x7F3A	0x7F3A	-4
7319	1023.3728	200	-1837.27124	1023.59766	200	-1838.10962	0	0x7F3A	0x7F3A	-4
7319	1023.3728	200	-1837.27124	1023.59766	200	-1838.10962	0	0x7F3A	0x7F3A	-4
7320	1023.59766	200	-1838.10962	1023.76996	200	-1838.95239	0	0x7F3A	0x7F3A	-4
7320	1023.59766	200	-1838.10962	1023.76996	200	-1838.95239	0	0x7F3A	0x7F3A	-4
7321	1023.76996	200	-1838.95239	1023.90698	200	-1839.90234	0	0x7F3A	0x7F3A	-4
7321	1023.76996	200	-1838.95239	1023.90698	200	-1839.90234	0	0x7F3A	0x7F3A	-4
7322	1023.90698	200	-1839.90234	1023.93311	200	-1840.12415	0	0x7F3A	0x7F3A	-4
7322	1023.90698	200	-1839.90234	1023.93311	200	-1840.12415	0	0x7F3A	0x7F3A	-4
7323	1023.93311	200	-1840.12415	1023.94366	200	-1840.1167	0	0x7F3A	0x7F3A	-4
7323	1023.93311	200	-1840.12415	1023.94366	200	-1840.1167	0	0x7F3A	0x7F3A	-4
7324	1023.94366	200	-1840.1167	1023.93866	200	-1839.88	0	0x7F3A	0x7F3A	-4
7324	1023.94366	200	-1840.1167	1023.93866	200	-1839.88	0	0x7F3A	0x7F3A	-4
7325	1023.93866	200	-1839.88	1023.84052	200	-1839.44214	0	0x7F3A	0x7F3A	-4
7325	1023.93866	200	-1839.88	1023.84052	200	-1839.44214	0	0x7F3A	0x7F3A	-4
7326	1023.84052	200	-1839.44214	1023.67816	200	-1839.10693	0	0x7F3A	0x7F3A	-4
7326	1023.84052	200	-1839.44214	1023.67816	200	-1839.10693	0	0x7F3A	0x7F3A	-4
7327	1023.67816	200	-1839.10693	1023.45166	200	-1838.87451	0	0x7F3A	0x7F3A	-4
7327	1023.67816	200	-1839.10693	1023.45166	200	-1838.87451	0	0x7F3A	0x7F3A	-4
7328	1023.45166	200	-1838.87451	1023.15546	200	-1838.91211	0	0x7F3A	0x7F3A	-4
7328	1023.45166	200	-1838.87451	1023.15546	200	-1838.91211	0	0x7F3A	0x7F3A	-4
7329	1023.15546	200	-1838.91211	1022.86334	200	-1838.96875	0	0x7F3A	0x7F3A	-4
7329	1023.15546	200	-1838.91211	1022.86334	200	-1838.96875	0	0x7F3A	0x7F3A	-4
7330	1022.86334	200	-1838.96875	1022.57532	200	-1839.04456	0	0x7F3A	0x7F3A	-4
7330	1022.86334	200	-1838.96875	1022.57532	200	-1839.04456	0	0x7F3A	0x7F3A	-4
7331	1022.57532	200	-1839.04456	1022.35217	200	-1839.11914	0	0x7F3A	0x7F3A	-4
7331	1022.57532	200	-1839.04456	1022.35217	200	-1839.11914	0	0x7F3A	0x7F3A	-4
7332	1022.35217	200	-1839.11914	1022.19598	200	-1839.17322	0	0x7F3A	0x7F3A	-4
7332	1022.35217	200	-1839.11914	1022.19598	200	-1839.17322	0	0x7F3A	0x7F3A	-4
7333	1022.19598	200	-1839.17322	1022.10681	200	-1839.20691	0	0x7F3A	0x7F3A	-4
7333	1022.19598	200	-1839.17322	1022.10681	200	-1839.20691	0	0x7F3A	0x7F3A	-4
7334	1022.10681	200	-1839.20691	1022.10681	200	-1839.20691	0	0x7F3A	0x7F3A	-4
7334	1022.10681	200	-1839.20691	1022.10681	200	-1839.20691	0	0x7F3A	0x7F3A	-4
7335	1022.10681	200	-1839.20691	1022.10681	200	-1839.20691	0	0x7F3A	0x7F3A	-4
7335	1022.10681	200	-1839.20691	1022.10681	200	-1839.20691	0	0x7F3A	0x7F3A	-4
7336	1022.10681	200	-1839.20691	1022.10681	200	-1839.20691	0	0x7F3A	0x7F3A	-4
7336	1022.10681	200	-1839.20691	1022.10681	200	-1839.20691	0	0x7F3A	0x7F3A	-4
7337	1022.10681	200	-1839.20691	1022.10681	200	-1839.20691	0	0x7F3A	0x7F3A	-4
7337	1022.10681	200	-1839.20691	1022.10681	200	-1839.20691	0	0x7F3A	0x7F3A	-4
7338	1022.10681	200	-1839.20691	1022.10681	200	-1839.20691	0	0x7F3A	0x7F3A	-4
7338	1022.10681	200	-1839.20691	1022.10681	200	-1839.20691	0	0x7F3A	0x7F3A	-4
7339	1022.10681	200	-1839.20691	1022.10681	200	-1839.20691	0	0x7F3A	0x7F3A	-4
7339	1022.10681	200	-1839.20691	1022.10681	200	-1839.20691	0	0x7F3A	0x7F3A	-4
7340	1022.10681	200	-1839.20691	1022.10681	200	-1839.20691	0	0x7F3A	0x7F3A	-4
7340	1022.10681	200	-1839.20691	1022.10681	200	-1839.20691	0	0x7F3A	0x7F3A	-4
7341	1022.10681	200	-1839.20691	1022.10681	200	-1839.20691	0	0x7F3A	0x7F3A	-4
7341	1022.10681	200	-1839.20691	1022.10681	200	-1839.20691	0	0x7F3A	0x7F3A	-4
7342	1022.10681	200	-1839.20691	1022.10681	200	-1839.20691	0	0x7F3A	0x7F3A	-4
7342	1022.10681	200	-1839.20691	1022.10681	200	-1839.20691	0	0x7F3A	0x7F3A	-4
7343	1022.10681	200	-1839.20691	1022.10681	200	-1839.20691	0	0x7F3A	0x7F3A	-4
7343	1022.10681	200	-1839.20691	1022.10681	200	-1839.20691	0	0x7F3A	0x7F3A	-4
7344	1022.10681	200	-1839.20691	1022.10681	200	-1839.20691	0	0x7F3A	0x7F3A	-4
7344	1022.10681	200	-1839.20691	1022.10681	200	-1839.20691	0	0x7F3A	0x7F3A	-4
7345	1022.10681	200	-1839.20691	1022.10681	200	-1839.20691	0	0x7F3A	0x7F3A	-4
7345	1022.10681	200	-1839.20691	1022.10681	200	-1839.20691	0	0x7F3A	0x7F3A	-4
7346	1022.10681	200	-1839.20691	1022.10681	200	-1839.20691	0	0x7F3A	0x7F3A	-4
7346	1022.10681	200	-1839.20691	1022.10681	200	-1839.20691	0	0x7F3A	0x7F3A	-4
7347	1022.10681	200	-1839.20691	1022.10681	200	-1839.20691	0	0x7F3A	0x7F3A	-4
