frame	home x	home y	home z	pos x	pos y	pos z	speedXZ	yaw	shape	velocity.y
7348	1022.00372	200	-1808.63184	1022.00372	200	-1808.63184	0	0x7F3A	0x7F3A	-4
7349	1022.00372	200	-1808.63184	1022.00372	200	-1808.63184	0	0x7F3A	0x7F3A	-4
7349	1022.00372	200	-1808.63184	1022.00372	200	-1808.63184	0	0x7F3A	0x7F3A	-4
7350	1022.00372	200	-1808.63184	1022.00372	200	-1808.63184	0	0x7F3A	0x7F3A	-4
7350	1022.00372	200	-1808.63184	1022.00372	200	-1808.63184	0	0x7F3A	0x7F3A	-4
7351	1022.00372	200	-1808.63184	1022.00372	200	-1808.63184	0	0x7F3A	0x7F3A	-4
7351	1022.00372	200	-1808.63184	1022.00372	200	-1808.63184	0	0x7F3A	0x7F3A	-4
7352	1022.00372	200	-1808.63184	1022.00372	200	-1808.63184	0	0x7F3A	0x7F3A	-4
7352	1022.00372	200	-1808.63184	1022.00372	200	-1808.63184	0	0x7F3A	0x7F3A	-4
7353	1022.00372	200	-1808.63184	1022.00372	200	-1808.63184	0	0x7F3A	0x7F3A	-4
7353	1022.00372	200	-1808.63184	1022.00372	200	-1808.63184	0	0x7F3A	0x7F3A	-4
7354	1022.00372	200	-1808.63184	1022.00372	200	-1808.63184	0	0x7F3A	0x7F3A	-4
7354	1022.00372	200	-1808.63184	1022.00372	200	-1808.63184	0	0x7F3A	0x7F3A	-4
7355	1022.00372	200	-1808.63184	1022.00372	200	-1808.63184	0	0x7F3A	0x7F3A	-4
7355	1022.00372	200	-1808.63184	1022.00372	200	-1808.63184	0	0x7F3A	0x7F3A	-4
7356	1022.00372	200	-1808.63184	1022.00372	200	-1808.63184	0	0x7F3A	0x7F3A	-4
7356	1022.00372	200	-1808.63184	1022.00372	200	-1808.63184	0	0x7F3A	0x7F3A	-4
7357	1022.00372	200	-1808.63184	1022.00372	200	-1808.63184	0	0x7F3A	0x7F3A	-4
7357	1022.00372	200	-1808.63184	1022.00372	200	-1808.63184	0	0x7F3A	0x7F3A	-4
7358	1022.00372	200	-1808.63184	1022.00372	200	-1808.63184	0	0x7F3A	0x7F3A	-4
7358	1022.00372	200	-1808.63184	1022.00372	200	-1808.63184	0	0x7F3A	0x7F3A	-4
7359	1022.00372	200	-1808.63184	1022.00372	200	-1808.63184	0	0x7F3A	0x7F3A	-4
7359	1022.00372	200	-1808.63184	1022.00372	200	-1808.63184	0	0x7F3A	0x7F3A	-4
7360	1022.00372	200	-1808.63184	1022.00372	200	-1808.63184	0	0x7F3A	0x7F3A	-4
7360	1022.00372	200	-1808.63184	1022.00372	200	-1808.63184	0	0x7F3A	0x7F3A	-4
7361	1022.00372	200	-1808.63184	1021.30731	200	-1813.9834	11.666666	0x7F3A	0x7F3A	-4
7361	1022.00372	200	-1808.63184	1021.30731	200	-1813.9834	11.666666	0x7F3A	0x7F3A	-4
7362	1021.52875	200	-1825.64734	1020.96857	200	-1829.76624	8.33333206	0x7F3A	0x7F3A	-4
7362	1021.52875	200	-1825.64734	1020.96857	200	-1829.76624	8.33333206	0x7F3A	0x7F3A	-4
7363	1021.12677	200	-1838.09766	1020.70282	200	-1840.98389	4.99999857	0x7F3A	0x7F3A	-4
7363	1021.12677	200	-1838.09766	1020.70282	200	-1840.98389	4.99999857	0x7F3A	0x7F3A	-4
7364	1020.79773	200	-1845.98267	1020.79773	200	-1845.98291	1.66666508	0x7F3A	0x7F3A	-4
7364	1020.79773	200	-1845.98267	1020.79773	200	-1845.98291	1.66666508	0x7F3A	0x7F3A	-4
7365	1020.82935	200	-1847.64917	1020.82935	200	-1847.64917	0	0x7F3A	0x7F3A	-4
7365	1020.82935	200	-1847.64917	1020.82935	200	-1847.64917	0	0x7F3A	0x7F3A	-4
7366	1020.82935	200	-1847.64917	1020.82935	200	-1847.64917	0	0x7F3A	0x7F3A	-4
7366	1020.82935	200	-1847.64917	1020.82935	200	-1847.64917	0	0x7F3A	0x7F3A	-4
7367	1020.82935	200	-1847.64917	1020.82935	200	-1847.64917	0	0x7F3A	0x7F3A	-4
7367	1020.82935	200	-1847.64917	1020.82935	200	-1847.64917	0	0x7F3A	0x7F3A	-4
7368	1020.82935	200	-1847.64917	1020.82935	200	-1847.64917	0	0x7F3A	0x7F3A	-4
7368	1020.82935	200	-1847.64917	1020.82935	200	-1847.64917	0	0x7F3A	0x7F3A	-4
7369	1020.82935	200	-1847.64917	1020.82935	200	-1847.64917	0	0x7F3A	0x7F3A	-4
7369	1020.82935	200	-1847.64917	1020.82935	200	-1847.64917	0	0x7F3A	0x7F3A	-4
7370	1020.82935	200	-1847.64917	1020.82935	200	-1847.64917	0	0x7F3A	0x7F3A	-4
7370	1020.82935	200	-1847.64917	1020.82935	200	-1847.64917	0	0x7F3A	0x7F3A	-4
7371	1020.82935	200	-1847.64917	1020.82935	200	-1847.64917	0	0x7F3A	0x7F3A	-4
7371	1020.82935	200	-1847.64917	1020.82935	200	-1847.64917	0	0x7F3A	0x7F3A	-4
7372	1020.82935	200	-1847.64917	1020.82935	200	-1847.64917	0	0x7F3A	0x7F3A	-4
7372	1020.82935	200	-1847.64917	1020.82935	200	-1847.64917	0	0x7F3A	0x7F3A	-4
7373	1020.82935	200	-1847.64917	1020.82935	200	-1847.64917	0	0x7F3A	0x7F3A	-4
7373	1020.82935	200	-1847.64917	1020.82935	200	-1847.64917	0	0x7F3A	0x7F3A	-4
7374	1020.82935	200	-1847.64917	1020.82935	200	-1847.64917	0	0x7F3A	0x7F3A	-4
7374	1020.82935	200	-1847.64917	1020.82935	200	-1847.64917	0	0x7F3A	0x7F3A	-4
7375	1020.82935	200	-1847.64917	1020.82935	200	-1847.64917	0	0x7F3A	0x7F3A	-4
7375	1020.82935	200	-1847.64917	1020.82935	200	-1847.64917	0	0x7F3A	0x7F3A	-4
7376	1020.82935	200	-1847.64917	1020.82935	200	-1847.64917	0	0x7F3A	0x7F3A	-4
7376	1020.82935	200	-1847.64917	1020.82935	200	-1847.64917	0	0x7F3A	0x7F3A	-4
7377	1020.82935	200	-1847.64917	1020.82935	200	-1847.64917	0	0x7F3A	0x7F3A	-4
7377	1020.82935	200	-1847.64917	1020.82935	200	-1847.64917	0	0x7F3A	0x7F3A	-4
7378	1020.82935	200	-1847.64917	1020.82935	200	-1847.64917	0	0x7F3A	0x7F3A	-4
7378	1020.82935	200	-1847.64917	1020.82935	200	-1847.64917	0	0x7F3A	0x7F3A	-4
7379	1020.82935	200	-1847.64917	1020.82935	200	-1847.64917	0	0x7F3A	0x7F3A	-4
7379	1020.82935	200	-1847.64917	1020.82935	200	-1847.64917	0	0x7F3A	0x7F3A	-4
7380	1020.82935	200	-1847.64917	1020.82935	200	-1847.64917	0	0x7F3A	0x7F3A	-4
7380	1020.82935	200	-1847.64917	1020.82935	200	-1847.64917	0	0x7F3A	0x7F3A	-4
7381	1020.82935	200	-1847.64917	1020.82935	200	-1847.64917	0	0x7F3A	0x7F3A	-4
7381	1020.82935	200	-1847.64917	1020.82935	200	-1847.64917	0	0x7F3A	0x7F3A	-4
7382	1020.82935	200	-1847.64917	1020.82935	200	-1847.64917	0	0x7F3A	0x7F3A	-4
7382	1020.82935	200	-1847.64917	1020.82935	200	-1847.64917	0	0x7F3A	0x7F3A	-4
7383	1020.82935	200	-1847.64917	1020.82935	200	-1847.64917	0	0x7F3A	0x7F3A	-4
7383	1020.82935	200	-1847.64917	1020.82935	200	-1847.64917	0	0x7F3A	0x7F3A	-4
7384	1020.82935	200	-1847.64917	1020.82935	200	-1847.64917	0	0x7F3A	0x7F3A	-4
7384	1020.82935	200	-1847.64917	1020.82935	200	-1847.64917	0	0x7F3A	0x7F3A	-4
7385	1020.82935	200	-1847.64917	1020.82935	200	-1847.64917	0	0x7F3A	0x7F3A	-4
7385	1020.82935	200	-1847.64917	1020.82935	200	-1847.64917	0	0x7F3A	0x7F3A	-4
7386	1020.82935	200	-1847.64917	1020.82935	200	-1847.64917	0	0x7F3A	0x7F3A	-4
7386	1020.82935	200	-1847.64917	1020.82935	200	-1847.64917	0	0x7F3A	0x7F3A	-4
7387	1020.82935	200	-1847.64917	1020.82935	200	-1847.64917	0	0x7F3A	0x7F3A	-4
7387	1020.82935	200	-1847.64917	1020.82935	200	-1847.64917	0	0x7F3A	0x7F3A	-4
7388	1020.82935	200	-1847.64917	1020.82935	200	-1847.64917	0	0x7F3A	0x7F3A	-4
7388	1020.82935	200	-1847.64917	1020.82935	200	-1847.64917	0	0x7F3A	0x7F3A	-4
7389	1020.82935	200	-1847.64917	1020.82935	200	-1847.64917	0	0x7F3A	0x7F3A	-4
7389	1020.82935	200	-1847.64917	1020.82935	200	-1847.64917	0	0x7F3A	0x7F3A	-4
7390	1020.82935	200	-1847.64917	1020.82935	200	-1847.64917	0	0x7F3A	0x7F3A	-4
7390	1020.82935	200	-1847.64917	1020.82935	200	-1847.64917	0	0x7F3A	0x7F3A	-4
7391	1020.82935	200	-1847.64917	1020.82935	200	-1847.64917	0	0x7F3A	0x7F3A	-4
7391	1020.82935	200	-1847.64917	1020.82935	200	-1847.64917	0	0x7F3A	0x7F3A	-4
7392	1020.82935	200	-1847.64917	1020.82935	200	-1847.64917	0	0x7F3A	0x7F3A	-4
7392	1020.82935	200	-1847.64917	1020.82935	200	-1847.64917	0	0x7F3A	0x7F3A	-4
7393	1020.82935	200	-1847.64917	1020.82935	200	-1847.64917	0	0x7F3A	0x7F3A	-4
7393	1020.82935	200	-1847.64917	1020.82935	200	-1847.64917	0	0x7F3A	0x7F3A	-4
7394	1020.82935	200	-1847.64917	1020.82935	200	-1847.64917	0	0x7F3A	0x7F3A	-4
7394	1020.82935	200	-1847.64917	1020.82935	200	-1847.64917	0	0x7F3A	0x7F3A	-4
7395	1020.82935	200	-1847.64917	1020.82935	200	-1847.64917	0	0x7F3A	0x7F3A	-4
7395	1020.82935	200	-1847.64917	1020.82935	200	-1847.64917	0	0x7F3A	0x7F3A	-4
7396	1020.82935	200	-1847.64917	1020.82935	200	-1847.64917	0	0x7F3A	0x7F3A	-4
7396	1020.82935	200	-1847.64917	1020.82935	200	-1847.64917	0	0x7F3A	0x7F3A	-4
7397	1020.82935	200	-1847.64917	1020.82935	200	-1847.64917	0	0x7F3A	0x7F3A	-4
7397	1020.82935	200	-1847.64917	1020.82935	200	-1847.64917	0	0x7F3A	0x7F3A	-4
7398	1020.82935	200	-1847.64917	1020.82935	200	-1847.64917	0	0x7F3A	0x7F3A	-4
7398	1020.82935	200	-1847.64917	1020.82935	200	-1847.64917	0	0x7F3A	0x7F3A	-4
7399	1020.82935	200	-1847.64917	1020.82935	200	-1847.64917	0	0x7F3A	0x7F3A	-4
7399	1020.82935	200	-1847.64917	1020.82935	200	-1847.64917	0	0x7F3A	0x7F3A	-4
7400	1020.82935	200	-1847.64917	1020.82935	200	-1847.64917	0	0x7F3A	0x7F3A	-4
7400	1020.82935	200	-1847.64917	1020.82935	200	-1847.64917	0	0x7F3A	0x7F3A	-4
7401	1020.82935	200	-1847.64917	1020.82935	200	-1847.64917	0	0x7F3A	0x7F3A	-4
7401	1020.82935	200	-1847.64917	1020.82935	200	-1847.64917	0	0x7F3A	0x7F3A	-4
7402	1020.82935	200	-1847.64917	1020.82935	200	-1847.64917	0	0x7F3A	0x7F3A	-4
7402	1020.82935	200	-1847.64917	1020.82935	200	-1847.64917	0	0x7F3A	0x7F3A	-4
7403	1020.82935	200	-1847.64917	1020.82935	200	-1847.64917	0	0x7F3A	0x7F3A	-4
7403	1020.82935	200	-1847.64917	1020.82935	200	-1847.64917	0	0x7F3A	0x7F3A	-4
7404	1020.82935	200	-1847.64917	1020.82935	200	-1847.64917	0	0x7F3A	0x7F3A	-4
