frame	home x	home y	home z	pos x	pos y	pos z	speedXZ	yaw	shape	velocity.y
6500	1022.00372	200	-1808.63184	1022.00372	200	-1808.63184	0	0x7F3A	0x7F3A	-4
6501	1022.00372	200	-1808.63184	1022.00372	200	-1808.63184	0	0x7F3A	0x7F3A	-4
6501	1022.00372	200	-1808.63184	1022.00372	200	-1808.63184	0	0x7F3A	0x7F3A	-4
6502	1022.00372	200	-1808.63184	1022.00372	200	-1808.63184	0	0x7F3A	0x7F3A	-4
6502	1022.00372	200	-1808.63184	1022.00372	200	-1808.63184	0	0x7F3A	0x7F3A	-4
6503	1022.00372	200	-1808.63184	1022.00372	200	-1808.63184	0	0x7F3A	0x7F3A	-4
6503	1022.00372	200	-1808.63184	1022.00372	200	-1808.63184	0	0x7F3A	0x7F3A	-4
6504	1022.00372	200	-1808.63184	1022.00372	200	-1808.63184	0	0x7F3A	0x7F3A	-4
6504	1022.00372	200	-1808.63184	1022.00372	200	-1808.63184	0	0x7F3A	0x7F3A	-4
6505	1022.00372	200	-1808.63184	1022.00372	200	-1808.63184	0	0x7F3A	0x7F3A	-4
6505	1022.00372	200	-1808.63184	1022.00372	200	-1808.63184	0	0x7F3A	0x7F3A	-4
6506	1022.00372	200	-1808.63184	1022.15338	200	-1808.78723	11.666666	0x7F3A	0x7F3A	-4
6506	1022.00372	200	-1808.63184	1022.15338	200	-1808.78723	11.666666	0x7F3A	0x7F3A	-4
6507	1022.37482	200	-1820.45117	1022.58606	200	-1820.87476	8.33333206	0x7F3A	0x7F3A	-4
6507	1022.37482	200	-1820.45117	1022.58606	200	-1820.87476	8.33333206	0x7F3A	0x7F3A	-4
6508	1022.74426	200	-1829.20618	1022.9931	200	-1829.84119	4.99999857	0x7F3A	0x7F3A	-4
6508	1022.74426	200	-1829.20618	1022.9931	200	-1829.84119	4.99999857	0x7F3A	0x7F3A	-4
6509	1023.08801	200	-1834.83997	1023.34119	200	-1835.60498	1.66666508	0x7F3A	0x7F3A	-4
6509	1023.08801	200	-1834.83997	1023.34119	200	-1835.60498	1.66666508	0x7F3A	0x7F3A	-4
6510	1023.3728	200	-1837.27124	1023.59766	200	-1838.10962	0	0x7F3A	0x7F3A	-4
6510	1023.3728	200	-1837.27124	1023.59766	200	-1838.10962	0	0x7F3A	0x7F3A	-4
6511	1023.59766	200	-1838.10962	1023.76996	200	-1838.95239	0	0x7F3A	0x7F3A	-4
6511	1023.59766	200	-1838.10962	1023.76996	200	-1838.95239	0	0x7F3A	0x7F3A	-4
6512	1023.76996	200	-1838.95239	1023.90698	200	-1839.90234	0	0x7F3A	0x7F3A	-4
6512	1023.76996	200	-1838.95239	1023.90698	200	-1839.90234	0	0x7F3A	0x7F3A	-4
6513	1023.90698	200	-1839.90234	1023.93311	200	-1840.12415	0	0x7F3A	0x7F3A	-4
6513	1023.90698	200	-1839.90234	1023.93311	200	-1840.12415	0	0x7F3A	0x7F3A	-4
6514	1023.93311	200	-1840.12415	1023.94366	200	-1840.1167	0	0x7F3A	0x7F3A	-4
6514	1023.93311	200	-1840.12415	1023.94366	200	-1840.1167	0	0x7F3A	0x7F3A	-4
6515	1023.94366	200	-1840.1167	1023.93866	200	-1839.88	0	0x7F3A	0x7F3A	-4
6515	1023.94366	200	-1840.1167	1023.93866	200	-1839.88	0	0x7F3A	0x7F3A	-4
6516	1023.93866	200	-1839.88	1023.84052	200	-1839.44214	0	0x7F3A	0x7F3A	-4
6516	1023.93866	200	-1839.88	1023.84052	200	-1839.44214	0	0x7F3A	0x7F3A	-4
6517	1023.84052	200	-1839.44214	1023.67816	200	-1839.10693	0	0x7F3A	0x7F3A	-4
6517	1023.84052	200	-1839.44214	1023.67816	200	-1839.10693	0	0x7F3A	0x7F3A	-4
6518	1023.67816	200	-1839.10693	1023.45166	200	-1838.87451	0	0x7F3A	0x7F3A	-4
6518	1023.67816	200	-1839.10693	1023.45166	200	-1838.87451	0	0x7F3A	0x7F3A	-4
6519	1023.45166	200	-1838.87451	1023.15546	200	-1838.91211	0	0x7F3A	0x7F3A	-4
6519	1023.45166	200	-1838.87451	1023.15546	200	-1838.91211	0	0x7F3A	0x7F3A	-4
6520	1023.15546	200	-1838.91211	1022.86334	200	-1838.96875	0	0x7F3A	0x7F3A	-4
6520	1023.15546	200	-1838.91211	1022.86334	200	-1838.96875	0	0x7F3A	0x7F3A	-4
6521	1022.86334	200	-1838.96875	1022.57532	200	-1839.04456	0	0x7F3A	0x7F3A	-4
6521	1022.86334	200	-1838.96875	1022.57532	200	-1839.04456	0	0x7F3A	0x7F3A	-4
6522	1022.57532	200	-1839.04456	1022.35217	200	-1839.11914	0	0x7F3A	0x7F3A	-4
6522	1022.57532	200	-1839.04456	1022.35217	200	-1839.11914	0	0x7F3A	0x7F3A	-4
6523	1022.35217	200	-1839.11914	1022.19598	200	-1839.17322	0	0x7F3A	0x7F3A	-4
6523	1022.35217	200	-1839.11914	1022.19598	200	-1839.17322	0	0x7F3A	0x7F3A	-4
6524	1022.19598	200	-1839.17322	1022.10681	200	-1839.20691	0	0x7F3A	0x7F3A	-4
6524	1022.19598	200	-1839.17322	1022.10681	200	-1839.20691	0	0x7F3A	0x7F3A	-4
6525	1022.10681	200	-1839.20691	1022.10681	200	-1839.20691	0	0x7F3A	0x7F3A	-4
6525	1022.10681	200	-1839.20691	1022.10681	200	-1839.20691	0	0x7F3A	0x7F3A	-4
6526	1022.10681	200	-1839.20691	1022.10681	200	-1839.20691	0	0x7F3A	0x7F3A	-4
6526	1022.10681	200	-1839.20691	1022.10681	200	-1839.20691	0	0x7F3A	0x7F3A	-4
6527	1022.10681	200	-1839.20691	1022.10681	200	-1839.20691	0	0x7F3A	0x7F3A	-4
6527	1022.10681	200	-1839.20691	1022.10681	200	-1839.20691	0	0x7F3A	0x7F3A	-4
6528	1022.10681	200	-1839.20691	1022.10681	200	-1839.20691	0	0x7F3A	0x7F3A	-4
6528	1022.10681	200	-1839.20691	1022.10681	200	-1839.20691	0	0x7F3A	0x7F3A	-4
6529	1022.10681	200	-1839.20691	1022.10681	200	-1839.20691	0	0x7F3A	0x7F3A	-4
6529	1022.10681	200	-1839.20691	1022.10681	200	-1839.20691	0	0x7F3A	0x7F3A	-4
6530	1022.10681	200	-1839.20691	1022.10681	200	-1839.20691	0	0x7F3A	0x7F3A	-4
6530	1022.10681	200	-1839.20691	1022.10681	200	-1839.20691	0	0x7F3A	0x7F3A	-4
6531	1022.10681	200	-1839.20691	1022.10681	200	-1839.20691	0	0x7F3A	0x7F3A	-4
6531	1022.10681	200	-1839.20691	1022.10681	200	-1839.20691	0	0x7F3A	0x7F3A	-4
6532	1022.10681	200	-1839.20691	1022.10681	200	-1839.20691	0	0x7F3A	0x7F3A	-4
6532	1022.10681	200	-1839.20691	1022.10681	200	-1839.20691	0	0x7F3A	0x7F3A	-4
6533	1022.10681	200	-1839.20691	1022.10681	200	-1839.20691	0	0x7F3A	0x7F3A	-4
6533	1022.10681	200	-1839.20691	1022.10681	200	-1839.20691	0	0x7F3A	0x7F3A	-4
6534	1022.10681	200	-1839.20691	1022.10681	200	-1839.20691	0	0x7F3A	0x7F3A	-4
6534	1022.10681	200	-1839.20691	1022.10681	200	-1839.20691	0	0x7F3A	0x7F3A	-4
6535	1022.10681	200	-1839.20691	1022.10681	200	-1839.20691	0	0x7F3A	0x7F3A	-4
6535	1022.10681	200	-1839.20691	1022.10681	200	-1839.20691	0	0x7F3A	0x7F3A	-4
6536	1022.10681	200	-1839.20691	1022.10681	200	-1839.20691	0	0x7F3A	0x7F3A	-4
6536	1022.10681	200	-1839.20691	1022.10681	200	-1839.20691	0	0x7F3A	0x7F3A	-4
6537	1022.10681	200	-1839.20691	1022.10681	200	-1839.20691	0	0x7F3A	0x7F3A	-4
6537	1022.10681	200	-1839.20691	1022.10681	200	-1839.20691	0	0x7F3A	0x7F3A	-4
6538	1022.10681	200	-1839.20691	1022.10681	200	-1839.20691	0	0x7F3A	0x7F3A	-4
